,0,1,2,3,4,5,6,7,8,9,10,11,12,13,14,15,16,17,18,19,20,21,22,23,24,25,26,27,28,29,30,31,32,33,34,35,36,37,38,39,40,41,42,43,44,45,46,47,48,49,50,51,52,53,54,55,56,57,58,59,60,61,62,63,64,65,66,67,68,69,70,71,72,73,74,75,76,77,78,79,80,81,82,83,84,85,86,87,88,89,90,91,92,93,94
0,1.0316220366566215e-16,-3.739079804218147e-16,2.9581086634576994e-16,-1.4027496853135875e-16,-2.1474739192920166e-16,-5.295674308039044e-16,-1.0875998638944458e-16,6.795930003105961e-17,2.8989487798217444e-12,-2.3225356142713697e-16,0.30491199273379443,-3.1127602310783964e-16,0.07893928510256153,-1.744779195434421e-11,0.005569206120065219,-2.1661445092694893e-16,-3.3614817423608863e-16,-6.531655612669665e-14,-2.1937770185727182e-10,3.0050040674659353e-13,4.3451883005903083e-16,-4.1950759798374965e-11,-4.731919946725327e-13,-3.954741075880962e-17,3.775310963227595e-11,5.861499354187658e-16,-3.0615884565024066e-11,-0.01486369902621248,-0.22464007350085688,-5.614087987997565e-16,4.364440727826762e-15,-6.3246059644295494e-15,-2.073469793336579e-15,-3.5364113595475823e-15,-8.156635847814101e-15,-4.5377978290930016e-13,0.10785065223609581,3.938351403674347e-06,0.6982064866929916,4.0742255576994566e-14,0.11258498475566052,-1.9818906142524373e-14,-3.327300377184303e-12,-8.50648100283136e-12,4.499559080870604e-06,1.0194418431008992e-06,-1.901882073872121e-12,0.007275337838359465,-0.00050201858833899,-6.299263461889325e-08,6.0473592591034154e-05,-4.1855120885722704e-08,-5.8858256723185554e-05,-1.8545515232724637e-07,-6.344497981652774e-08,1.1980476033734195e-08,1.1968580544337979e-08,-5.147838798649923e-08,-0.005626340885148609,1.831495292393259e-05,4.025741138377841e-07,-1.1908601704092357e-08,3.7909896416247806e-06,0.06797483502879709,-0.0009318291777341881,-0.009144273404454308,0.006453564790805359,0.0009032692785703073,-0.00018553559269484935,-0.004769502590524586,3.897601219666302e-05,0.005769417633683406,-0.0011401990860898051,0.0041169856239208075,-0.00011614748547509584,-9.038623386645685e-05,-0.000612475349408235,-0.0006394384155779572,0.0019480952637599852,-0.0016534799745406422,0.0014475224755819472,0.0020637551232030272,0.004456714537046743,0.0005420361108473113,-0.0005020890878033627,-0.0014448189376164498,-0.0023455355724905044,-7.953377120140521e-05,0.0003518292307546638,-0.0008604941804348823,4.993960438242543e-05,0.5773502691896255,1.3826121099539248e-05,0.00033678263291442556,-0.00013031675434938404
1,-6.276071899454247e-17,-4.4286604101630474e-17,1.0596644980164669e-16,-1.2034657438351494e-16,-5.14758704709719e-17,1.9505564585049772e-16,2.348826743032019e-16,-3.867282925628345e-16,-7.163838722358074e-13,4.275288444305201e-17,-0.0870447665618958,7.810405150733452e-16,-0.309760081316823,-1.7898283133366432e-11,0.03337200712099667,2.2060163391603385e-16,4.493409179129977e-16,-1.3665607982712877e-14,5.840300806309202e-11,1.861584060918316e-12,3.986812806475826e-16,7.958731257387384e-12,1.34366991422613e-13,4.975521163067589e-17,7.263784852153113e-11,-2.5090488250383145e-16,6.723415869961117e-12,-0.013570428753646852,0.07354106568879612,4.0700213786194503e-16,-4.139081136383198e-15,7.838506364444126e-15,3.962513061506119e-16,2.6469376674077493e-14,3.753071491581679e-15,1.5400172682208127e-13,-0.5037129463781601,-2.511374490489152e-06,-0.2197416322510728,-1.4069010907476828e-14,-0.5017190316759309,-6.093764788715333e-13,-1.526690026205933e-12,-1.9844279827303385e-11,-2.966703966580706e-06,-6.728082897179741e-07,6.618848029492471e-12,-0.004783087804991755,0.0003471098551343742,3.672784324854284e-08,-2.9630989213602127e-05,2.4456956177731988e-08,2.9953611739791326e-05,1.7345000732543115e-07,6.43109933190325e-08,5.469463885484377e-09,-1.1688527738828673e-08,-9.430761526346325e-08,-0.009720148689487933,-2.7877947336581957e-05,-4.256370219733407e-07,1.5652704575431396e-08,3.303733830237061e-07,-0.02129554864850577,0.0008679856155765902,0.04010486865841174,-0.019974244971531094,-0.004306040705215829,0.0008736792124929089,0.007201434250099821,-0.0001325563499782452,-0.0005662494568659374,0.0004041067063947996,0.0023940259551086967,0.0001412787808317428,7.771433490149405e-05,-0.00016760909572492426,0.0004935569903594751,0.00022588839468178307,0.0007737070472587349,0.0006486019324133234,0.0008783070140092815,-0.0004235453309243503,3.622275967490856e-05,0.004292711323162257,0.0018746488651484687,0.00352647627328676,0.00011996091889506042,-0.0005594792738620715,0.00014499846057619654,-0.0018077323222061763,0.5773502691896298,-0.0002465144030643851,-0.0005855622838612892,0.00032223603383095534
2,-2.455686860668948e-16,7.059055820044302e-17,7.974707939073717e-17,1.4889346901688883e-16,4.1126324221269465e-16,2.620594390749153e-16,-1.170706901875421e-16,4.683750075512101e-16,-2.1825364379042907e-12,4.6639738749305515e-17,-0.2178672261718984,-3.6702916254693853e-16,0.23082079621426088,3.5345303533115555e-11,-0.038941213241061756,-1.874309035986077e-17,4.2090940680490566e-17,7.853484944513695e-14,1.6097208390271015e-10,-2.1625472051521267e-12,-7.218823741452065e-16,3.398821004416761e-11,3.3984791872207556e-13,-1.6159752642347424e-16,-1.1038930467591282e-10,-3.020376912577674e-16,2.3892469046904102e-11,0.028434127779865887,0.15109900781205732,7.058023441964087e-16,-5.38194367281917e-16,-2.161605563129638e-15,1.9250486150324492e-15,-2.2720960048112217e-14,4.66629506298484e-15,2.989425270972376e-13,0.3958622941420385,-1.4269769112120795e-06,-0.4784648544419158,-2.6354198443278633e-14,0.3891340469202997,6.292491775353747e-13,4.853908105162107e-12,2.8350947016240924e-11,-1.5328551146600926e-06,-3.4663355327116494e-07,-4.7169548742147705e-12,-0.002492250033365076,0.00015490873320848087,2.626479157798948e-08,-3.084260337912827e-05,1.739816489643201e-08,2.8904644982028408e-05,1.2005144981200237e-08,-8.660135233229749e-10,-1.7449939124997272e-08,-2.80051460902836e-10,1.457860033225219e-07,0.015346489574661351,9.562994411309306e-06,2.306290773692815e-08,-3.744102526182973e-09,-4.121363025706634e-06,-0.04667928638048262,6.384356215985914e-05,-0.030960595253891412,0.013520680180677641,0.003402771426639386,-0.0006881436197968906,-0.002431931659555718,9.358033778148118e-05,-0.005203168176788322,0.0007360923796821018,-0.00651101157899326,-2.5131295357010714e-05,1.2671898965328553e-05,0.00078008444512798,0.0001458814252103159,-0.002173983658414726,0.0008797729272710849,-0.0020961244079752603,-0.002942062137211835,-0.004033169206137875,-0.0005782588704560773,-0.0037906222353654927,-0.0004298299275502663,-0.0011809407007307272,-4.042714769213042e-05,0.00020765004317215867,0.000715495719886816,0.0017577927178241278,0.5773502691896221,0.00023268828196662086,0.00024877965093044894,-0.00019191927951742527
3,-2.264454464598161e-16,2.2180885064815845e-16,1.7406026512672322e-16,1.6910665221804355e-16,-8.717991829336006e-18,2.236373383334844e-16,3.8270178797605934e-17,3.607826788225249e-16,-7.766335343045896e-12,-2.9365375868050995e-16,-0.6953728525247026,-7.881806326855093e-16,0.14037076610311974,-2.4182986649505224e-10,-0.6187814702223616,1.938119912281755e-16,-7.275202165412315e-16,-1.6143555113701327e-13,1.4287299615632498e-10,-2.328596470910542e-11,-1.770508733129675e-16,-1.4006554397751452e-10,-3.468848128865768e-12,1.0035650054798624e-16,9.81361559688412e-10,9.748779632981434e-17,-3.7249432244477044e-10,-0.08290386982347611,-0.02036579243754339,7.255566890327306e-16,-2.3447820251126465e-14,4.6925548329499736e-14,4.2167986672148915e-16,1.129251779652565e-13,2.6587841875319254e-15,-8.202766127858575e-15,-0.05884905465678203,2.77735867809538e-07,0.30054393175559596,6.310617626645942e-15,-0.0824685233960923,-1.804058517663451e-13,-2.0565282097731923e-12,-9.476404125632407e-12,1.009941677083238e-06,2.2924881286935552e-07,7.790526217900307e-13,0.0014979646607102693,-0.00011374179107643535,-1.1321011669573196e-08,1.812720717843614e-06,-1.2880614564922984e-08,-6.066125461981049e-05,-1.048070344732978e-07,-5.224884571341063e-08,3.1747415533928684e-08,1.5893597355357288e-08,2.7140880139974652e-08,0.03053375201430882,8.480954614072243e-05,1.3251888014331514e-06,-4.085687411418577e-08,-5.783559337500338e-07,0.06715333267652816,-0.00039237753436780436,0.017217596019677033,-0.003742294893383198,-0.0010254486317053104,0.00018273180487434049,-0.006104014550198585,1.627394104632961e-06,0.008248437195217256,-0.001476935948079231,0.006070512768186336,-0.0001811424860315438,-0.00014014123714828933,-0.0008821390980466657,-0.0016114508764726364,0.0034520667709569144,-0.004047648128804435,0.0011107309268247236,0.0025938704874519224,0.005132700694552424,0.0006433919340006095,0.0010977447917071455,-0.0036458500568599364,0.00012058040822972483,1.292373821610181e-05,-1.9932543657892374e-05,-0.0009064087380948486,-0.0009587541779880514,1.6664785050755617e-15,0.0002125468220080508,0.00046003666617758877,0.0005216883957919174
4,1.9532520533975843e-16,-4.522776440345024e-16,-1.9084993930802452e-16,1.5465954623668989e-16,-2.4626229716548236e-16,-1.670994094176835e-16,5.4122227599794514e-17,-2.1625327441458878e-16,1.365018842865918e-11,3.9507839729867316e-17,0.5640292002096923,-8.749599107895451e-16,0.4559970069698487,-3.3605390809847663e-10,-0.5986462170243259,2.2374262866036384e-16,-7.068605635967731e-16,-4.920979582870224e-13,-7.999183743729229e-10,-2.2173444400190863e-11,-3.2812397339460615e-16,-2.528508642780331e-10,-4.82579840381405e-12,1.065387244857338e-16,1.0434383228856775e-09,-1.0185527053849411e-16,-4.1198762132279527e-10,-0.08728169800822548,0.02826043561154325,8.546262716976081e-16,-1.9516522702867547e-14,4.25049762425909e-14,-8.551155095868067e-16,1.1218582900873018e-13,1.2515204718977114e-15,3.377076315049379e-14,-0.12798606896976308,-1.7101985896229542e-06,-0.23153083392015741,-6.4887098405318134e-15,-0.17804218253213938,-1.6828003680791899e-13,6.295090949033708e-13,-2.4171467640402158e-12,-3.724468781975761e-06,-8.406259501921699e-07,2.4336884477824187e-12,-0.007458182740691041,0.0005168830033286135,5.9561675157293886e-08,-7.55062646945303e-05,3.624693757099729e-08,1.8376236985117448e-05,1.341884459460045e-07,3.424211369391168e-08,1.463721448652539e-08,-1.6921980638143656e-09,1.0702706386020813e-07,0.039732332175472666,5.535548440423884e-05,6.814377186728899e-07,-2.1984824125257076e-08,-6.849506896380161e-06,-0.049142893726629444,0.0012349808795841604,0.03334742534931688,-0.015145015864779166,-0.002626454318657878,0.0005117999838547446,0.002429561742886742,-6.77530098606322e-05,-0.0022241001248469432,0.0006187710043337818,-0.001443855531740642,2.8068122821451658e-05,2.258349309261294e-05,0.00023416186433122412,-0.00043102816422283246,-0.00016796235790084542,-0.0009460212030643693,-0.0015897745697948736,-0.0012872935621650698,-0.003255563436587869,-0.00039193575066110873,0.0020262639390856963,-0.0009552284469189525,0.0045635239951672575,0.0001636530845440717,-0.0006922109270725205,0.0007331083501754462,-0.0010528826712194296,7.721301907083478e-16,0.0001861231384124467,-0.00018204604991536706,0.00077020538566835
5,4.006505056358139e-16,2.934268606388233e-16,-2.8796065127755356e-16,1.750235805062959e-16,-4.043780589748648e-18,1.778053481821948e-16,7.326697413128958e-16,-2.674396623468134e-16,8.360541644570689e-12,-2.6054497101084107e-16,0.20450133544792262,8.75858127566645e-16,-0.7825296646306518,-4.327323629553954e-10,-0.47799099281080304,7.595185512685655e-16,2.6906755355711547e-16,-5.589745387595563e-13,-5.48924687798128e-10,-1.5294200337138326e-11,-5.539842540617852e-16,-2.314493562821014e-10,-4.440227941052718e-12,1.0647731500049748e-16,1.1628765336793075e-09,-1.1829039846116977e-17,-4.033173890257879e-10,-0.09127861730619093,0.012341527754068942,8.537609735947435e-16,-2.2671215425655462e-14,4.8395831564666264e-14,-3.018929504044123e-16,1.1829540488364625e-13,1.4405976903044037e-15,1.8767309133418382e-14,0.19491609676906096,-4.4254941485421075e-07,-0.06407467343247608,-1.570687383659431e-15,0.24786828696373278,2.0748506608429745e-13,1.8618432655940367e-12,1.4050781936370046e-11,-6.029197516246427e-07,-1.3453308734718912e-07,-3.324877228458666e-12,-0.0015700658769587583,8.085117878185116e-05,1.8233538642708832e-08,-3.7621331376658174e-05,7.54052457040368e-09,-2.1846808483805793e-05,-8.933604135297694e-08,-5.3429433011935876e-08,6.825869898866877e-09,1.5482108563828994e-08,2.5337732409046766e-07,0.055623933613033624,0.00010018872996697972,1.362068400402606e-06,-4.6790307224925026e-08,-7.396018904333001e-06,-0.012708940691698747,-0.0002808803194914001,-0.03739462906375283,0.020147221744491295,0.005005816390464331,-0.001037768070940281,-0.01045521762903616,0.00016820784378535514,-0.0011962548645274814,-0.00012398457620703299,-0.005813458534897102,-0.0002264102211130652,-0.00011732768189169283,0.0005396471300494307,-0.0013421493402777842,-0.0005877172763583634,-0.0023973545408602476,-0.00279980972512741,-0.002939065891631097,-0.002458381997722839,-0.00046112380868163237,-0.005912296676087861,-0.004446303083565161,-0.0021163726247777526,-6.369223828688782e-05,0.0003768469821190033,0.00045683982997843863,0.0023544154393612383,-2.843658174811081e-15,0.0006572472188202329,0.0009343399655973244,0.00015569400094689477
6,-6.331327129766294e-17,-1.2310722629021376e-16,-1.9559412302977905e-16,-5.677683623753283e-17,1.113557872726017e-16,-1.4287208085226273e-16,2.9762036594993144e-16,-1.9611823051371998e-17,6.730807105518145e-11,-5.3894633318131716e-17,0.06454063003653665,2.27346469457118e-16,0.0010952073710903585,7.826839828022868e-10,0.09112916083267417,-3.981124117636325e-16,-3.658983877420317e-16,4.824083106892871e-13,2.8940874977418156e-10,5.543542502900717e-12,-1.7794691143430927e-16,-1.3917544676770048e-11,-1.805701485684646e-12,4.004869777070044e-16,2.6564762431010076e-09,-2.6457296564687263e-16,-1.2807958425049302e-09,-0.3453224019851272,0.6473729047342164,4.526666343196039e-15,-1.180957138583533e-13,2.3350098737527483e-13,1.1186674024134994e-14,5.753583513673791e-13,4.49975546804594e-14,1.5469721478799814e-12,0.19740215296344246,-8.042689074126899e-06,0.12406880255939307,-9.400961315804596e-14,-0.1639256347244613,5.2209474787033044e-14,-9.942387283283721e-13,-7.475658315024082e-12,-2.0965626392708024e-06,-4.731776686261229e-07,1.4757914035827716e-12,-0.003339777579959387,0.00011760195129885447,5.3593169519246833e-08,-0.00012250398063118977,-1.0046979061222422e-08,-0.00038206901460049336,-5.237346050867329e-07,-3.259879194721848e-07,2.4079560804739063e-07,1.1513584408282292e-07,3.748347200278616e-07,0.2850937930236098,0.0007216646445262374,1.101858605470345e-05,-3.4027181197698423e-07,-1.2527102417229983e-05,0.4848595495792249,-0.0018097072620939475,0.18297830093005507,-0.05010969590048169,-0.012047798612349274,0.0022178017076599833,-0.04634539150482328,-8.620192546427146e-05,0.06716291764735069,-0.011843068330099685,0.05091966265985847,-0.0014413005875506184,-0.0011244066201089235,-0.00729827958777269,-0.013842672978056242,0.02948986939218901,-0.03517316875071816,0.00860387377960403,0.021870162825240756,0.04162846706373574,0.00535911887577859,0.01292321087749827,-0.031067426330529772,0.006383562132969698,0.0002999121722471709,-0.0010028147889917783,-0.00728484284265821,-0.010050618183056673,1.1348840422869637e-14,0.001836913757960759,0.003529826278721489,0.005288422264592056
7,-3.8767075850461013e-16,-1.901536474124192e-16,2.3837787217081715e-16,-8.806175136282556e-17,2.1747677412279367e-16,-2.4687488640732245e-16,1.0798127992471084e-16,1.6195641896493965e-16,-9.58172613081428e-11,-9.220318401192043e-17,-0.05981675808255581,-1.1794063526769692e-16,-0.020125146133154186,9.861498799247835e-10,0.09265679508788292,-2.701977939937999e-16,1.4168612004201959e-16,1.1741070345237147e-12,7.444757768394377e-10,5.855562797614635e-12,-8.699101286348035e-17,-4.362095847212253e-10,-6.22974908340395e-12,2.113177992795534e-16,2.9663932828869326e-09,2.386674976223281e-16,-1.616153716001948e-09,-0.4428080378365683,-0.42069698476143685,1.775594963618005e-15,-6.254851352399976e-14,1.579145760908727e-13,-9.440144532001963e-15,5.125771826810743e-13,-1.8926467998402086e-14,-1.0515516122620368e-12,0.37348966259202493,1.240409419756432e-06,-0.08132279833627348,6.549826716031498e-14,-0.31708244729189683,1.49133248980859e-13,1.545355628673826e-12,5.58634679064825e-13,-1.7970914876152675e-05,-4.036991824065848e-06,4.5756398186474625e-12,-0.04497559503109363,0.003163234798118083,3.2887699149065644e-07,-0.0004971601412111971,1.9879562510482005e-07,4.3967529813902014e-05,7.195544659996107e-07,1.7001446476087884e-07,1.4564982722655401e-07,2.877168646033245e-09,7.590279202380584e-07,0.32662507121835904,0.0004892273422047443,6.277984857605325e-06,-1.9914856714785976e-07,-5.262773189695266e-05,-0.3361868764209127,0.01051975603843748,0.3418144252758374,-0.15388312992588046,-0.02849205791091317,0.005592529287858106,0.02446398051471242,-0.0007435248903003357,-0.01017839629012337,0.004188200132961293,-0.0010911585688939704,0.0002683211280388029,0.00016173688382444047,0.0006695585678323187,-0.0042217650472805065,0.0025920691079920075,-0.010273406982265624,-0.010511464988734853,-0.006113175956009396,-0.02215891867876365,-0.0024952162148851975,0.025431551840188135,-0.00787985717809341,0.044574092002607806,0.0015946755280005253,-0.006875540285089104,0.005399286969372355,-0.013157850677736714,-2.5746383887217833e-15,0.0012196269964120346,-0.002253741070870886,0.007506435651183208
8,2.0811504487495223e-16,-3.772304961526725e-16,-2.975884974050009e-16,2.515560200241357e-17,-2.361069389428753e-16,-3.1958918216560544e-16,4.575943264182201e-16,6.671244143547348e-17,-5.1945785524672386e-11,1.5861967200749642e-16,-0.024421790477811636,3.924126366661863e-17,0.06382901803047587,1.2116233600261173e-09,0.09777487343012928,3.1973764163495843e-16,3.6061596906110437e-16,1.2630739053326527e-12,4.28505423203251e-10,6.6630987822464025e-12,-2.712385634371575e-16,-3.5607225790813884e-10,-4.969559613712081e-12,6.541539447387046e-16,3.778870556487621e-09,-1.7188253259248505e-17,-1.3124829220638884e-09,-0.5364295205870403,-0.06921564487789282,2.603114507242848e-15,-9.993118491910347e-14,2.3132342132521355e-13,-3.993476684934037e-15,6.960337238439513e-13,5.3627057622922325e-15,-1.5666087687110182e-13,-0.4311765092846581,-5.1957425354852735e-06,-0.020221059979253785,1.2353086715272871e-14,0.37308418496914564,-9.96711024871566e-13,2.4734547280674293e-12,2.1363175693521714e-11,-4.268505921311024e-06,-9.585010327656165e-07,-6.448957474874049e-12,-0.009134120462352504,0.0004434428764829349,1.1088498837773699e-07,-0.00023040639762980644,4.298796527204088e-08,-0.00016392364330934358,-6.1664270808142e-07,-3.819370047451977e-07,4.498414412852639e-08,1.146170881558287e-07,1.8802290631296442e-06,0.4106522572638686,0.0007406753708476405,1.006694198304318e-05,-3.4601898406804755e-07,-5.44024903456833e-05,-0.07992563081616662,-0.003554577560778091,-0.3657827409347237,0.19233139847939207,0.04675170558762849,-0.00965160675937354,-0.09184958765882566,0.0015411077836100938,-0.011625571630135239,-0.001166918348546519,-0.05281298671951436,-0.0019513061946124085,-0.0010006150441040796,0.004920080755491054,-0.010800623892468142,-0.0067718395943638455,-0.018642014844469763,-0.02399035171713245,-0.026539078316591646,-0.02098719678024198,-0.004101977135810756,-0.05620679835892103,-0.03733725761147024,-0.02530532771840299,-0.0008003550849472121,0.004394070423620655,0.003753865314261717,0.023351687251283552,-9.641916172194746e-15,0.005724184362651706,0.008616000055612714,0.0001646179366831009
9,-1.0467032908479474e-16,-2.504260569225206e-15,2.2549457816614204e-15,-2.536698834473129e-16,-2.223811647642573e-16,-3.305570851107955e-16,1.2323125031987063e-16,-5.077821596470785e-17,-8.731998957151466e-10,-3.816512702490018e-16,-0.007931140522752284,2.1243238511282754e-16,-0.001833295968862371,-4.505809513632722e-09,-0.017716878718672627,1.243206803585453e-16,1.8413030806255714e-16,-1.7618472150294416e-12,-1.5708413788362453e-09,-1.021328542312044e-11,1.4766094687933836e-16,-2.1676519081457306e-10,6.055764123446709e-12,4.994218205423118e-16,-6.362635628836871e-09,8.596276238540429e-17,2.945710608812763e-09,0.2741253433662118,-0.4739589480187896,-9.985494742014983e-15,2.0685714414257657e-13,-3.4991374476261307e-13,-2.1957534369514048e-14,-4.964149057117278e-13,-5.455349716926063e-14,-1.42792357559585e-12,-0.1373104602591873,4.896829406924006e-07,-0.20033786250749022,5.6591347060717304e-14,0.1376105551241629,-2.2398206571266052e-13,1.939725317725176e-12,1.1257715037824175e-11,-2.2348197854277612e-06,-5.031475115987392e-07,-2.0662028045573017e-12,-0.004296862980995756,0.00019334931237887927,5.4195401012833775e-08,-0.00012653308318323134,7.358550228290277e-09,-0.0003136374889845283,-4.5013666429360915e-07,-3.116305761551245e-07,2.197066899005818e-07,1.2233630431359313e-07,5.841836779472435e-07,0.3706740739922529,0.0008915512856734106,1.3383442858282368e-05,-4.1044319902125425e-07,-1.925033378412226e-05,0.6232864515183563,-0.0025204589006619996,0.24045522812795125,-0.06318327198796955,-0.01527965634397632,0.0027850371949008296,-0.06812815196159464,-7.470067169376284e-05,0.09705918815889189,-0.01755793249548208,0.07346536415704731,-0.002113281356088555,-0.0016333200831003696,-0.010551111824234018,-0.02089836108194415,0.04454860146760543,-0.05433150426349975,0.012773743017162413,0.03357360340352462,0.06411159251975194,0.008494016925162525,0.018749213903260054,-0.04766521550670641,0.010281881439097081,0.0004807116536837308,-0.0016575319839510902,-0.011472481726904455,-0.01557352274582077,1.4164103098149439e-14,0.002920213424390694,0.005564172190399669,0.00843584909933759
10,9.288270757777536e-16,-2.1546744654435196e-15,2.5470488484997834e-15,3.5237815667496914e-16,3.9967103328624485e-16,-1.7199158419661382e-16,1.6094240037101856e-16,-1.7940059821426287e-17,9.887310564932783e-10,2.317745619447031e-16,0.008591686124220009,1.0988755095686165e-16,6.584016450015706e-05,-5.67636902056e-09,-0.018859183418962946,1.9917752040669602e-16,2.8482780630096277e-17,-6.745060304532899e-12,-4.271202950730635e-09,-1.1069046611004747e-11,-1.4941037473024556e-16,1.8516624230779809e-09,2.8986820695751776e-11,-4.586960057519703e-16,-6.6109022752027e-09,-1.919792243213304e-17,3.886343167849884e-09,0.34789499327120454,0.3033170952840188,-2.9379803859757286e-15,6.674820844268203e-14,-1.5354306825672338e-13,1.5661585548562935e-14,-3.1578152495908976e-13,3.072738652080614e-14,9.847021045801045e-13,-0.2530774339441377,-2.2533574309764645e-06,0.1505036771192595,-3.5901427295215245e-14,0.2763183181418305,-4.722889182154772e-13,6.906736574965327e-13,1.1384186254384603e-11,-5.248858737882808e-06,-1.1604033229328396e-06,-4.139388204941281e-12,-0.02558773007462183,0.0018682795436039995,1.4693520197703114e-07,-0.00035472905077370596,9.550678476340294e-08,-1.1267574068682997e-05,2.706338430187935e-07,3.475615052679819e-08,1.3175534999236945e-07,2.389567492876358e-08,1.05415225283379e-06,0.4256126180294349,0.0006405760914210629,8.246466965074886e-06,-2.624187014431685e-07,-6.826348019965954e-05,-0.4339308723395999,0.013845982683952306,0.4483905117363747,-0.2011288123205781,-0.03703656960838286,0.007259901245455884,0.030129928583996046,-0.0009628463000294927,-0.014619359696113663,0.006095985516845831,-0.0026937971328933187,0.0002985729793319842,0.00018421795466494318,0.0010658997749270016,-0.006614598825859037,0.004048675917376728,-0.016219607778847605,-0.01622539860591756,-0.009417862986244538,-0.03413805175311252,-0.003905085256218594,0.037254020538672716,-0.012658769639345783,0.07008052893670097,0.002510292604229198,-0.011020566401619252,0.008492908673069562,-0.020486031623884616,-9.275018738089246e-15,0.001913448994160334,-0.003611458164733769,0.011978890946475602
11,3.259893731361359e-16,-3.268446884917974e-15,1.4575853781488783e-15,1.950917098389835e-16,1.2162218207033721e-16,-1.743113138199025e-16,-9.57735562246028e-17,5.4005827615310006e-17,4.5692200215499526e-10,-4.0637036529397145e-16,0.003991210261098898,-8.668863028937415e-17,-0.008087609114810325,-7.11989356867118e-09,-0.021824117631333843,-7.483419231289401e-17,2.434588101681787e-16,-7.090325892422626e-12,-7.098995372031633e-10,-1.5607189417425123e-11,5.210284143387323e-16,1.2810405447331348e-09,1.736153177303223e-11,-3.6084922416129583e-16,-8.738648296879825e-09,-9.873351026721071e-17,1.4675127876076533e-09,0.4200617130332401,0.047063194034864274,-4.909638522840055e-15,1.234623742293247e-13,-2.575906226801557e-13,6.519348350050891e-15,-4.765931903165142e-13,-1.7270463849093538e-15,1.0505106993577694e-13,0.2696164910795518,8.902135209893438e-07,0.043638930843042836,-6.376491272106685e-15,-0.34935869676983583,3.179234431441062e-13,-9.7590653701425e-13,-1.1810971611285706e-11,-7.839975659237855e-06,-1.76294716560607e-06,4.3629471167643435e-12,-0.017729494171450283,0.0011098640880255431,1.543330182499839e-07,-0.0002813971079492415,7.589721866188469e-08,-0.00015874684533905947,-2.66410533668229e-07,-2.8136745652158735e-07,9.571088137285346e-08,1.1530817259186993e-07,2.0587822735199063e-06,0.5284936595543022,0.0009360875750340537,1.2676763209307295e-05,-4.251319390310379e-07,-7.042196043424813e-05,-0.10248090223627614,-0.00419056821907907,-0.47354966814522964,0.25314072393833686,0.06248937132591298,-0.01294486733463647,-0.12908418858064896,0.0021012021849806865,-0.01557119782705934,-0.0018356033142797117,-0.07607929167889926,-0.002800523853094814,-0.0014440516081583087,0.007026743466725317,-0.016391142466596516,-0.009879282067642709,-0.028987880535486683,-0.0365717451372236,-0.04097959085993533,-0.032380892432252055,-0.006531620177790948,-0.08360475444910608,-0.05708887776727921,-0.03983800074728286,-0.0012622998692060701,0.007083790734153481,0.0059265940779338255,0.03624698971028197,-3.552426558249262e-15,0.00912151062146384,0.013704856063826648,0.00019017400141609731
12,4.800801098639617e-12,1.4683267990556312e-11,-1.2504110179054741e-11,1.5529678531492857e-16,-1.6924928693177858e-16,1.6117978402475276e-16,1.2223183131838414e-16,2.7138297800289256e-16,2.1236376381045425e-07,2.0598652691497952e-16,4.556536580937546e-05,2.3282576640371576e-16,2.1761499205046753e-05,5.327681434801246e-07,0.00015911721287839437,1.2457179180424543e-16,7.130354043204247e-19,6.250727034774015e-11,2.1048279237811813e-07,8.118126127256581e-10,-2.7632783656985977e-17,4.711375419791267e-08,-2.6861594960149173e-10,-5.37547108076454e-16,2.827939020823051e-07,4.426511176704274e-16,-1.4952421074572987e-07,-0.0066361106517758995,0.0109735699118889,4.2472954035186297e-13,-7.0899121023856705e-12,9.584950292724803e-12,7.908888808096973e-13,2.9271254067282468e-12,1.0417287676221363e-12,1.1901908897417336e-11,0.0031929143643727063,0.0001485434681987818,0.006784679596167497,3.995889869682771e-13,-0.003320354620074184,4.509018920172438e-12,-5.433801555204882e-12,-2.7467152827556773e-11,1.5454307594340804e-05,3.5167833912880606e-06,1.2287781817155189e-11,0.004358880913683424,0.001247348626733842,-5.255524248544219e-07,0.0011528578457572164,4.281181184726483e-07,0.005248695486163394,7.4710924657284335e-06,3.7287245495834477e-06,-2.7876154573540156e-06,-9.357015617131739e-07,2.310452105536817e-06,-0.10390730007839494,-0.0018358205653763572,-3.553334761416115e-05,1.2078543701360153e-06,-9.26700776036206e-05,-0.1900914691839396,-0.00889023653205091,0.0023175724963673816,0.12427204974623039,0.024957430094334987,-0.00585899327752587,-0.32775227589190586,0.0017743598948403115,0.39590553332101314,-0.08991972644569593,0.29124763469102954,-0.009870294039909548,-0.007018619983349008,-0.04292601621626217,-0.12013808766832218,0.2576155723266435,-0.36199403599179664,0.06662341650900569,0.21662213999625582,0.42590166536308227,0.06609405909841141,0.06981310550934808,-0.3056749057537876,0.07395414913888934,0.0035033543666005305,-0.013721491712566236,-0.08686583467812005,-0.10189877917287658,1.7094316184769322e-14,0.02292719419337332,0.042759938316343046,0.06561875497687202
13,-6.916812093230873e-12,1.1775794451808633e-11,-1.642761456024349e-11,-1.7828547670452902e-16,-6.410882558198108e-18,6.990366336817063e-18,1.654355804200881e-18,4.4445135535647957e-17,-2.0642585065286984e-07,2.7037551793898173e-17,-6.27976376273859e-05,1.8293148007714056e-16,1.5089455637755977e-05,6.715078177224796e-07,0.00018704104674849411,2.446903203820166e-16,-1.1597455828487638e-16,8.191923879921792e-10,6.327559178141441e-07,8.004074691762619e-10,-7.146397088743569e-16,-1.5386153217197366e-07,-2.6579464974854227e-09,-2.8990369793364844e-16,2.580586670174415e-07,3.671894160281411e-15,-2.178911975575971e-07,-0.010163170483274902,-0.00916578724619568,1.1069044800889512e-13,-3.58574086288195e-13,5.859263922990167e-13,-4.14976845193582e-13,-3.847468651683074e-12,-8.349830165646668e-13,-9.897471829955259e-12,0.008887828448499904,3.293718081686062e-05,-0.009245794348534408,-4.0302666403315613e-13,-0.012846281630267834,8.793052248447164e-12,-4.628039676480764e-11,-2.4354422020033234e-10,0.0003097532671794219,6.953228801426727e-05,-6.942100290437701e-12,0.7425086124700246,-0.05177023695341681,-5.633121033864001e-06,0.00738824469826093,-3.4175077160009694e-06,-0.0014821273357638824,-1.4090963224907173e-05,-4.153809413626872e-06,-1.6367025890986742e-06,4.848657113150496e-07,1.332200315517929e-06,-0.011330153854362248,-1.7096846813689473e-05,7.50259701099647e-08,-5.2903622981490835e-09,4.978231879828383e-06,0.024323258049933207,0.005344451518028011,-0.009299829144432193,0.035348158795443015,0.01869697372819859,-0.004182155690812867,-0.08782798031541493,0.0006970225334691035,-0.07265307069656021,0.028400659611495495,-0.07915732012905814,-0.0023624624057789535,-0.0011448197659388053,0.01095443412271713,-0.04659714422376678,0.020036806853759664,-0.11782879842865035,-0.11478472461383725,-0.07297758834870076,-0.23733359912190657,-0.030158509657690753,0.15124085727188283,-0.10470045154971913,0.5065254799053368,0.018279173047393064,-0.08820780569195721,0.06509532888825059,-0.13415639397258494,-2.4202488052789976e-14,0.014863285483180258,-0.027970616355734692,0.09397638735054278
14,-3.812028939230591e-12,2.0549009116314185e-11,-2.1064695014578054e-12,-2.3752495273795974e-17,-2.8942304561516516e-17,7.507562888701664e-17,-1.3336597907585514e-16,5.95718883531186e-17,-8.21258135054941e-08,1.9284955640533625e-16,-3.11223026543089e-05,-1.0654038025423955e-16,5.472737722312652e-05,8.804544544113667e-07,0.00020997890127232613,4.791826451492403e-18,2.1087393311817257e-18,8.617746374469703e-10,-1.4482064940619298e-07,1.3730413035818472e-09,-7.38584505277872e-16,-7.939788039615144e-08,-7.820486888757171e-10,-9.42442200004021e-16,3.760066279526737e-07,1.1045018617697798e-15,5.733314026728018e-08,-0.010120889757525203,-0.0010454541501087,5.40516653293228e-14,-1.4930999429069678e-12,2.6625053138720392e-12,-2.1060731040245984e-13,-2.883518541185462e-12,-8.673725046816342e-14,7.4595569103029e-13,-0.005444921789205088,5.649441603195892e-05,-0.0017818141103892989,-3.307271703894255e-14,0.009318998784929765,6.646391032923574e-12,-1.7568600296929128e-11,-1.029489005640233e-10,7.841233330579562e-05,1.784607811605057e-05,2.937745242729651e-11,0.02612791024057754,0.0023377401287119873,-1.4848069696251784e-06,0.001853744031135934,-3.768224274202754e-07,0.0016676913948228923,1.1059362255784152e-05,5.424195586618686e-06,6.919709653182304e-07,-1.0192325908156544e-06,-1.2305299065483522e-05,-0.14228627402994776,-0.0009123072958647475,-1.4330442538067599e-05,8.501356248502498e-07,8.932664945064031e-07,0.01228854949262072,0.019730556464151613,0.23968341970660023,0.04956018882951038,0.05219977613628751,-0.012646455080008423,-0.37444556453830136,0.0034577672872423623,-0.010412527309517226,-0.013284421774080374,-0.28884804545108606,-0.010499633869299887,-0.005751189901358245,0.024193141423154443,-0.09935587641826339,-0.03901177952462234,-0.20589033594962383,-0.22488364613679984,-0.2702107521518621,-0.2150268452648345,-0.05144904910620005,-0.4191293914318678,-0.35972512847276944,-0.2807595106975873,-0.008927449937635296,0.05707280613632635,0.04528476504503346,0.242231981262702,-3.12353137120883e-15,0.07240584019371135,0.10666995758822026,0.0012570823067416434
15,6.126544657301247e-15,-1.3044194223019527e-14,2.1316667130601405e-14,2.318343420022379e-16,1.5848320063572898e-16,1.661089176211288e-16,-2.3238712140385035e-16,-1.9585509965504253e-16,7.376704404303926e-09,1.3193226563218301e-16,3.52204221082468e-06,3.452396109776928e-17,-8.662924810995802e-07,-3.0820139172819995e-08,-1.1527757707262866e-05,1.1882187508186124e-16,1.3063007024713467e-16,-3.943897150612979e-11,-3.448078673716752e-08,-4.85780970484928e-11,2.7514101772878266e-16,1.153659309843204e-08,1.9130958866228e-10,-2.567523602712582e-16,-2.5594472183835196e-08,-2.1057569449802535e-16,2.4268622444302823e-08,0.0017294971237832963,0.0021395501030873378,-1.3623238259593792e-14,4.7633966442531215e-14,-8.360683804014018e-14,6.521895610359277e-14,6.796576910554401e-13,1.5275954499836838e-13,2.119252835239423e-12,-0.0030017615072360313,-9.728728883959656e-06,0.003578433030764446,1.0031880646567275e-13,0.005553638100853401,-2.89482466273818e-12,1.8944907745422407e-11,1.0265369492711379e-10,-0.0001844189580745898,-4.1189588619358626e-05,3.0894021017700612e-12,-0.6615820866963048,0.04959075796903359,3.879706373621334e-06,-0.007583844656226313,2.627215786238019e-06,0.0019152057102624575,1.4948843020702755e-05,5.84792266032967e-06,3.2220756179315914e-06,-1.276933106453258e-06,-1.086705668635641e-05,-0.08313243597914398,-0.00032235958388194847,3.0441213734433715e-06,2.637264858084016e-07,2.5338203345369298e-05,0.06521035519088221,0.011047911606887813,-0.017275312712615728,0.06455626621041298,0.03309715039197528,-0.0073563122737666685,-0.14232907671752384,0.0011840696293522086,-0.10407971193615928,0.03692138800094679,-0.10853743083538613,-0.003608806567915873,-0.0017565009901833128,0.015189408441485303,-0.05867276922660064,0.024075859948658716,-0.13283787066059843,-0.1342217112551497,-0.08090506540868889,-0.26173039626034467,-0.030348004141288885,0.18801416867963142,-0.12394282961382017,0.5363824714925429,0.019296221452244987,-0.08855727422479075,0.06649502236742397,-0.14659518944193958,-1.8184691782286443e-14,0.01490662197460632,-0.02846338110218325,0.09547972789053816
16,-5.97960341418948e-08,-9.936331400369096e-08,9.374998013972468e-08,-7.358299777415562e-17,3.452616899718698e-16,2.7840225268430306e-17,1.3542916389640819e-16,-4.511779177651089e-16,-6.351416412491186e-05,3.819125728642692e-17,-2.144925777013448e-07,-3.9067037654465663e-16,-1.8363793114093025e-07,-8.46226442500607e-05,-1.2479297882631227e-06,-1.0771464398856351e-17,-5.833684152794618e-16,1.777490252320817e-08,-4.6392059572529566e-05,-9.69086412842947e-08,-2.737794682490205e-15,-8.278216178937421e-06,2.346520743238454e-08,6.927316953809761e-14,-2.3162312879544182e-05,-3.1400855139934277e-14,1.5677185997679758e-05,0.0001392065527713448,-0.00021753119686302848,-3.733690923654668e-11,5.571888256096336e-10,-6.98860750959889e-10,-5.8103338475817145e-11,-2.1624900009168358e-10,-6.427111470170766e-11,-6.231051146447238e-10,-7.131681164020073e-05,-0.005668022044858602,-0.00019173808454052137,-1.905673852489897e-11,7.125337152876559e-05,-1.2483968530920458e-10,7.608633723626626e-11,2.8952921864614793e-10,-4.600025744918612e-05,-1.044876566910111e-05,-1.9138255404937017e-10,-0.0031710515370411557,-0.013430853564014373,5.623158805382702e-06,-0.01318442981049862,-1.0075871629196634e-05,-0.07494137970598116,-8.817868147417579e-05,-3.8281299422629155e-05,3.671645493885705e-05,8.218279660356689e-06,-4.451706060539027e-05,0.02282779287683997,0.010674011334784675,0.0002245808962338975,-7.5677653766355605e-06,0.0005563671587646215,0.0501979680705926,0.04636555350821229,-0.08360867253284833,-0.18263284958388493,0.001497739588362908,0.0001001832109597783,0.3732137431685513,-0.000877534799616192,-0.4477472986485629,0.02616463415672567,-0.37848393211183323,0.008817923343992756,0.007596338296507368,0.050223753878735324,-0.0211672132626873,0.05584632187507083,-0.3406891829891339,-0.02321412998027653,0.16402024922721126,0.4070220617781541,0.12524534895505138,-0.16819986471295809,-0.22299436859246363,0.06538267397940091,0.0038398224733531736,-0.02566710444296026,-0.1511592866661401,-0.0705257562150131,-9.618977749167124e-15,0.04548808270834612,0.08118660884453445,0.11872198712742522
17,7.023375183667689e-08,-6.250194617378056e-08,1.3206257282331768e-07,-1.778266099552222e-17,6.623117946843642e-17,2.0019226055100864e-17,-1.4176536961937277e-16,5.0302595253029676e-18,5.354080974440317e-05,9.51783734709726e-17,3.7747204392777843e-07,2.5011923182385075e-16,-1.7056684382694636e-07,-9.881161982194667e-05,-1.4817506110024577e-06,1.4941417034136101e-18,4.589967225239958e-16,-1.2607534118739457e-07,-0.00013131296483056382,-7.183871494871397e-08,1.0619548927631148e-13,1.8129866692878346e-05,3.5462372401775264e-07,5.5068279324456534e-14,-1.5465704503769228e-05,-5.078649847614013e-13,2.2091049702707674e-05,0.00020081943737284088,0.00018073895813817959,-8.641587545888076e-12,-1.6571313349826673e-13,8.393043026588414e-12,2.1350526923729572e-11,1.5954434103000742e-10,4.271869476660197e-11,4.518698884168887e-10,-0.00020211854108403426,-0.0003984664298345633,0.0002866648279622787,1.4662827483715865e-11,0.0003379566646083684,-1.6070905685372482e-10,7.35011483124628e-10,3.559120022892008e-09,-0.0023193575032497238,-0.0005269036177204583,3.934540689465485e-10,-0.044205916435249015,-0.053036631765263846,2.3353297760081692e-05,0.030774749662994774,9.312954847035808e-06,-0.004265568882737243,1.1305322194619327e-05,-1.4177295418337159e-05,-2.5643315338951692e-05,8.848233450952284e-06,7.587373157358652e-05,0.011137431709663734,0.000418055978926904,-7.729872014562868e-05,-2.0194999402976247e-07,-0.00015734842681981004,-0.0032602519205866395,-0.06483336816315488,-0.08820484181432148,-0.11677962314247826,-0.09323410592953543,0.020298993297704362,0.3192953771469239,-0.0016204084584597706,0.4038818543254201,-0.11293022898990886,0.13461820148474268,0.006547267753705792,0.002648053240173954,-0.03400048299706046,0.08242856252063821,-0.06667019930825403,0.003889136913691306,0.058366477598800544,-0.06864594061100501,-0.042397826438874964,-0.058349100586029296,-0.6707751881627682,0.009937874644577417,0.34327468676482364,0.01391446198645714,-0.16914918249533237,0.10495079699011588,0.05248560229340807,-4.576480362735351e-15,0.030511048303553463,-0.03929723356402425,0.15730930584235056
18,3.4105147690674825e-08,-1.4884747779429413e-07,-3.600350266477815e-08,3.360794612629009e-17,-7.956244958037782e-17,-1.002620461775996e-16,-1.7179755395146556e-16,3.490841148053993e-17,2.016902663722906e-05,-5.198582986656469e-17,2.1848902935740782e-07,4.389477788574046e-17,-3.514218860749108e-07,-0.00015320835865339152,-1.7343119762751054e-06,-1.0387970353879895e-16,1.1004943753701417e-16,-1.5148030958913049e-07,7.097664697796005e-05,-1.9561775294133095e-07,1.294760563023817e-13,7.573065616270457e-06,1.2249133295557718e-08,1.4628385564476803e-13,-3.162192676471925e-05,-9.454775786860135e-15,-1.4370186186272764e-05,0.00021739835199691468,3.150366167690961e-05,4.3461500860106064e-12,1.9730830730363568e-11,-7.78981563155158e-11,1.9499446485334347e-11,1.7799976775289093e-10,5.2722705282508194e-12,-5.11041474947228e-11,6.402095724137551e-05,-0.0011244111485555247,9.572025973715469e-05,9.69061493928916e-13,-0.0001669439943985959,-1.778111434104893e-10,3.1891358610084167e-10,2.0474999855100843e-09,-0.0010744489910272579,-0.0002468803120532504,-9.485527440722139e-10,-0.01698179410850376,-0.05677145459130814,2.1690880803973856e-05,-0.032719453772437394,5.094602977523282e-06,-0.009648285217425742,-0.00017989739478779625,-6.962988883131696e-05,-1.0680611394448416e-05,7.583921846096558e-06,9.608967872487174e-05,0.028309738080936536,0.002355130541293484,5.39362007124561e-05,-4.194912234446623e-06,1.2293175405570244e-05,0.008339894270078994,-0.048405529050064115,-0.18302321376842165,-0.2023398433037584,-0.1254683653766815,0.02891996436917641,0.44128601210341933,-0.007098403437299937,0.09348327610596145,0.013144173274202342,0.3275578300214524,0.008489769753828778,0.004024941599677576,-0.03133435356398154,-0.07566838459417335,0.10114166594176985,-0.30571521719632333,-0.16401386028561277,-0.2387540197634404,-0.25824867051069533,-0.09754753664458149,0.32177585230031375,-0.2748217015814749,-0.2014875108467687,-0.006206285174400293,0.10780169204180415,0.08252125588829268,0.16087549867604667,1.5620766825192659e-15,0.14079323545017328,0.18837441065297955,0.013199198787690504
19,0.0005711839555782944,0.0005186119182186801,-0.000614685966844631,3.9587472322158876e-17,4.779031363019316e-17,-1.0594882873860859e-16,1.2647987458176604e-18,-2.843284121956183e-15,0.014895097437818527,-1.9862925552003685e-16,1.2685346537395491e-09,-6.706205618470664e-15,1.9619235912453964e-09,0.010209739766267366,1.3492077027431781e-08,-2.0853695400916778e-15,1.192981929258514e-13,-7.341047035821279e-06,0.009174477942408563,8.340437463913406e-06,4.236462694858895e-12,0.001034482935081928,-3.0558935349163227e-06,-5.8861348316052885e-12,0.0014848019975560686,4.340264067039566e-12,-0.0014226203339444605,-4.7238416497165375e-06,7.982947305300466e-06,2.721517078482269e-09,-3.5834882267321095e-08,4.164146807321096e-08,3.426467475897536e-09,1.240788099500737e-08,3.1399337675764915e-09,2.574514876100805e-08,2.860481527142046e-06,0.1770585466465278,9.784760693680274e-06,7.114817704980114e-10,-3.6284806375842596e-06,2.767334934249129e-09,-6.478092712853324e-10,1.2905907925840316e-09,-0.0024812863717842758,-0.0005760975291112715,-2.636104343867123e-11,0.0034376322075630205,0.03752591537321774,-2.8506437605001082e-05,0.0798664340202546,0.0001769201444270513,0.8778013985117287,0.0006758883071022217,0.00027404268906466124,-0.0003835035319144862,-5.983949550374338e-05,0.00045325934439035024,0.0024049299565005824,-0.05550681532600948,-0.0012019433406688564,3.989125805120754e-05,-0.0024069817966817517,0.0011206947250210527,-0.12991552412775456,0.036172168382476715,0.1002435798217611,-0.09559659273630564,0.021316352743547397,0.028837346406472706,-0.004240546858713944,-0.020438965612839116,0.07773427891500286,0.026407654338359135,0.003509911640849691,0.0001845002487939062,0.001642513611211043,0.06737984229468777,-0.15306342618842106,-0.06268760009043865,-0.10317580566643746,-0.04259345145415402,0.046703053551522294,0.16030970374580145,0.012891228269693049,0.05791159403277904,0.008296188441401176,0.0017970448153149616,-0.032011029166549174,-0.16942040260990682,0.02329203471169329,1.1936706956255844e-14,0.062209819972919085,0.10379326895008688,0.14213643384982524
20,-0.0005763673638204086,0.00018323057961958997,-0.0009354658185608209,-3.1144350440070104e-16,1.2077615253935704e-17,-5.579020971310492e-17,3.3035381160168296e-16,2.5198881079589963e-15,-0.011524247874039337,1.7204191873352063e-16,-3.1338212156539876e-09,1.5363488803142784e-15,2.0456025079030643e-09,0.01118470270542456,1.614673256983502e-08,1.542123481967671e-15,-8.353987871050663e-14,1.5489844880908382e-05,0.024593577870796104,2.911259756054746e-06,-1.3141388073859825e-11,-0.0019123011092882834,-4.384236194611943e-05,-2.400897247449058e-12,0.0006564028016214692,6.354015490836904e-11,-0.002179469945050011,-6.45845365553718e-06,-6.394096178123018e-06,8.043817496697783e-10,-1.6937935945063819e-10,-1.3203573979795784e-09,-9.189533144213249e-10,-5.8515090112893865e-09,-2.1392434679412257e-09,-2.1196713783859558e-08,1.0633710215374609e-05,0.0057838135209896885,-2.151637066002735e-05,-5.769910768502012e-10,-2.4287438260556098e-05,3.636190378280885e-09,-1.767492982817666e-08,-7.976875175577011e-08,0.04186822459764684,0.009528185556421107,-1.7134575928566325e-08,0.04848943245297195,0.6055746352805832,-0.00032046097476092416,-0.6126926271057124,-0.00013323403836186783,0.034560781828039525,-0.0009363600724766129,-8.106119668651002e-05,0.00024103179395551977,-6.58446241901898e-05,-0.000337310612846495,0.0007239811753301931,0.001302105575274316,0.0005990692547545793,-7.509670884613901e-06,0.0007625017804499643,0.0006205445334231142,0.10560244563010315,0.007771341736572781,0.014051598130808515,0.03970233719177152,-0.006583816114303897,-0.034185050015321336,-0.00444624688877077,-0.18704681019586725,0.006886165543520477,0.20823615626374029,0.0005929503888607287,0.0006542712515099748,-0.009876338775379795,0.0017155883673549358,0.0007579478025961448,0.019152418859402612,0.06609505576756095,-0.063466319799096,0.0848684725396549,-0.07795272666848997,-0.0320870364436252,-0.008806477561315494,0.010541159950990014,0.0028668048591243968,-0.21920241583440067,0.11911507568199242,0.19428123794323832,-9.993888996251903e-15,0.043339411066025804,-0.03186438384011238,0.18090013036762675
21,-0.000247168929777745,0.0009109320744474585,0.0005750310555445135,1.818138706822055e-17,1.3240736604782072e-16,-4.908620565386788e-17,4.6514888514902334e-17,1.0364799842954715e-15,-0.004083313111058982,-1.9742162492889692e-16,-2.1054443584151436e-09,-3.821151917817876e-15,3.2723756742239914e-09,0.02204577098325398,1.9319046347506696e-08,5.781379910799547e-16,-3.4967641565473814e-14,2.2533099788011116e-05,-0.01884669441417104,2.39557127584398e-05,-1.918169848062137e-11,-0.0004995472292265841,1.102702465880128e-05,-1.813682675048824e-11,0.0022194537998088478,-1.6891927151401088e-11,0.0019418619999404915,-7.315027484787337e-06,-1.4785018221970675e-06,-1.0231988723066581e-09,5.320427570829421e-09,-2.5391938600237943e-09,-1.4579177906606397e-09,-9.551629280698327e-09,-2.4296102436584775e-10,3.2665233610358655e-09,3.632614480165999e-07,0.001336835712773248,-1.0017748312070736e-05,-7.67121692553079e-12,4.682388957292323e-06,3.6918654259591095e-09,-2.756396618764554e-09,-2.7180162861986773e-08,0.008543121068497186,0.0020083444674963524,2.700502327597019e-08,0.03662977475186238,0.6148402306735096,-0.00027004678019310096,0.602259365014807,-7.601031540148165e-05,-0.0766272034394772,0.002505764597768043,0.0007550553809107779,0.00011010964090289938,-3.2250617164633897e-05,-0.0006304202291400617,0.0011754926636813282,0.0008795975570763284,-0.00021019791617518015,1.7511904649988095e-05,0.00028234933271620516,-8.617484104512183e-05,0.07264241101773002,0.07052140318464492,0.15725975663589192,0.11794023382455374,-0.026884321285156287,0.097279297646932,0.008005893263982558,0.016532197974262863,-0.04468905230419615,-0.026402502419165,0.007469179562606287,0.005432877545482474,-0.0004239564464236598,0.11407647211324014,0.04896474996486307,-0.13002213331353646,0.1110204905237157,0.005472403890858624,-0.02744756846999527,-0.12461657558347167,-0.0023276182749771344,0.1252498150550334,0.018875621395788345,0.0011489305740436135,0.13666420011236077,0.0945068598614593,-0.026094875038977765,-2.079852327705605e-14,0.18706194806955198,0.21826999863407043,0.031021751017724204
22,-0.487341187936351,-0.35602124711466376,0.3579504415114572,4.45829362226336e-17,2.1435251795687036e-16,1.2595238038536136e-16,3.384919470173709e-15,9.192205263239997e-14,-0.309509918377332,7.100979089921523e-15,-1.5507192332212085e-10,1.661219413208489e-13,4.315141987399772e-11,-0.1637328789960142,1.5074542954595287e-10,4.456568541712665e-14,-2.5876917887308117e-12,0.00011282339712949555,-0.12387020101423166,-0.00010010960131111033,-6.588471844966889e-11,-0.010024600664869439,3.090381871087555e-05,7.152590525775582e-11,-0.010664090397710352,-4.4274184194758174e-11,0.009094087639746557,5.053569585776175e-07,-1.8846300970122044e-06,-1.6041213789646038e-08,1.8902035427618454e-07,-2.0391628572997306e-07,-1.5111668770815745e-08,-4.806074970419208e-08,-1.1647848408714104e-08,-8.00561369553547e-08,1.541440729093264e-06,-0.3779195219864494,1.4035467298307616e-06,-1.8661452824941107e-09,-5.399906241394269e-07,-5.0956815188853035e-09,8.017105820750725e-10,-2.5743041669162527e-09,0.0024129437063898883,0.0005636306047091004,4.791689690894016e-10,9.069113513804823e-05,0.0014397983731644969,1.24626231314494e-05,-0.014650095165195439,-9.969615218136071e-05,-0.13351516997663923,-0.0001419956972305719,-1.2628392336226338e-05,-1.6815000971366e-05,-1.0080278642866093e-05,0.00014189949824453443,-0.0015156256762785022,-0.027011340269346477,-0.0005602724215201213,1.7528303189848243e-05,-0.0014335807910669006,-0.004367646681724503,-0.10505329217696799,0.043262892318645496,0.10930618187388805,-0.07721801714333813,0.017215447128553833,-0.0187045731106615,-0.003360926622259181,0.022076978909145638,0.07524164300470135,0.057900693177160345,0.002318097512619356,-0.0005734078015956298,-0.002820737942543823,0.07443441413139575,-0.16810439299804159,-0.031654866387017935,-0.10376923912184421,-0.05947707173094888,0.01563843242980696,0.17602214541521616,0.02668332970020163,0.09097575102134416,0.00565289447736994,0.0017630802411124978,-0.034908277061325335,-0.1825510819370651,0.030382810528895913,1.0945393564791459e-14,0.06982475628158932,0.11397197511031283,0.15513215124803992
23,0.46349348533910295,-0.11853891305456739,0.5134487043746128,-6.320826889344739e-17,3.1136932954351103e-17,1.577462028068371e-16,-3.502999043543518e-15,-8.05393685698807e-14,0.22561319746801675,-1.4751021692211072e-15,-3.074262305193283e-10,-4.0747963694354666e-14,8.583997923166994e-11,-0.16896128012915845,4.793483659550199e-10,-2.5618973474029498e-14,1.7045263472905821e-12,-0.00022301624893846504,-0.31287372925966445,-3.246667188780639e-05,1.9108933398546507e-10,0.01743765249229965,0.00041768490939690347,2.7165435325170227e-11,-0.004402910481372393,-6.103967791669197e-10,0.013145019830670958,3.798491875826202e-07,5.1115873756462e-07,-4.4844979945403835e-09,8.607333097949027e-10,6.168647152831825e-09,3.790223869252836e-09,2.1097077157487263e-08,7.4844282860766e-09,6.236407473748484e-08,-1.2525466443030346e-06,-0.011020322453103217,3.1651177137580765e-06,1.4291700202590705e-09,3.771548602961593e-06,-6.3200407017839674e-09,2.3643499903214974e-08,1.0230895317961857e-07,-0.0330908697250984,-0.007586899953793452,2.1316306784722972e-08,-0.014196773374031859,-0.18869657342920254,0.00019517532357959946,0.19509509380963988,6.840414961999855e-05,-0.0036571040816870833,0.00032416037158925425,3.123968657402505e-05,1.261284957820889e-05,-1.037047909089222e-05,-0.00012801375799836268,-0.0013774180479397644,0.00029121070316533604,0.0002454181292605846,-2.1896545475150163e-06,0.0004225842240146048,0.00035135627573925455,0.08685431207815512,0.020652422268540704,0.03134759633414422,0.045945797600594016,-0.008436875768545703,-0.0671034570841183,-0.003134263677735594,-0.20494539609239604,0.015505780832713294,0.17178746374248063,-0.00012133269375112158,0.0003368718421042059,-0.005331433834999834,-0.0009000529372892275,0.004878412523480229,0.02456176688429808,0.06789128642716862,-0.05459844023164998,0.09715409903495922,-0.0816396312450305,0.022212909658205802,0.0009315637827043998,-0.014591339174893424,0.0019938138935390415,-0.2272221701728827,0.12144743466068249,0.19531856866155003,-1.2635842992183326e-14,0.04654252922765586,-0.03069155441738248,0.18546349014982774
24,0.19997293180340941,-0.593015954054101,-0.3175665217067535,-5.022858368192233e-17,1.1748379626308108e-17,-1.061770865320227e-16,-7.672255571163452e-16,-3.284554783601509e-14,0.08040280925657496,4.820218419944337e-15,1.343569688802404e-10,9.427277555123747e-14,7.63791221762804e-11,-0.33573849547954354,1.238051932850656e-10,-1.2164602973657535e-14,7.189097856806947e-13,-0.0003268953762300753,0.24163317566100487,-0.00027369278808367804,2.810184104874934e-10,0.0045541854480428716,-0.00010676557073341651,2.098469158359003e-10,-0.01513950386396035,1.6479816278290298e-10,-0.01182064195112341,4.232513915187034e-07,1.3992857790820075e-07,5.782649875615754e-09,-2.722492129311277e-08,1.2468303424759728e-08,6.1242796033472316e-09,3.503145986774997e-08,8.533023447698619e-10,-9.743058108821395e-09,-7.647280437254615e-08,0.0005383000847050197,1.454322320922635e-06,1.6419641083607952e-11,-6.482894278760379e-07,-6.415476643793571e-09,3.23480710649247e-09,3.317528235035124e-08,-0.00572712189624713,-0.0013671996234966089,-3.308485161071287e-08,-0.010852919720603586,-0.19168714386781946,0.00016210467994070887,-0.19072693775777103,3.9565109765589194e-05,0.02927015024385134,-0.0006838570044064486,-7.190449862351469e-05,4.737198850578065e-06,-7.82010032235458e-06,-0.00020874043294790657,-0.0026149981102917565,-0.0008936537070126384,-9.99181192528754e-05,7.771402180951247e-06,0.00012625930088520297,-0.001536190939307479,0.06021265276077448,0.07682621111738498,0.15158942642692155,0.10852044135007137,-0.02476692494493287,0.027168008836407343,0.007133384630877031,-0.0012320285776560298,-0.040072872089025435,-0.04620565666128319,0.005497925989989433,0.004185477088796597,0.0022975766767282563,0.11737824210214522,0.03786003180660008,-0.10197802485457003,0.12683493820996328,0.024507190028610484,-0.007866102924729742,-0.1299600291018386,-0.013263406816857932,0.15584288667234827,0.029846874744077392,0.001510562882667738,0.14143847457762093,0.09688537780211118,-0.03745233718096056,-2.333387395130849e-14,0.19677979452750125,0.2249933578485781,0.034150407708818976
25,0.4948568556507294,0.36141650568021116,-0.3632873186804121,4.226107142028656e-17,1.6464028593946986e-16,-2.628641056606166e-18,3.2174873408890216e-15,8.48843931617113e-14,-0.29350035345366193,6.6709344257165426e-15,-1.49446179380115e-10,1.5447173117103127e-13,3.4627559451139945e-11,-0.15507194729671323,9.760586179515157e-11,4.191768575519603e-14,-2.446049429012702e-12,0.00010946796304988108,-0.11717098302494208,-9.653067914522123e-05,-6.432874932014801e-11,-0.009826232433782972,2.8067210341684863e-05,6.891581779652093e-11,-0.01043164959486445,-4.0119248435178704e-11,0.008890401336517311,5.148629986189991e-07,-1.888276067051653e-06,-1.576049384065849e-08,1.8619022298240569e-07,-2.011024276949187e-07,-1.4931239478590645e-08,-4.7575990748052196e-08,-1.1539391686479591e-08,-7.945528646485758e-08,1.5204295969194918e-06,-0.375864567314775,1.3771125340087412e-06,-1.8545964523213973e-09,-5.181585265619405e-07,-5.068870340717562e-09,7.912559974329414e-10,-2.5985935497249808e-09,0.002407170701458261,0.0005623414997250509,4.714049225674058e-10,6.131964837288697e-05,0.0010867111581139728,1.2590348887701891e-05,-0.014588847426617873,-9.991807404151229e-05,-0.13582528802924063,-0.00014325600516488198,-1.3339170508104545e-05,-1.5849746009905218e-05,-9.87760490661582e-06,0.0001408076562544954,-0.0015240285229561154,-0.026871825781157557,-0.0005574513456230372,1.7427379992986358e-05,-0.0014283737065413102,-0.004376369192283016,-0.10486997275290211,0.04323314621707732,0.10920476822851492,-0.07708160205906509,0.017184622168201266,-0.01882343214445506,-0.003353601231694014,0.022192173009177616,0.07518293931871023,0.057905848011476,0.002312226744627436,-0.0005751486469150573,-0.0028281032678671007,0.07440321395789883,-0.16804556170000207,-0.0315521495155338,-0.10371822224424579,-0.05949121275961803,0.01554624520793625,0.1760219805048639,0.026729247378857218,0.09102154610834116,0.005631700275314257,0.0017618858024278743,-0.03490844712196933,-0.1825382472620414,0.030382245170867496,1.0671730855135325e-14,0.06983011731702517,0.11397074373378856,0.15512566954293677
26,-0.4705769226356077,0.12031455830567986,-0.520998331695385,-4.2010209526714657e-17,1.506157151514003e-17,1.1855834211724301e-16,-3.1177711722658215e-15,-7.432224407737198e-14,0.21510246658078724,-1.3557913860067788e-15,-2.852610531453945e-10,-3.90433701168148e-14,7.62075705962523e-11,-0.16117040060497811,4.1059907358381377e-10,-2.438176633482244e-14,1.6247617921665033e-12,-0.00021505999479885015,-0.29861007572877585,-3.167297267052666e-05,1.8398690345436954e-10,0.016993139908546763,0.0004046764767951394,2.64962256617908e-11,-0.00430371870738073,-5.912062510748288e-10,0.012849231985571339,3.9496117628325355e-07,5.254567925442472e-07,-4.3530862224460384e-09,3.434932702988544e-10,6.56127984862621e-09,3.780147061408766e-09,2.0986593498235024e-08,7.426133616107427e-09,6.193139442788186e-08,-1.281406759943858e-06,-0.010627201629011011,3.2090880359057012e-06,1.4213821185054892e-09,3.834600888842231e-06,-6.292341731551686e-09,2.358888624763558e-08,1.0210545952992495e-07,-0.03312382733993159,-0.0075940946859715175,2.127420614925854e-08,-0.014317601189904085,-0.19017629253207166,0.00019567138169827955,0.19687471275285148,6.862121364604232e-05,-0.004158779502537497,0.0003270661584930853,3.1565302125387005e-05,1.2060847247725099e-05,-1.0144518672377828e-05,-0.00012740212253698854,-0.0013819043007597402,0.00031070879983574726,0.00024419760650693694,-2.1801890906999223e-06,0.0004216861350216985,0.0003487965734400956,0.08673226936790641,0.020670843577646286,0.031368022262282295,0.045953554665988244,-0.008442071218026696,-0.06713877570533848,-0.003125000640132795,-0.2048234248453992,0.015509710786669446,0.17156297432259882,-0.00012334420944060183,0.000336047056653103,-0.005315647662157915,-0.0009073971834576491,0.004903498782942654,0.024575314889583602,0.06787838574861704,-0.0545621173164527,0.09714259043254338,-0.08164282932250118,0.022378095972431122,0.0009661785916436022,-0.014671459183333657,0.0019904676994344822,-0.22722552243334965,0.12144152409222042,0.19527118377271568,-1.2937191442745334e-14,0.04654819898640108,-0.03068333825437089,0.1854538856405909
27,-0.203032012813131,0.6019107568557825,0.32224309553210656,-5.846434573814984e-17,5.697100653527263e-17,-1.1433564195344918e-16,-6.840859445992678e-16,-3.023519746021142e-14,0.07664891762374952,4.536937854874712e-15,1.3358999784294367e-10,8.678027974767601e-14,6.402633442607806e-11,-0.3202617036121279,6.488209138710481e-11,-1.1489362813690343e-14,6.820545354504255e-13,-0.0003127680716712309,0.230614995344921,-0.00026387050459960394,2.6875372192772385e-10,0.004468424184807238,-0.00010232395874504051,2.0222755340118612e-10,-0.014821542901875904,1.5798396699938e-10,-0.011571276903883956,4.3954348648461214e-07,1.4188283701460414e-07,5.6728839809298795e-09,-2.6789215836784466e-08,1.2287897614423875e-08,6.049149544704444e-09,3.4659939311846566e-08,8.513335836094991e-10,-9.608668765252945e-09,-7.463887329898304e-08,0.0005193897965495897,1.4737469002569983e-06,1.7214942107597257e-11,-6.659020324293017e-07,-6.390526584745094e-09,3.2333354945585468e-09,3.3128556244305606e-08,-0.005733561272358346,-0.0013686774997176126,-3.3023912618384546e-08,-0.01093728315465752,-0.19317168265050672,0.00016250018297521752,-0.19251404524495905,3.969405762083921e-05,0.02950000066814237,-0.0006910799466620648,-7.424971663753112e-05,4.457059315552661e-06,-7.737791617531863e-06,-0.00020694551173732034,-0.0026211853997987807,-0.0008972601838938514,-9.918786646285073e-05,7.720029145235534e-06,0.00012568505093439388,-0.0015382694089732842,0.06011179085845675,0.0767559656176196,0.15139826170252185,0.10837446508662202,-0.024733575594234315,0.026924184033950454,0.00712250708186383,-0.0012969717383736561,-0.04003458411046859,-0.04621284243509063,0.0054870282026625705,0.0041779139127038935,0.0023027863302888495,0.11732225718392626,0.037805368295535303,-0.10185361366854184,0.12683176806507487,0.02455509241028927,-0.007802439428054335,-0.1299610012402633,-0.013305822009346518,0.15586515404989731,0.029881838896491673,0.0015116661187660944,0.1414376624808757,0.09687882513289625,-0.03747222848300795,-2.330307045510942e-14,0.19678782251180607,0.22498125085560045,0.034156257946522696
28,-0.008069114016012102,-0.0058970476687248054,0.005931155027667391,-8.643858034428762e-17,4.135773355698064e-17,7.04910619625949e-18,-1.4110521557099813e-14,-3.4899876559810974e-13,0.6943707985633388,-2.4781434939168364e-14,2.6795482099279e-10,-5.493954975034787e-13,-2.8637549483334445e-10,0.38359688416115223,-1.7360442337174381e-09,-1.1487127215295411e-13,6.2583938003950794e-12,-0.0001017773608986755,0.30235904615803977,0.00013028411936099474,3.420265987543996e-11,0.002958292455407397,-0.0001524915977162899,-9.637343867322526e-11,0.00484785243428251,2.2415990793871797e-10,-0.004649675904895866,5.483550829537181e-07,-1.3757844966054087e-06,3.0518656328445917e-09,-5.829023991464942e-09,-8.41801261676099e-09,-2.398578020064499e-09,-1.3210147512105014e-08,-3.799339745252217e-09,-3.503316456764648e-08,5.281060049954247e-07,-0.2033790421225226,1.1036329542146927e-07,-9.614080333874372e-10,1.3407578605868883e-07,-2.623945712183471e-09,-5.853784064305255e-10,-6.468034240770882e-09,0.0027586952198156694,0.0006425102651818071,-6.339770895523133e-10,-0.0005340809876176998,-0.005881857541416845,9.417052219878237e-06,-0.01505843246401125,-9.336933427272778e-05,-0.19149963824276484,-0.0001711198361001063,-3.4477930110743784e-05,1.545100512775274e-05,-2.54827571322192e-06,9.805086833045861e-05,-0.0016851860498543114,-0.020872541582580156,-0.0004367499602233082,1.3152602055604835e-05,-0.0011948720065657807,-0.0044679740696879485,-0.09608449282586948,0.040891363112043305,0.102645001557886,-0.0708384589265382,0.015775157081780046,-0.02174771675814132,-0.0030204970342062516,0.02599259266948938,0.07216171970243629,0.0565097449512058,0.0020779672712852946,-0.0006168158624613482,-0.00298753559897119,0.07241598985793721,-0.16433087242645017,-0.02815802987863872,-0.1012266103112519,-0.05946915722169063,0.012486568900507918,0.17590273199712084,0.02775319217489441,0.09149022868332704,0.004962287055438895,0.0017170434020439855,-0.034873837129630714,-0.18186806122614652,0.02999841443561143,1.0477005821095814e-14,0.0699592812987122,0.1137780383937261,0.1546792281151788
29,2.4360088265575042e-05,2.2134485001679875e-05,-2.6256350457148992e-05,7.043346066774998e-18,-4.155810704678545e-17,4.588426183526555e-17,1.1946473224859142e-15,2.8935502749562925e-14,-0.09255676297878658,2.282929473012553e-15,-5.940649548490578e-11,5.849135919174017e-14,6.524405382218587e-11,-0.0675737658123003,4.299537301430802e-10,1.4003085748811384e-14,-7.970608722883825e-13,1.8927735649006816e-05,-0.06482746063472754,-3.168529463495944e-05,-6.290738929486162e-12,-0.0009283288194383745,4.55106070698139e-05,2.3103842506053228e-11,-0.002176059344568303,-6.62537503455496e-11,0.0024440910257113434,-5.548567589620722e-07,2.6514032372628686e-06,-1.7807265353278558e-09,3.954267138835817e-09,6.340107797276441e-09,2.1121539356499396e-09,1.429490029528755e-08,4.392431001274377e-09,5.535663454448777e-08,-4.103386194238102e-06,0.8007966968896428,-6.333715242223847e-06,2.1720181163368753e-09,2.146620758314393e-06,1.7332391752615258e-08,-2.4245798699831948e-08,-1.4393471154838097e-07,0.011051297044163685,0.002600025665453394,-7.741772861640409e-09,-0.001287913141871324,-0.013430007047074647,2.9707976761814882e-05,-0.03282860358956562,-0.0002581036579307118,-0.3693912981742752,-0.00036556235435765053,-6.415220232609798e-05,2.5821308018377144e-05,-3.996648443788885e-06,0.0001357857105467297,-0.002230545791327564,0.00790556127476912,-0.0005194416352220835,1.7026537970705302e-05,-0.0015207897672144366,-0.005269084133962088,-0.10875997374423861,0.04539393914906096,0.11357678280383368,-0.07790541127564543,0.01732698154445808,-0.023484245311626524,-0.0032942648659914715,0.027277786972533954,0.07373114313918248,0.05863241474210192,0.0022145482726715414,-0.0006580229726075044,-0.003109054705103199,0.07321419741666844,-0.16292262005476782,-0.02580502309952089,-0.09864008677316305,-0.04361234047731029,0.0017346333722337208,0.17388867484739695,0.027927554456806607,0.08993899606262949,0.005120507225721819,0.0017636703499834536,-0.03443286868552911,-0.18134853732573214,0.03825417060881671,9.915578679498191e-15,0.0690375545612412,0.1131866479880937,0.15372940583944514
30,0.00764939680057268,-0.0019552893695901235,0.008466264076574578,1.2443506745771167e-17,-3.4085078567557206e-17,-3.3124413280496074e-16,1.248517265646076e-14,2.940671409407554e-13,-0.43864064712120027,2.5120895408819988e-15,8.229176465728519e-10,7.551450971270152e-14,-3.192348697034423e-10,0.3259584840281392,-2.223979699205429e-09,4.8609918574631574e-14,-3.3286470607103332e-12,0.0002870104610454399,0.599951606235874,1.9169176872338108e-05,-2.634977732515242e-10,-0.01181616348522656,-0.0004329768775884562,-1.636134270263543e-11,0.0022530637839974946,6.437422672270548e-10,-0.006971288533609904,6.560354064737593e-07,8.876693407227774e-07,4.488381568648983e-09,-3.450355162780609e-08,3.310765166236562e-08,3.0065629625523377e-09,1.2763618678601313e-08,3.116431593370468e-09,2.853882270997179e-08,-1.8891133707815715e-06,0.02258896898520463,3.7520848164148513e-06,7.831309882829612e-10,4.907269624026506e-06,-3.612636255107094e-09,1.6277526491072526e-08,7.262089152515901e-08,-0.02812584460007418,-0.006433943244374675,1.4425638941597896e-08,-0.01609802481258319,-0.21156028716062839,0.00017988491414480898,0.2227103816960463,6.74195304731356e-05,-0.0162484169435864,0.000366911451328252,3.729512838303607e-05,-6.018772815974699e-06,-2.085555654744906e-06,-0.00010169301947131192,-0.0014382327369976688,0.0011641835004956866,0.00019493887990854175,-1.8711848837621891e-06,0.00038321724406906166,0.00027744253315140196,0.08059904206797151,0.020590486580098967,0.030923247265188147,0.04546716119955992,-0.008498784985918635,-0.06627528068516415,-0.0027127896911739737,-0.19674836282776548,0.015124880073468516,0.16106147162341916,-0.0001787199526822307,0.00031414800409788765,-0.004708499079288262,-0.0011271841033015403,0.00597694944297224,0.024755217778175607,0.06706481074857343,-0.052964779523440655,0.09610395125413586,-0.08171069040711981,0.027112036789299347,0.0020364986879121984,-0.017085563545769223,0.0018783034538747444,-0.22718596906140837,0.12110923128310494,0.19253695035649232,-1.3389695092320751e-14,0.04670421157982765,-0.030376538347586055,0.18486649495158453
31,0.003300328065897833,-0.00978274073145189,-0.005236695770649407,1.8761632328435366e-17,-9.205006153508006e-17,-5.110846349972334e-17,3.846668612407699e-15,1.2037209594827e-13,-0.15632935458302008,-1.9002065749140353e-14,-1.031822839413243e-10,-3.72799513216491e-13,-3.9248987829002674e-10,0.648064832877872,-1.7933026591758014e-09,2.9951995065028065e-14,-1.5992260395294646e-12,0.0005737315495277307,-0.4635337941265796,0.00036112490432010653,-5.004487581086008e-10,-0.0011124732896895927,0.0001825152958993408,-2.8219711600390407e-10,0.0062581007638442135,-2.7879656981179034e-10,0.005148078059363511,7.50454455917421e-07,1.662584797352295e-07,-1.7532070400165484e-09,3.094602786442306e-09,-1.892969465070364e-10,7.442125675577048e-10,7.765279862899363e-09,7.071000570532827e-10,6.349906151263542e-10,-2.9468347452670058e-08,-0.0008317501226216801,1.7809285768603943e-06,8.135377004663564e-11,-9.72726917708076e-07,-3.971806690007028e-09,2.9415993070479126e-09,2.608807663613623e-08,-0.00543712197128599,-0.001290137044317903,-2.3123683230435426e-08,-0.01211757286491327,-0.21393332761600845,0.00014986542512463916,-0.21855089656282878,3.825905093814895e-05,0.032843025445787176,-0.0008161838564124012,-0.00013764209790688054,-4.585172284005754e-06,-4.528109229205154e-06,-0.0001358176199213568,-0.002661092510569447,-0.0009516498952486063,-6.823081608071101e-05,5.5595725938577345e-06,0.0001027848768741535,-0.0015334190647344143,0.0550721391989432,0.07212913444406842,0.14071034228633536,0.1006260854828793,-0.02296432034198151,0.018458829074378732,0.006568166704730192,-0.003695782220979979,-0.038158005843048,-0.04522646641302566,0.005014050252421364,0.003840560692611256,0.002408311729832788,0.11385323673200791,0.03565328045831457,-0.09713723444395363,0.12546621728050747,0.02582515055596587,-0.005712321116344393,-0.12989900195264592,-0.014402946245207705,0.1548083797352832,0.03083365391998289,0.0015405608402542957,0.14131654825796747,0.09652168931945333,-0.03773782455386345,-2.3348746765214485e-14,0.1969375072676184,0.22425792592436553,0.03431443564213207
32,3.940763257909459e-06,2.8817277628931158e-06,-2.900892522800967e-06,-1.1165695884259294e-15,-1.0084878897031036e-15,1.2620636738465396e-15,4.914552964887282e-13,1.1361341989729781e-11,-0.018139496045146468,6.551137293286467e-13,1.7157081316116022e-12,1.3017768589584336e-11,7.323425265550159e-12,-0.009067721421401172,3.562232245223628e-11,9.84978325828325e-13,-2.81630839777476e-11,-0.0052971319792045725,-0.005842640856433477,0.0037847722580683285,3.940377354598094e-09,0.42083536942407984,-0.00033839823955192854,-2.660346714926898e-09,0.43499697135551685,3.366179534295929e-10,-0.3773370499650789,1.9290996312670803e-08,2.646085654263803e-08,5.81506029763241e-07,-6.1898814365244004e-06,6.281309449698033e-06,4.077065943499125e-07,1.0772620252415082e-06,2.3698207290400213e-07,1.1372411780076557e-06,-4.9598053746992426e-08,0.0056009954511281,6.971825532667176e-08,1.4527119529926892e-08,9.960111584346151e-08,-4.0486923798544363e-08,1.1216697685858062e-07,8.352875934430219e-07,-0.03581976194324508,-0.008694258434995616,2.483986230521751e-09,-0.00017145228974156762,-0.002901983576647335,-0.0004484494150360756,0.005483306060838054,0.0017413781853279785,0.02641213140255444,0.0007951245447255582,-0.0004092765288064315,0.000922963699287002,0.00025808192522083605,-0.001786070832430215,0.0005988738919329438,0.008128326937947895,0.00500199650649833,-0.00018446816299287402,0.010863746925973607,0.004421680478133075,0.3796734541707506,-0.11367227963416987,-0.29960069511900855,0.24708113513830918,-0.05563556287513174,-0.0779833017907122,0.013087467265302058,0.1458584592613529,-0.0768459625458005,-0.054396730324590074,-0.008178680005690199,-0.001248580325640667,-0.005042457624219972,-0.03158860995103835,0.00850679474497821,0.07243566354826966,-0.008935673335463428,-0.15997563060591347,-0.01536050805334736,0.183001809960977,0.04626761381563613,0.08673666403360519,-0.018523272630253333,-0.000351415724274008,-0.035717498803591485,-0.1546674230000356,-0.05507109929638718,1.5037022071695337e-14,0.07972788227567772,0.10664399743495626,0.13890600931340297
33,-3.7452483554593133e-06,9.552198227295142e-07,-4.142728267261605e-06,1.0557471948485245e-15,-5.053205215429989e-16,1.836754977888108e-15,-4.850095491780532e-13,-1.1246349503638348e-11,0.01460902221354808,6.50158584574044e-14,-4.2741297371185265e-11,1.0242935735646521e-12,1.877871173296232e-11,-0.011605946893033658,1.6041341491449223e-10,2.8255224056055743e-13,-5.061048029547962e-12,0.005849005926139755,-0.022850775804640726,0.0016862259320638965,-4.331972466820931e-09,-0.5858704768821098,-0.012069284756644818,-1.3897563156243871e-09,0.1654066853169576,1.7405284182907322e-08,-0.4810678751920208,1.5615806025645805e-08,-2.3843344711787727e-08,1.9166012191616764e-07,-4.957078062512945e-07,3.034246005354656e-07,-7.131779330015479e-08,-4.4373511038231533e-07,-1.8517073053576153e-07,-1.4801806179417769e-06,8.010430981899827e-08,-0.0036384251896867635,-2.322648774679077e-07,-3.1238561934016437e-08,-3.7732371906321543e-07,9.438358110580884e-08,-3.218051351741746e-07,-1.268470105641501e-06,0.29381082754818283,0.06777544906275683,-3.2575575043173896e-07,-0.00052152982495006,-0.004000168481386811,-0.001305904803579878,0.0013163129112425819,-3.477088010270716e-05,-0.0006309987540359148,4.844627065966735e-05,8.484872612364739e-05,-0.0006028824278147228,0.00027159338630270726,0.0008900178895331608,0.00024386210138707063,-0.0010565574425784137,-0.0016284393451560083,4.492845143903835e-06,-0.0008408609476180866,-0.0007184300538125975,-0.17838042449165414,-0.008986542365723972,-0.03204860044662379,0.01272561339503527,-0.00833852845851113,0.027576680316664458,0.014808768540612097,0.2026130135983713,-0.015508138497076693,-0.2969726152554309,-0.0019055724705829475,-0.00024373396409922699,0.0189333900064067,-0.009105278214761751,0.04861224070195929,0.02001345744981719,0.023566654780648108,-0.004356804020813862,0.052880391796140326,-0.08043314311235637,0.16783248357166555,0.03843205334682966,-0.09418913783929046,-0.0021333619504292985,-0.22211803949779865,0.1046701328769339,0.05170818672911494,-1.4968992381412496e-14,0.052124139678643856,-0.01815743500401719,0.1573299642931074
34,-1.612522342775008e-06,4.778547646961392e-06,2.557935321830042e-06,4.539716077913828e-16,-1.7634628363183382e-15,-1.1028288838787646e-15,-1.955777513932767e-13,-4.5283446017409295e-12,0.0047762718886502145,8.085884327329272e-13,-3.174196004252691e-12,1.5673873065445314e-11,1.927002709746105e-11,-0.019673857207400405,1.1499543717387788e-10,-5.008274173768924e-13,1.4190118246189795e-11,0.002177343846393107,0.013449267244613424,0.00640403674601111,-1.6112013566286596e-09,-0.18466201886809538,0.0018516181567238485,-4.747231651950791e-09,0.5454022308744004,-2.854182986989945e-09,0.4214805765811131,1.0386215475465926e-08,-9.083344343348704e-09,-1.9919527226961505e-07,8.620696025051674e-07,-3.4986279725967914e-07,-1.8188822462769515e-07,-9.793547081041767e-07,-1.0229467087752329e-08,3.655264277601518e-07,1.9990495711467962e-08,-0.00044247706043501397,-1.051495305391091e-07,2.13670013506741e-09,-2.1981035906465495e-08,1.1004328813158129e-07,-1.8447784469356257e-08,-3.594510103984028e-07,0.021939587271354893,0.005628941261815086,4.871572680749472e-07,0.0012438977367307815,0.02294278116237532,-0.0010224207283468416,0.020612906478550682,-0.00018411183420800133,-0.004176006603210696,-0.0011066845888178217,-0.001665937685290641,-0.0002879634183853557,0.00011502335033138941,0.002537855710237846,0.0010838228971572531,5.3240361287867535e-05,0.0011433083982371303,-7.904269414267474e-05,-0.0007890170199774242,0.0008727505463623997,-0.1687878321914205,-0.15579170671313963,-0.3565352614786962,-0.25294313205626145,0.057746940279634,-0.28248981355270475,-0.018263331643818236,-0.09290046418044219,0.045284507083303824,0.025624491468883574,-0.01462740693833833,-0.010382049547804086,0.00401414765638371,-0.055665867706454604,-0.0493297832382149,0.08513964140139818,0.039321102865139096,0.060721687377317285,0.06613352542293578,-0.1249211381898201,-0.04269516414519011,0.06303930831822037,0.05772729682321589,0.002312784718364215,0.13461134396277372,0.07968800259291114,-0.03502674430620713,-1.8122309113152296e-14,0.19875626597662208,0.18929774994889256,0.038554965995403125
35,-2.6049518904323554e-09,-2.9410139409743453e-09,4.112163944727349e-09,7.869193763844163e-18,1.635730825221857e-18,4.036606446703952e-18,-7.971705362719708e-17,-4.45331316068928e-17,0.00039295617663062123,1.248993833054734e-18,3.927005900121972e-13,-6.460081134924536e-16,-4.412513319625127e-13,0.00036699505998189435,-3.116573077719715e-12,-9.917078245044113e-17,3.25440803511352e-15,-1.0773411397586529e-07,0.0004166238708539867,2.2625240207710208e-07,3.5498801105515405e-14,8.144932296684747e-06,-3.837390030825588e-07,-1.628800686881552e-13,2.5027577114507343e-05,5.539355012112072e-13,-3.1427508294806475e-05,1.0678454983607885e-08,-6.855801677043998e-08,2.4578831669351134e-11,-6.020199327264748e-11,-1.0300608813845493e-10,-3.763364131938644e-11,-2.850643246515673e-10,-9.061475975724488e-11,-1.3210393392662494e-09,1.4877234221900212e-07,-0.02570735843401289,2.5955520843111935e-07,-5.948999128108023e-11,-9.707827871793672e-08,-6.139971363593048e-10,1.044558780604005e-09,6.364519139938147e-09,-0.0006613931135933249,-0.0001549289545689299,3.591791808657366e-10,0.00010856268611506947,0.0012024017380325655,-2.0148563714589307e-06,0.003112317452837757,1.9218547048544994e-05,0.04227457395212027,3.561203328375991e-05,7.867888511338749e-06,-4.132514980276117e-06,8.010575906438855e-07,-6.0643935034376113e-05,-0.001696288621583197,0.7564568570183918,0.0013337516214286511,-1.7273721742375617e-05,-0.0006230920356798478,-0.0006366202253537522,-0.0043726628043552354,0.00019354703114122558,-0.00022190033442360396,0.0010837621514330049,-0.00028493419379238343,0.0012514623313922243,0.00010229843705639088,-0.0037364044105877956,-0.020192637729045677,-0.010842892630386467,-0.00019305924678653127,5.5499999979816784e-05,0.0005320432191113912,-0.026292348040088533,0.09674870490834712,0.06357263405270698,0.08861761864597942,0.43653177670148946,-0.30228694543678925,0.11535514795479772,-0.011323921412723675,-0.06586274034614424,0.007422673371224896,0.0023782876818372544,-0.022311736147550984,-0.1425452886450774,0.2453715318470827,1.255074632651094e-14,0.044271464830960436,0.0849554377622349,0.11325661151525969
36,9.760678106710617e-13,1.3692161234942565e-12,-2.2565376750445452e-12,1.54510823223652e-18,5.006627933540702e-18,3.5695639337879434e-18,-3.5268164460431906e-17,-1.1695901804459818e-17,-5.818502161749579e-06,4.721947664944607e-17,-9.027865869017486e-15,7.26680563472714e-17,1.0376369830247897e-14,-6.941624421874504e-06,7.850302183014484e-14,-4.3221170910538665e-17,4.820609259968021e-17,2.134961496296826e-09,-9.313720695735426e-06,-5.614877093436851e-09,-7.087848371559028e-16,-2.4785166058010393e-07,1.1227084772672015e-08,3.91467111853464e-15,-9.948051072039456e-07,-1.560394553899216e-14,1.3940481532285003e-06,-7.02495441274212e-10,5.997542154882383e-09,-1.1687697567960124e-12,3.151530730495565e-12,5.746017640401421e-12,2.2969536430207184e-12,1.941141566598688e-11,6.376371225148895e-12,1.0699918992338002e-10,-1.7927009150429788e-08,0.0027629965003757428,-3.504650238724231e-08,5.499086407459357e-12,1.43493116314664e-08,7.239780265704736e-11,-1.4769015960637046e-10,-9.216110031633049e-10,0.0001256057394414787,2.9310863769299165e-05,-5.434256626380939e-11,-2.7509808965054372e-05,-0.00031972048455118716,4.262755419852179e-07,-0.0008655688170201792,-4.398979941946795e-06,-0.0135433286486126,-1.011449177675809e-05,-2.648279323783936e-06,1.6583539338480478e-06,-3.660609410756935e-07,3.839127677345166e-05,0.0017545934691259519,-0.6499553544665471,-0.0010834091203708797,1.2920692462277805e-05,0.0007559028227057178,0.0015664590345964668,0.030320978433644046,-0.012896898660203146,-0.03247985222227941,0.02261628540787346,-0.005048134733249949,0.00730092787643269,0.0009821708719400793,-0.010290093168539278,-0.03798577591680473,-0.024806314195617355,-0.0007415901989142955,0.00021891630163000314,0.0012731978070152712,-0.044511261333763555,0.14211749213713057,0.07844231999236241,0.12055204036066199,0.516022459612832,-0.35262376314580846,0.10850458208707112,-0.018415992122782516,-0.0927141926949755,0.007845186791583714,0.0024952065194862316,-0.020879880283180476,-0.13865106121900256,0.279770228405524,1.231919037955541e-14,0.04133519322092423,0.08192944631074121,0.10883319749001033
37,6.371921942521398e-09,-2.019877426916483e-09,1.032835264763351e-08,-1.6932013037653012e-18,3.7139989506424634e-17,-3.676376427115287e-17,2.1338257942495046e-14,5.096134616437157e-13,-0.0010340864648391342,-3.587118348501206e-15,4.842246110790373e-12,-5.846490503954158e-14,-2.1805432002329856e-12,0.001065443112853924,-2.0079152324014483e-11,-1.848494698120244e-14,3.436190199020654e-13,-0.0005644510847534254,0.0025114110876936083,-0.0002076558470468887,4.1384892264271934e-10,0.09039638245718618,0.0017823133426945906,1.689528769529347e-10,-0.03458768085753058,-2.5485112424163125e-09,0.11438346198797428,-6.037732474354938e-09,1.3585535120352862e-08,-4.9503483877401396e-08,1.4380976190753066e-07,-9.518679462522736e-08,2.504725124569898e-08,1.7945258614756502e-07,7.819831001448312e-08,7.563975284320934e-07,-7.526334480846924e-08,0.0028291913333607093,2.677572904838527e-07,1.9282703670279177e-08,5.196120719968383e-07,-8.545579732856405e-08,4.053360203867037e-07,1.6753259671521783e-06,-0.7430027559211032,-0.1694948434602365,4.7087675539791673e-07,0.0049907469102449704,0.062911350269003,0.004721616882890225,-0.048437166184193865,0.00017589555041750364,-0.008151409875999324,-0.004535808098025935,0.0007671953501100136,-0.0027881760162551165,0.0009590709839028146,0.0021322160542459347,0.00044132795670466843,-0.002075337992348551,-0.003294568060029933,9.54014386304754e-06,-0.001439874605995066,-0.0010625496659870915,-0.24303897719864795,-0.011786387608554195,-0.04176981414685684,0.016392061627229268,-0.010715044503801228,0.03431810322213507,0.018775479486276846,0.23954223105959505,-0.01756325969255485,-0.3444550873494488,-0.0023149204561513986,-0.0002966331481247858,0.022069129420427092,-0.01016189484468443,0.05307676187574641,0.021189889605426133,0.025398734889841953,-0.004574966810590636,0.055383460655237124,-0.08041645925797294,0.18619921946107074,0.04166449828924897,-0.09666295602351889,-0.002185930867393456,-0.22180594802379675,0.10546341000294132,0.05390928967931924,-1.582806851187102e-14,0.052022722156021696,-0.01825915160646062,0.1580812620628129
38,-2.339388713724558e-08,-1.7112306056201264e-08,1.7237988152436494e-08,1.9066250616368935e-13,1.7295758860582915e-13,-2.0489402932138317e-13,-2.838088101376329e-12,-6.322060883598279e-11,0.005331762779546894,-3.599809287191699e-12,-5.151278360643637e-12,-6.891925553274833e-11,-1.2469389894503499e-12,0.002164353513835028,2.713259207777668e-12,-4.64333276931912e-12,1.2449709229246073e-10,0.011453693833841183,0.0005142818571853335,-0.008378358869331843,-8.643095954089594e-09,-0.41209973409442435,0.005023757746901849,6.082275142766012e-09,-0.4265197065331901,-7.073632943974512e-09,0.3705138192779928,-4.972384303357902e-08,1.1849988866606797e-07,-3.7655131661821004e-07,2.780141621486993e-06,-2.223016360336322e-06,-8.432772328890576e-08,-6.123664537059767e-08,4.570612393665622e-09,2.0667875631772133e-07,-6.267513062429046e-08,0.018524488874878,1.8002569292947877e-08,4.564136955690336e-09,2.4242776581659377e-08,-1.5335281706770162e-08,4.427694737742671e-08,3.624256430325701e-07,0.013163418028629038,0.0026659351226706396,-1.165716300298066e-08,-0.0003513767583062749,-0.005078888976233242,-0.0005351497235874781,0.007968561947273441,0.001168876516453411,0.036437734455492636,0.0008517570326024652,-0.0003590358585214001,0.0008977318858782101,0.00016678600360781198,-0.0016801807158916583,0.0006776545593089774,0.009225141441071364,0.004717647143369271,-0.0001675755606912993,0.010347792864252001,0.004689075393297247,0.389886199771704,-0.11672499317115252,-0.30746971477573987,0.25351285434261134,-0.05695078155959212,-0.07796698337587067,0.013045421005593782,0.1439549052928376,-0.08567061869075032,-0.05591991386975037,-0.00847442117457024,-0.0012185103324450339,-0.0052823840969910656,-0.03885746577804611,0.021985314728018193,0.0790754921719907,-0.0013003268146628993,-0.16530539342646602,-0.01765537960819393,0.18323677039509598,0.04419247798979065,0.08354008005805529,-0.019985032439167088,-0.0005122155144937818,-0.035773053621102766,-0.15181592736592459,-0.061437004472888954,1.5680100847615603e-14,0.08043751813888803,0.10565520142063493,0.13702826852864058
39,2.2234324421997108e-08,-5.657169444648988e-09,2.4574742956679305e-08,-1.812981259376956e-13,5.784554033884376e-14,-2.941912437063385e-13,2.6531438769028033e-12,5.908717611226898e-11,-0.0045019907860481545,-5.204225271736717e-13,1.8628644789977732e-11,-8.904480610179984e-12,-8.654396559827644e-12,0.003931128236524985,-8.177689867355205e-11,-2.431572903862034e-12,5.411347940546352e-11,-0.011180902036480684,0.008106793948776603,-0.0029765070843278335,8.412104360601271e-09,0.483089770204376,0.01650872583095382,2.4375209417535072e-09,-0.12702771961963036,-2.4171129367374316e-08,0.3550090927371595,-5.2080824233011165e-08,-9.356522470931089e-08,-2.3503647810996023e-07,1.7037612827367641e-06,-1.5117893791966478e-06,-1.2490902274905267e-07,-4.7578161456589294e-07,-1.1632523398010155e-07,-9.821100200104454e-07,2.4566716380154985e-07,-0.005880021220960854,-5.980876184007507e-07,-2.4493745521181056e-08,-9.118518765161038e-07,1.0839228243097718e-07,-4.1622880540559614e-07,-1.741306298869432e-06,0.550735958692461,0.12630693173632518,-4.144349745669013e-07,-0.0009663214968059038,-0.008558064405679579,-0.003016997025152659,0.001007250982323454,-0.0002289667107483773,0.002079558514275121,0.0015778300847935124,-0.00021562112773015774,0.0002600885965907662,-3.2290813821806674e-05,0.0004449694074215037,0.0002730246709188383,-0.0009083922726258554,-0.0010018115262906782,6.405949619266401e-06,-0.0008661142927964115,-0.0006636459286095965,-0.166503898547736,-0.009373944360727079,-0.02990568926585722,0.002549161459638027,-0.00564704647261083,0.029860484673034166,0.013394594108348336,0.20904880919899665,-0.015918358575878297,-0.3021667886361422,-0.001784563063720894,-0.00030635176657274984,0.018836149999768938,-0.009047848461584714,0.04884390446474896,0.018719524678213043,0.018853088756698184,0.00037815106356122217,0.047712612133298186,-0.0804142178766889,0.16638602036430936,0.03895300747167052,-0.09868833828054438,-0.002423386161014699,-0.221934716972761,0.10289850337633508,0.03865968662126778,-1.59880870445648e-14,0.05263451766940444,-0.017096348542210215,0.15446544449786181
40,9.577148631077938e-09,-2.8363229034798976e-08,-1.5178075513581562e-08,-7.819730492713367e-14,2.882263377185195e-13,1.8178114966789548e-13,1.1226505200155946e-12,2.4984687375936287e-11,-0.0015700664684111002,-4.7040007906068655e-12,3.6917461120145565e-12,-8.841137632310247e-11,-8.97649020666229e-12,0.006452785340270962,-6.205989295237486e-11,2.601070156147187e-12,-6.909490210167835e-11,-0.004723991941894608,-0.004019975751625807,-0.013940081209642576,3.547315002177778e-09,0.18078608480464792,-0.006012105444870867,1.0475048745475919e-08,-0.534346411955006,9.089162807982288e-09,-0.41337099101267766,-6.28777639677649e-08,-1.5255150781856586e-08,1.6559857463730223e-07,-5.477797331140194e-07,2.1134060657954138e-07,5.426981731741141e-08,1.5496489007989038e-07,-1.0128499172480555e-08,-6.985410775476952e-08,9.196422273086915e-09,-9.149703957868364e-05,-1.8602251751977663e-07,-7.779863484824137e-10,7.875433755708504e-08,3.522977015297021e-08,-2.7320992780527186e-09,-1.3390241818146644e-07,-0.00860301963894001,-0.0015915145254682835,2.358111968129513e-07,0.002008535219746589,0.03562762200751103,-0.0004913220383416827,0.030866764225103184,-0.00011381349080424049,-0.006062525129600397,-0.0008750542959285382,-0.0012220573723987003,-0.00031879351687193826,0.00012495844038296931,0.00227277708933839,0.0012236660013894953,7.739941507411406e-05,0.0009469594066149405,-7.043043494507642e-05,-0.0007693210811654656,0.0009475833933364675,-0.17423901964313576,-0.1609449410621323,-0.36715984388748646,-0.2606450918322029,0.05945104548752432,-0.28608044287397283,-0.018619993727212583,-0.09250255200879444,0.04999323346528314,0.027105944859903405,-0.015299441381802517,-0.01086099355028812,0.004128122586355335,-0.06747011841562099,-0.05442825174420497,0.09833743484437914,0.031245568256740363,0.06240392414899798,0.07099601392280021,-0.12428605681788807,-0.042221998912290164,0.05380621673000084,0.0591374622676051,0.0023484750258999636,0.13392895139576774,0.07798279561335082,-0.034077875449725806,-1.8387186618022975e-14,0.19867743546125455,0.18569123675600593,0.038805058136805175
41,5.728752944422124e-12,4.1923888128357176e-12,-4.227495422828293e-12,-7.754067460544758e-10,-7.036388357416151e-10,8.336114588412072e-10,3.9082414196666604e-10,8.37066320221072e-09,-0.00012215877165003183,4.737408287128558e-10,-7.547267465833025e-13,8.729861057073971e-09,8.245170528526611e-13,0.000183012954119467,-1.2715362277148753e-11,5.40962837076558e-10,-1.3600762801933023e-08,-0.48838247766501897,-0.00017983647738549713,0.36335613510360915,3.766511602766875e-07,0.000346208634482111,-0.36394802303458546,-2.748998828936914e-07,-0.0031192277809111383,5.310701808997973e-07,0.002758358261967173,1.6150791957852116e-10,-2.0875452007143983e-09,-6.893314004647855e-06,0.0001081018603488031,-0.00012327671011361826,-8.705652779495792e-06,-2.373698696899394e-05,-5.24563927102312e-06,-2.3558219487253202e-05,2.7900471333720615e-09,-0.00039528362687822654,-4.146628724408021e-09,-2.4974551831546526e-07,-6.5977488359400306e-09,5.55412501276497e-07,-1.24924593109521e-06,-1.2267236474772521e-05,0.0026569969899569433,0.0065789933204955095,7.739365368461218e-07,1.0404074008373407e-05,0.00022936734123228696,0.00828518836263903,-0.00040293030261265636,-0.024039377687333132,-0.002419398266394024,-0.007139746954339359,0.0037619780679347087,-0.0058682894516681365,-0.0030184418952858873,0.008749897552298576,-0.00010082628521984438,-0.0013691595104396053,-0.021453842124410538,0.0009793839935514305,-0.037805453800067126,-0.0012713572922074192,-0.1762185075087375,0.045629596803370955,0.11399491973011862,-0.07210797658970779,0.020037231723759687,0.042928782336766114,-0.015380720063132394,-0.13778955568127557,-0.21113971126538864,0.03221711423428033,-0.0025361156852752894,0.0013938191594558527,-0.0084649742750702,-0.17952828358353176,0.3276863966270782,0.19971068221817626,0.18337919022653634,-0.22308724260395316,-0.06941276132514185,0.18262773626423964,-0.06790211036244315,-0.05557475173161064,-0.046274912503281564,-0.004202835530811852,-0.03479840263232821,-0.06880797235976928,-0.1956098501540232,1.6629946700811553e-14,0.09556882047586139,0.07285285927583908,0.07832399318721012
42,-5.445032829745344e-12,1.3816111041722286e-12,-6.011807990284569e-12,7.373361512115862e-10,-2.3455687502497946e-10,1.1965233181483403e-09,-3.6241554249958064e-10,-7.755298598129116e-09,0.00010939896300315806,9.102902075932648e-11,2.0112771542476503e-13,1.5733620077950211e-09,9.927523108537416e-14,-0.0003179091202273545,-4.942738470474958e-12,4.1871633162472357e-10,-9.580012195604555e-09,0.4704307885348096,-1.8544070072357215e-06,0.12024381520474711,-3.6150845419307816e-07,0.009479051365088552,-0.5094774518549015,-9.796486279093577e-08,-0.0015323099946683177,7.645997502086082e-07,0.0044281680393427605,3.1300660052383295e-10,1.8745691259773948e-09,2.635358822292723e-06,-3.03634262821967e-05,2.348755329396709e-05,3.4201684832995545e-06,1.4039457814567944e-05,4.960999856070016e-06,3.5722639695644466e-05,-6.092693616326452e-09,0.0002120811404623066,1.6982321551871855e-08,6.872855697906877e-07,2.7605800251923336e-08,-1.4564021266504603e-06,3.7618661747121767e-06,1.2686195828114741e-05,-0.019557171329981086,-0.017855470862208754,3.976184371520614e-06,3.687763361721423e-05,0.0001850938794125071,-0.010220494572965115,-0.0002461322357101508,-0.004556510577224935,0.0004115550937786684,0.022769394279804005,-0.006305482235793591,0.018280409556794646,-0.0073099392019158015,-0.010229974012522772,-5.9986233894143065e-05,0.000479067332710783,0.015881809761700342,0.00011306246768775359,-0.004459149953166893,0.0007582594323934041,0.3375122698390792,0.007109341907573008,0.11134956412295838,-0.3787693397348637,0.09995845251475755,0.005506897557309312,-0.053783292978427676,0.028168095891987918,0.010577513186442965,-0.032785509209378276,0.0037940219113179225,-0.002694531071968416,-0.006463332633515591,0.0006805792293592982,0.009149979481260725,-0.024356046798877727,-0.1066092606805666,0.12996305796128507,-0.09524062346252626,-0.0776672409155976,-0.031486278197463455,0.0174342776605405,-0.17859535603354093,-0.008767508203261942,-0.20835346888666237,0.05111693556319555,-0.29220120294285085,-1.3100435497092719e-14,0.06351236468506738,0.010614548573284277,0.06900423986705399
43,-2.346178631740797e-12,6.94422847497133e-12,3.715467328827866e-12,3.180508924083441e-10,-1.1719813994034979e-09,-7.398174939486603e-10,-1.5311350991227587e-10,-3.2733604014591066e-09,4.1743072533144885e-05,6.489506943000371e-10,4.3194207198089546e-14,1.1794931802027096e-08,8.907638920963718e-13,-0.00026626523324211823,-2.489610397790997e-11,-3.3357931786173183e-10,8.331437734728047e-09,0.20127287731232918,0.0002444391009139547,0.5967628500565972,-1.5417311914034645e-07,-0.001458707440897911,0.3260824493313104,-4.581040652082162e-07,-0.0037513620023741454,-4.922904775481289e-07,-0.0030386355185639522,4.5475229345075595e-10,4.4481731063547316e-10,8.688777211142325e-07,-6.574147744216239e-06,4.916173870138739e-07,3.5342080231385716e-06,2.1582273708294034e-05,-3.138916151427735e-08,-1.124079191240335e-05,-9.732671342078276e-10,2.4756739067398266e-05,6.4572661108549745e-09,-1.0697246492285315e-07,1.2778431372574776e-09,-2.2553299782437574e-06,-2.0013442415713145e-07,4.9029498769739195e-06,-0.00016983939833182656,-0.009135990354765509,-1.0023188518961022e-05,-9.129031848734289e-05,-0.0017625041287950929,0.014781970676878068,-0.0016705531700078502,0.002614904173337373,0.0003809060241392531,0.014017207968370351,0.019123280830245643,0.001353003444492673,-0.00045158130913404513,-0.015849679912661396,-0.0001839533718047322,5.119200944376326e-05,-0.00850233719063185,0.00047425972338014977,0.0023826385337691164,-0.00014936037692458407,0.07760308973489626,0.05821175520549983,0.14281428129607637,0.08372120619183214,-0.020338870222553394,0.1437158874289405,0.01100121808606025,0.07657738368255801,0.10842349787225716,-0.007701160294504223,-0.007217123217942986,-0.004858267866596315,0.0038071045502088567,-0.29018822104282016,-0.13159340370775185,0.36750262359068164,-0.185502243721246,0.0738378558567403,0.15954004480405148,-0.10367393949406228,0.02284928029007069,-0.20757146445563202,0.07467525427408035,0.002545999543629226,0.11199750312221268,0.028775207268862887,0.004387700190373762,-1.8349486730659724e-15,0.1911937853222691,0.0800257135097936,0.0428466576167301
44,-5.513233681049165e-14,-4.037263532793045e-14,4.077185748898832e-14,7.992964113458493e-08,7.254559777868575e-08,-8.596226505001778e-08,-1.264374033732571e-09,-2.5981859964910706e-08,7.182782472582614e-05,-1.473549506613492e-09,8.529300549276907e-13,-2.6105550928233623e-08,-8.22673749137204e-13,-0.0001971638092175685,1.2418946501749345e-11,-1.544254599579407e-09,3.6514036454546556e-08,0.4852417185002578,0.00018743692856524577,-0.3612119003038841,-3.817887284835851e-07,0.007830781142214253,0.3616109155781105,2.8190152937937996e-07,0.011752724648556704,-5.4146166995514e-07,-0.010432481417018882,1.2701774748167705e-09,-4.120810663204221e-09,-4.1915273400330556e-07,1.4052547009931543e-05,-2.0875422042703193e-05,-2.310435315514813e-06,-8.610585383549818e-06,-2.23210409201134e-06,-1.3146751526262146e-05,3.6767112590946256e-09,-0.0007027729961487309,-4.175390045989625e-09,-1.807955150095878e-07,-6.63607202381864e-09,4.283033263788489e-07,-1.0440457951152588e-06,-8.812702826491668e-06,0.002557728223943813,0.005602804352036447,2.7918540483010283e-07,1.5751349687807846e-05,0.0003058995822470562,0.006734462890509964,-0.000519762023402937,-0.01841145248410868,-0.002949784441920678,-0.006622417479325453,0.0033556927341415075,-0.005570651497051022,-0.002458497787366339,0.008150448106256916,-0.00011008540114404028,-0.0015048307609438637,-0.020106104810105756,0.0008967730495109632,-0.03563705876224746,-0.0013444607450767978,-0.1839280493877651,0.04737532965718136,0.11809413144200269,-0.07394421994063705,0.02026016292484264,0.044111603304900056,-0.015007202036288005,-0.140627908398053,-0.20915171803244473,0.03368341659590111,-0.0023109746968176166,0.001427075272378707,-0.008257400750968247,-0.1789757970310852,0.3295807640505147,0.2002448566205437,0.1856235510726059,-0.22253784459343204,-0.06994685138140516,0.18264271421628442,-0.06921262031034986,-0.0581362991742937,-0.04650026895454787,-0.004265157468389779,-0.03477356259685169,-0.06661071774728297,-0.19676726565092012,1.6345455425649767e-14,0.09584130025511674,0.07186049351804202,0.07666906941377676
45,5.2416070853040325e-14,-1.325903340171106e-14,5.779359184735054e-14,-7.601100439287346e-08,2.418269379338365e-08,-1.233663682209558e-07,1.159603283784899e-09,2.379579141749115e-08,-6.630795696360992e-05,-3.4536667861919605e-10,-4.4432895733566394e-13,-5.883121772158754e-09,1.5634386226988668e-14,0.000277712153434567,6.1686043999454225e-12,-1.5190101607374266e-09,3.413967853869511e-08,-0.47309109356979867,-8.872088893072931e-05,-0.12138805497833172,3.699434615544246e-07,-0.018765737272956846,0.5151698615970423,9.994550034741819e-08,0.003809009898563637,-7.811421138234929e-07,-0.010484851370275116,1.4089303302071445e-09,3.370731976285918e-09,1.0864186149547716e-06,-1.8214314430507993e-05,2.002502060271327e-05,2.011644546196153e-06,7.930790595626287e-06,1.9574664463774437e-06,1.4703340286309528e-05,-9.920382384161116e-09,0.0002909444314485882,2.6042537571886452e-08,3.1865761661037364e-07,4.126174901349989e-08,-9.499551181990725e-07,2.425146549388998e-06,8.984570974907795e-06,-0.028076145406736367,-0.016504151539886786,2.1762086744659786e-06,5.073532803373813e-05,0.0003154543687912666,-0.007446147557062334,-0.00024285776991973758,-0.0023745922065033414,0.0003689067511611897,0.018688171230445704,-0.0049602126205401005,0.01569966403288337,-0.0062475633452387935,-0.009529478825401973,-6.252050590846355e-05,0.00048539011198857644,0.014791071881625746,8.93707293371872e-05,-0.0035590124394457158,0.0007523482575195791,0.33202717113882957,0.007039145554239852,0.10877584633382828,-0.3682329944887944,0.09734847164599507,0.004903496652715938,-0.052740585757303664,0.023565978168805523,0.012107397438772942,-0.02507359218546759,0.003773255646558152,-0.002671503456000849,-0.0068418797794388,0.0010267572624895742,0.006734486121099839,-0.025211890787114017,-0.10872182716650959,0.1322311950137202,-0.09759420160417827,-0.07754426072270575,-0.035509447584531735,0.016439417052297615,-0.17937647609371138,-0.008869001940897795,-0.2079167272836657,0.04969880540762481,-0.29737288709499765,-1.3161537618239788e-14,0.06369205802247181,0.011257123144130174,0.06666053744471555
46,2.258602288681913e-14,-6.68124875617674e-14,-3.5748509350426147e-14,-3.278456335959588e-08,1.208289814839441e-07,7.628709641361988e-08,4.888279719824231e-10,1.0019699164243771e-08,-2.5867216403553756e-05,-2.0915341343510425e-09,-1.0751982338595639e-13,-3.6680811154553806e-08,-7.694228253369005e-13,0.0001995738460607437,2.5640717393978938e-11,1.0369660403969676e-09,-2.443515185681132e-08,-0.19996766992278087,-0.000206477074269607,-0.593139292257479,1.5579200150432066e-07,-0.002121901605548711,-0.3238646511160419,4.649304985289039e-07,0.014454938504687912,4.955155251587386e-07,0.011472884562583495,1.721150087284665e-09,6.742167567789096e-10,1.8615707506113497e-07,-2.7592377469773313e-06,1.8856930791421478e-06,8.119354382162625e-07,6.174913595734604e-06,3.386931731555863e-07,-1.796451961694322e-06,-1.0417951276714492e-09,2.4863453924652676e-05,9.294109034941627e-09,-8.372383686538533e-09,-1.8728479688715157e-10,-1.3042058269553724e-06,1.8258082784882054e-08,3.547042907837775e-06,-0.00047780008297347023,-0.006959149042187421,-6.303695403167363e-06,-0.00012101276120037812,-0.0022849461684905084,0.010623910436082554,-0.002114975270528015,0.0018558634593488319,0.0004731944834944539,0.011672039106393584,0.01566849797519211,0.0014573699028358823,-0.0005028010764324169,-0.014342327603041449,-0.00020160018627468258,5.0079181932709017e-05,-0.007593069444302278,0.0004322000186827394,0.002209535701240144,-0.00016071420913010481,0.08123003175610607,0.06064871020676138,0.14869239062402556,0.08648672198673926,-0.02088928715911557,0.14819907773969745,0.010995928569257499,0.07831921211686249,0.10710755423798533,-0.00844860798983513,-0.006704502649114653,-0.004517640401809901,0.0036598175939367653,-0.28879873281469515,-0.1311272844530967,0.3694237364879563,-0.18813308610349702,0.07351948765771298,0.16003604039746475,-0.10318550007987079,0.023953500517897512,-0.21042018857669828,0.07455045085114217,0.0025347177170186334,0.1114696050750748,0.02749652352705653,0.005207751603380035,-1.3132141296894929e-15,0.19092665023013017,0.07715696020329077,0.04283788614067167
47,7.809414874818913e-20,3.435838079501617e-17,2.4784903277109437e-16,-0.4911957614636528,-0.35868001202850835,0.3604672699699259,-8.059902225833117e-06,-0.00015289895112150816,9.721021488867029e-09,-7.172965629644357e-06,3.2655550539746544e-16,-0.00011799211366784999,-1.8254274704659815e-16,-4.742157154985838e-08,3.9976272128527206e-15,-5.949736498404137e-06,0.00012653333193458658,0.00012070380530539907,5.633018114085597e-08,-0.00011481909956692125,-1.6348541731294524e-05,5.775901162666958e-06,0.00013783952853605767,1.4008745979980047e-05,1.0394666748831626e-05,-1.7160114591221703e-05,-1.082052236046329e-05,2.877673214115626e-12,-2.8042356218527367e-11,-0.002741607245983283,0.03816448500134498,-0.040046822033983714,-0.002443287349606369,-0.005481146786758963,-0.001121742695517203,-0.0036703112807826583,8.528655127930353e-11,-7.949154677961272e-06,-2.254545626757673e-10,-2.5035097436007125e-05,-5.242371504380554e-10,3.1653099377000806e-05,-4.24144686300428e-05,-0.00058028620444783,-0.023317160468923383,0.103724315608068,6.644841114263026e-05,-4.5830895711587405e-06,-4.665357855334174e-05,0.1362085882771088,0.00012766550519843436,-0.40190580508690604,0.00034420170629070873,-0.01721986124921248,0.004487687611201157,0.007937645618250347,0.007871157967445837,-0.03420067297211573,1.8428450413895302e-05,-1.3741592918068634e-06,0.09925555025606732,-0.004982345557967754,0.19795021058038792,6.31724231737284e-05,0.023461428468841375,-0.0044390345770098805,-0.008055118693268304,-0.01081958439226585,-0.013266491920712924,-0.005978860468343812,0.041630402339250215,0.0395945849299,0.27595317594172203,-0.016080686242794632,0.020455375538762297,-0.0017294886804635815,0.011259428420200468,0.17030818771735678,-0.012965202090065252,0.05276853176492327,0.19061206189322663,-0.03340730228294292,-0.01867559590383795,0.1813472114764361,0.005638096308174175,-0.1829556924582116,-0.008242217810359309,-0.005664397523494942,-0.02884432730442897,0.12353446275919729,-0.04631938621158337,-2.3127418248521125e-15,0.11809942163264134,-0.020541401873942332,-0.06991491114527602
48,-7.425588468638825e-20,-3.259600553928145e-17,-2.353045476295953e-16,0.4670090572605624,-0.11953046373508144,0.5171423628009414,7.179270905863421e-06,0.0001357534943210456,-9.020727553661265e-09,-1.9658073618155074e-06,-4.3766749118122605e-16,-3.171643870776535e-05,-1.7206507354644197e-17,6.097041727836447e-08,1.974184608758438e-15,-6.952854093771046e-06,0.00014550220859301007,-0.00011675957754926487,-3.6570629955673136e-08,-3.829408500650269e-05,1.3158360664007237e-05,-1.0203828479303528e-05,0.0001952497854073513,2.4929434944542683e-06,2.848067034842917e-06,-1.2871785703740116e-05,-8.548067950721811e-06,3.88647017803821e-12,2.4782708292100826e-11,0.0010592662011819764,-0.009882728886044271,0.00614423533192098,0.0008163509512134532,0.0027888131833256015,0.0010598758884701204,0.006270649174309026,-1.6574930871770495e-10,4.620391419149436e-06,6.608258017940885e-10,9.64559541840384e-05,1.4832900527547205e-09,-0.00010714089478327695,0.00021393303261403476,0.0005869252381369321,0.07085907402961435,-0.3138604799338975,0.0002537040886828367,-9.322096124040107e-06,-0.00017576780653895713,-0.21856924068930603,-0.00040232433349018866,-0.15251773322856652,-0.00010661397515148538,0.13833814823042986,-0.022134450993910676,-0.012851764034323827,0.016083109083823387,0.030349303201461824,1.117222952624904e-05,8.854786070858305e-05,-0.05699640677054701,-0.0010360372770027051,0.057063781180360956,-0.00010619785635668524,-0.04805999221268076,-0.0004159441097398819,-0.015165755121061126,0.06082475144603042,0.0018677805890237832,-0.0028889238159110105,-0.04595764713813795,-0.030056657934795488,-0.22783506276594753,0.00699603711182999,0.015878686560460008,-0.012048811027149504,-0.12753840387727286,0.013464773722736832,-0.3018471460131854,-0.010670880023723364,0.16603055378201761,0.017487941311080793,-0.03436777858801959,-0.061788015254793514,0.054509800662304445,-0.15666273191938132,-0.012840177206070629,-0.006209432944483697,-0.15689137039985485,-0.08805980685994926,-0.0714599149628733,-1.7251924890386818e-14,0.0753995082483261,0.0586708325492745,-0.1465049683273438
49,-3.2042400261346566e-20,-1.3987561679255754e-17,-1.0104448742660106e-16,0.20147262511208677,-0.5974025262511201,-0.31989600930588025,3.062224759395721e-06,5.786896425865313e-05,-3.5939857668273826e-09,-1.0491578398978703e-05,-8.782926268603939e-18,-0.00017151581158106406,-1.3733750233263572e-16,4.097253149218394e-08,8.24026990418271e-15,4.342072338817109e-06,-9.260135065230514e-05,-4.973725133763354e-05,-5.501015998512207e-08,-0.00018849801912655732,5.4866169511592425e-06,-1.993082370367975e-06,-0.00012339000218715375,1.6242274502813724e-05,1.2632881471138453e-05,8.926016296123651e-06,1.1581772460556193e-05,5.061337584448226e-12,6.496105348422518e-12,0.000316494155265645,-0.001788004779387399,-0.0004599179782739248,0.0009993026557544042,0.005279992885577133,-6.576885944872944e-05,-0.0025137654558568135,-3.731706459333639e-11,8.10775944930103e-07,2.981064432375857e-10,-2.2344757394061234e-05,2.6790162757566566e-10,-0.0001994125710020971,-3.106421794163622e-05,0.00022966316977715326,0.05436569803173894,-0.22927811117501867,-0.0005534814679621754,1.1183375352090185e-05,0.00010596378154805109,0.351515896266697,-0.00012512417448696988,0.053448680177419265,-9.822196304216464e-05,0.08927177518455125,0.05626973073383917,-0.0030290157605245304,0.0007160235242338517,0.07325166339295744,1.042743043142489e-05,-0.000108474277513395,0.05355607403479909,-0.0025085960641482367,-0.014670155383602612,2.598528218912839e-06,-0.01565739257788565,-0.007909412707941866,-0.022201121475303637,-0.0014408959708828695,0.005578433062436289,-0.026560055273677045,-0.01753840948657912,-0.02563134407470657,-0.16918856999797435,0.006891967180176617,0.043946030424508384,0.031079012230575118,-0.006936104880863104,0.34767713775744385,0.1092587789102453,0.11488822984595572,-0.17461761968004189,0.009518194128198914,0.03524677272800919,-0.06090199998124548,0.02771302335046152,-0.1124176745903,0.004674605158241594,-0.0006284660372036285,0.06480301865601223,-0.08096245498822115,0.008437056367968864,2.96037592693794e-14,0.17043764289850316,-0.16798773442591278,0.03752109167616496
50,-7.554229988001483e-23,-3.5197524751457694e-20,-2.5393655384698836e-19,0.000503250178220218,0.0003677215478239996,-0.00036977697849513745,0.0006625804463783335,0.012159209068219004,-4.833866868003505e-10,0.0005723386260428362,-1.696099609887106e-17,0.009131176128829604,1.792740256505943e-17,3.457850714287531e-09,-3.165233715961046e-16,0.0004631126868269276,-0.009462483460258663,-8.940689564754299e-06,-4.792792575083176e-09,9.384177228810143e-06,0.0006239885739395542,-9.817981877666876e-07,-1.255154808075888e-05,-0.0005023058544460917,-2.452906734878812e-06,0.0005657526939262234,3.789891656619994e-06,8.992710638333047e-13,-4.537284139934367e-12,0.04349883053405553,-0.5561841449056449,0.5532456654696459,0.029446741192302065,0.056184569523007294,0.010058054012714411,0.022848739612399242,3.873196869276617e-12,-5.467674281482221e-07,-1.7507448472982917e-13,5.339019775552928e-05,2.349579364095339e-11,-6.0778023657983755e-05,-9.543820482129812e-06,1.3509293501116185e-05,0.006465729802902137,-0.027932696281381307,-4.0264384023729354e-07,3.9720146398679253e-07,3.276481535461167e-05,-0.027624129799699092,0.00010347513863140127,0.04864048260785195,-6.559072311059067e-05,-0.04720096628685158,0.04802528300757441,-0.010636614809737314,-0.1376212206905723,0.1127386477756714,-1.7952859899515956e-05,0.00036869214986389885,-0.23869042384460412,0.006913711455566994,-0.3839054796327043,0.0002281887265382371,0.030979029446062716,-0.006009591528467864,-0.012805402398866152,-0.002306538688379529,-0.014736285255438079,-0.0056073812419938284,0.004238431909314308,0.03157890755907035,0.1676105901998586,-0.010097223384216234,-0.00014480344750577095,-0.005586903297428399,0.02250742090218089,0.10648043223217955,-0.023965669941435095,0.017144003749074405,0.09334633728897619,-0.0013941647873761517,-0.005282186575515194,0.17487837091078143,0.006660512539684746,-0.09867773756879936,-0.002038145961378987,0.00455597982122749,-0.026503287102133077,0.1364297694471294,-0.012655497002759244,-2.910123320198101e-15,0.1168474369189574,-0.03006546690905734,-0.08080634682075415
51,7.161259744333338e-23,3.3289813795885514e-20,2.402967170735383e-19,-0.0004769304698634943,0.00012205187610849818,-0.0005279929111422488,-0.0005746499654830741,-0.010498138007565503,3.8389251375030886e-10,0.00016974852579879386,9.311337932515103e-18,0.002669664415445932,9.186438984681026e-20,-3.30523374261503e-09,-1.4112020242046083e-16,0.0005746628060242509,-0.011617609692617766,6.779668670590197e-06,2.82860438960414e-09,2.158814898452183e-06,-0.0004696214565939665,8.735852970462279e-07,-1.1154366230159135e-05,-0.0001167917935405546,-1.7580266830671165e-07,0.0005131428312886808,4.7214986571620785e-07,-7.772018355163725e-13,-7.376847300850299e-12,-0.010449173199039112,0.055227410137303236,0.006850757752861658,-0.0041772598437196055,-0.0158379328248418,-0.010120444077622002,-0.05733546382917528,7.916780137349068e-11,-2.0887082904275316e-06,-3.939130343336192e-10,-0.0007734320733295802,-1.0173678937815375e-09,0.00045600614809578543,-0.0008816408262004425,-0.00043777779217218536,-0.10776572223222262,0.46704129572691944,-8.50997575268881e-05,6.031156175777242e-06,-0.00022004136893066396,0.22119409179685784,-0.001147399242815534,0.12406927162336746,-0.00014419511105409418,0.42149906808643517,-0.24502905683923418,0.4538942883366546,-0.2179304919378958,-0.05321465659696651,-1.795605697834962e-05,-0.00043575318877158537,0.12705253051537005,-0.003251548566742252,-0.22505257801519463,-4.0475004000865165e-05,-0.03346695227998295,-0.001069943535117955,-0.012649309859850497,0.041950608428367425,-0.0023615126552581603,-0.002141051882832006,0.009242634585789047,-0.015478351751640855,-0.12974890062345792,0.007853884110799597,0.002976068200352183,-0.01059223617990291,-0.027300330307191145,0.011232742743890285,-0.16772758467535065,-0.0035753873849801855,0.0987531352601132,0.00021703860578710415,-0.013884209110807415,-0.05877896224551956,0.03228335043781973,-0.0897783980282306,0.00929420832663254,0.004332511902334878,-0.14569333318293504,-0.09809764918731863,-0.02170117838355666,-1.6888111716649878e-14,0.07421331360618519,0.059267638055587664,-0.1600331246259557
52,3.090349390652926e-23,1.4291415171593928e-20,1.0319543251494065e-19,-0.00020575284271228542,0.0006100120727175151,0.00032661018892364536,-0.00024802006493734505,-0.004530869208704416,1.5529180908747553e-10,0.0008456296421503559,6.808417477588915e-18,0.013422369989457467,2.103553966127268e-17,-2.0708704612096146e-09,-5.111422086305604e-16,-0.0003507975755084591,0.007188251010397266,2.8941109485026567e-06,3.077093800930902e-09,1.0961580581192911e-05,-0.00020176241454006528,2.3298574905184666e-07,7.1841676039974856e-06,-0.0005989356821025257,-1.2317192881238554e-06,-0.0003211030140197637,-1.2037096166169311e-06,-1.0102265970816602e-12,-2.719629193395191e-12,-0.004000662812507841,0.014864106893082634,0.014771902660264515,-0.012738798020969456,-0.06077594768618334,0.001997657895328134,0.030974931727731532,2.766236084266388e-11,-5.841598993228561e-07,-2.115419696779604e-10,0.00026890286904768566,-3.488095670059169e-10,0.0010960915704065538,0.00023914205239295106,-0.00020621949963767062,-0.08125347627065645,0.34323555996183464,0.000301275628489003,-2.5733013961373083e-05,-0.0006289143155598869,-0.3655659207674972,-0.0011941236757760155,-0.031097290244397103,-0.00028266347564860677,0.26862456946343444,0.6143253872815406,-0.05019435048053104,0.02567557552672944,-0.32326943520282003,3.081421680673544e-05,0.00035439012220790964,-0.19614069535003775,-0.0016164143363591773,0.05025507168661866,6.120254081303267e-06,-0.010957525453961666,-0.006236975574829301,-0.01656027271147427,-0.004514541680773861,0.00410020045467935,-0.01845590351227418,-0.002903335603162047,-0.01673350675179291,-0.09109481769542571,0.003216350036716394,-0.0019457065554407404,0.016210599634141763,-0.013563310041766651,0.1933363510682585,0.0625959268225642,0.039924890130078446,-0.08058127945307156,-0.0007650725422138031,0.007904867616565376,-0.05396409050352713,0.013493237133696235,-0.05004632937609645,-0.00522672875894184,0.006938570713787143,0.05713850495178309,-0.08701268257325392,0.003974204247497528,3.068656896788002e-14,0.16310302476008293,-0.183386594494898,0.033879094464189484
53,6.216873025794724e-26,3.080064594325802e-23,2.222451081937387e-22,-4.40435321221636e-07,-3.220142298405106e-07,3.2410722874819083e-07,-0.027383478794386403,-0.48459348720748,-1.0337690843459896e-11,-0.022908333685760427,-4.484388780082534e-16,-0.35335640026896836,2.228269947910123e-16,-1.97115379177825e-11,2.1949741433618771e-16,-0.018191466765064748,0.35576682467537957,4.6699277920709526e-08,5.6767247318167186e-11,-8.563368651563824e-08,-0.010164606367923601,3.862452210452803e-08,1.6909600114366962e-07,0.007441717435164151,1.4228020929332168e-07,-0.0075073349324031,-3.5958260162788727e-07,2.698139756763763e-13,-1.3342518168343433e-12,-0.07126605000577448,0.25380568061613085,0.18168424889910806,0.058253112008365075,0.2252464041767455,0.05627017705756765,0.23494132241653667,2.560966669805604e-12,-8.389762996588247e-08,-1.3222522361552554e-11,0.0014280642790434326,-3.759868532832243e-11,-0.002594571934141628,0.001758048181392345,-1.614982254590753e-05,-0.00682587028938069,0.029255373127549725,-2.0567708307089706e-06,-1.8982742263881662e-08,-6.070150220599263e-05,0.014859369939468616,-0.00028772430245328545,0.0005488367187610269,-7.306231150212688e-05,0.11375101473964051,-0.10888617552957011,-0.11777834792774437,0.3678957848659278,-0.0859789485065214,-1.3507196886234692e-05,-0.00012712674979404646,0.018473343701598113,0.000788773395420444,-0.16397721831575443,3.7015098041146386e-05,0.00038882580550704803,-0.00037084885408230717,-0.001841358221208943,0.0067550425134138194,0.0006135860667904606,0.0006736211572095646,-0.04564504603159659,-0.0018500319122183484,-0.05505213451735939,0.003681095834542907,-0.024733453574883886,-0.00432349888044948,0.02115166204175601,-0.026684620416736773,-0.020925932592127796,-0.030194318412143418,-0.06001883025777212,0.037043439070053044,0.012186543784296263,0.16349764108062945,0.0031948034866762383,0.04396030418222336,0.005534604378997913,0.01602558129583218,-0.02312021943318524,0.14437172782749225,0.030558410459662004,-2.8457753543897963e-15,0.1133121342998593,-0.039853699556290555,-0.08945075635522325
54,-5.898500114162456e-26,-2.9161692410932096e-23,-2.1048418528566357e-22,4.177712965524554e-07,-1.0662388805833605e-07,4.6185153545432876e-07,0.026052221536793305,0.4603684911804577,-2.6725606208126845e-12,-0.00768871150923313,1.6886795885667405e-16,-0.1175373719443665,-1.807154775425316e-16,2.459680871083378e-11,-2.508390429317088e-16,-0.026154277666861597,0.5104917286947062,-6.964130262398022e-08,-7.36704419816972e-11,1.2159200446590648e-08,0.009684462628441819,-3.501025880498238e-08,1.5812437906721165e-08,0.0024720573687464983,-3.8826313730330214e-08,-0.010723916958338098,1.7117813633709515e-07,-7.767713894685042e-14,-1.7019915800165115e-12,0.06794726629769203,-0.203632503237867,-0.22483711935837059,0.016106485800673514,0.062355699554630405,0.0670177331363356,0.3334357025865992,-7.120965066725187e-13,-5.820918223139555e-08,1.4583875288505476e-11,0.0035318181253272602,5.321774636929414e-11,-0.0010772129165281079,0.0020768919628609797,2.225309396112942e-05,0.013799139176703853,-0.05895280132802688,-1.8779126720444174e-06,1.8544071872599684e-07,0.00011308677533728787,-0.019851718759960186,0.000511493716748159,-0.016234220439416264,0.00015519842771467753,-0.19154528491237127,0.12016710010095777,0.11101141848953927,0.0038049422286246712,-0.18194273023823,-2.1682706447642606e-05,-0.0006443253549887693,0.2723669718375851,-0.005175233840249561,-0.17451379772574485,7.046700569265854e-06,-0.0011304450446380423,-0.0003269764680181402,-0.00048265654200858876,-0.004338590194653666,-0.0030633225895647597,-8.34130796638167e-05,0.06900981604128706,0.0033501355127914818,0.007670462085483243,0.007335826524554122,-0.013789124994758158,-0.002484681751505194,0.09888822964431991,0.0007830019689902511,0.03211995151979969,0.005069228347915711,-0.0073635552418648866,-0.020310026693614106,0.012512470196221977,-0.055169481560179826,-0.0027834318402076537,0.013962305907458413,0.03494572694698172,0.01649012273562614,-0.13115487293880648,-0.10845518434622306,0.04047515048268457,-1.6706164455837773e-14,0.07172690190158207,0.05865409710605826,-0.17168564806268652
55,-2.544711778354662e-26,-1.252019593647849e-23,-9.036680703058885e-23,1.8016719481268996e-07,-5.34007050211412e-07,-2.859251568426473e-07,0.011252303312890016,0.19888678810646368,4.322255198348539e-12,-0.03819759108781129,-7.122909986232081e-17,-0.5890861367968255,-5.986804673027809e-16,1.2444731794931904e-12,5.289947723737757e-16,0.01599501038538989,-0.3154726951356042,-1.9899807659744603e-08,-2.120982370196334e-11,-8.134796578759602e-08,0.004171074394560789,-1.2349464316075662e-08,-5.701746991513159e-08,0.012399020016176843,4.6101163275076126e-08,0.006635237925656991,1.1024448129929856e-07,2.908680912543126e-13,5.923255717899312e-13,0.02862950449612644,-0.07809199378592248,-0.11511739203649408,0.09141069599404268,0.3826958569634134,-0.020794064625800916,-0.20225670276774124,-1.5960927643627492e-12,3.940734990944481e-08,1.1971908184109135e-11,-0.00165597043699106,3.310532689067336e-11,-0.002985041338855852,-0.0009078894024649479,1.5467212226569817e-05,0.010091491726622008,-0.04256239069334683,-1.0686409599555791e-05,4.221615816806609e-06,0.00014334375509278494,0.033729322605683676,0.0003766837038375997,-0.00033493720464704263,0.00012897577435326072,-0.10849575864472463,-0.16354603560633516,0.07814925304979006,-0.030049161760224728,-0.32094768451723815,1.7820790275395924e-05,0.0004122081280520419,-0.22614950144175866,0.001268131595513597,0.05006735557773577,2.854622715564359e-06,0.00010785016937685861,-0.0004992146570398597,-0.0006263188954075213,-0.0033649766796487713,-0.00015188506966695822,0.0004581970365997784,0.016558317369159976,2.4793800210711548e-05,0.026262037490293048,-0.0020651175516463644,-0.05553248742696378,-0.00942024559965487,-0.01731958994134702,-0.042972058745056656,-0.010145625200923006,-0.05535253967080034,0.04844229177207321,-0.012896219646998934,-0.02574842806715756,-0.0453956792504704,-0.006202579507836156,0.032966076496436576,-0.016561875290017576,0.015463872057664158,0.04782257833688189,-0.091950380536138,-0.001971910967692006,3.1573728817623243e-14,0.15323745285630536,-0.19714689952726852,0.02883216354072308
56,-1.447990122206904e-28,-7.646037743637261e-26,-5.517811752901753e-25,1.0934731608004566e-09,7.999501627181186e-10,-8.061981079709975e-10,0.029229347563985954,0.03254825102675701,9.574747580516742e-13,0.022224495178854237,1.97412322048093e-17,0.023503742130023098,2.986592843437255e-18,3.169747284766353e-12,3.2694858746858373e-18,0.022007998450138726,-0.023972488648164654,-8.313316989022694e-09,-1.1481945237903235e-11,1.580668972680216e-08,0.0016447429034993975,-1.1303970726577239e-08,-3.830499595325639e-08,-0.0012020412209841978,-5.561782799596062e-08,0.0012168150299349913,1.9528386731588208e-07,-2.4675156969667007e-13,1.2890960969480143e-12,0.13866830929369256,-0.16505546311321412,-0.1575558828884677,-0.11684920741813173,-0.161950896004998,-0.10836296836952626,-0.1808124770121526,-7.486095977931351e-13,6.251611079419584e-08,-4.224964760377369e-12,0.5576964878651831,-1.1849371304683846e-11,0.40639320299435366,-0.41137165106644547,-4.012271291025102e-06,-0.004075306145082461,0.017434922571925873,2.550752513146939e-08,-4.773612862026693e-08,-3.8536495254460426e-05,0.010179060851027663,-0.00017952426626374995,-0.003394987958317822,-4.0068548055660394e-05,0.07150735531785665,-0.06910020884393758,-0.07233679466506387,0.22458725241254404,-0.05904689394273971,-6.497794785127259e-06,-0.00010020942762201186,0.027697882912778405,-3.2724505023246076e-05,-0.06607365238852615,4.553945578130743e-06,-0.0003168626529717718,6.215610540148648e-05,0.0009518190355205405,-0.007894211075264732,-0.0019108500410401524,-0.001457422565492036,0.10063657132600448,-0.013456224376434515,-0.0891956796521485,0.00012581488317633642,0.05261008425299456,0.008667039978123684,-0.06821822384239781,-0.05591472667678043,-0.013807350561170304,-0.03886893753425339,-0.0912406230822193,0.04362746272766799,0.015598209490420907,0.16289807634185333,0.0005540566870312053,0.07434416643112254,0.007138994501618974,0.018237509476225506,-0.023153769660401793,0.1462979443600055,0.03904003984036891,-2.8938861758234565e-15,0.11418912674963437,-0.04181023409301844,-0.09225886588748425
57,1.374658480135338e-28,7.244764625869128e-26,5.228803798342553e-25,-1.0378460720876264e-09,2.6415270442471674e-10,-1.1455482532493986e-09,-0.028167991770423156,-0.030888040112439435,1.3261871961560898e-14,0.007231664326025664,-1.3495159654199734e-17,0.007824963187403092,-1.4451764328371972e-17,-3.5133724574058755e-12,3.247471819069811e-17,0.029571181403295614,-0.03448809412228759,1.0547120436030808e-08,1.3255816386651748e-11,-3.5975875774483647e-09,-0.0015654813242747846,1.0365573967282808e-08,6.534851709816608e-09,-0.0003993077411466383,2.4674691948134103e-08,0.0017332160765388437,-1.3545586057857617e-07,1.252330564729309e-13,1.693849904201277e-12,-0.14541036335602114,0.13618511610771317,0.17331393771232528,-0.03683976897278464,-0.036538417440469366,-0.1461046407826277,-0.23765720757594117,-8.55207614786533e-12,2.3490289035578856e-07,4.132939035750519e-11,-0.5281641634779711,1.1956015582058482e-10,0.1300536615379151,-0.5855791468949411,5.281052114750355e-05,0.015341516283889975,-0.06611910364759234,8.496901020999564e-06,-3.7856803264110827e-07,6.876303685038106e-05,-0.027386328861340476,0.00031643493711697553,-0.017533525909868675,6.97072621661692e-05,-0.11654323653297036,0.05948500915319084,-0.07787760644616666,-0.06030804025847218,-0.1579979847703816,-1.4949939292322275e-05,-0.00046964833295159503,0.204401843984893,-0.003992258011275385,-0.11377385253852737,5.832055930797545e-06,-0.0003326987913492875,-9.988152416225089e-05,-0.0004403059715416709,0.0016306912984466516,-0.00021439488277783395,0.0003327450508644619,-0.01697320766888377,0.004333465008959867,0.06683045618276152,-0.005356098551912882,0.004335157865388548,0.0005780373417989933,-0.027048016675862322,-0.0027569024433170388,0.08805164510788166,0.007033945262133357,-0.03453616679073296,-0.024988550279489985,0.01833288440676657,-0.05486782798875641,-0.014260169677683931,0.041578401886591426,0.040492152008646906,0.019122438804226094,-0.13058541437458537,-0.11158212598269442,0.05408958199797098,-1.6991325052895055e-14,0.07247858939792257,0.05945396769469408,-0.17655557012966777
58,5.929935611573303e-29,3.111268881808616e-26,2.244672498122227e-25,-4.4750861915980204e-10,1.3259029245474011e-09,7.101076384363793e-10,-0.012070355297846702,-0.013355815805882453,-3.643405947882961e-13,0.036175980932424794,3.653027847203214e-18,0.03926148517180629,2.777665598480287e-17,-5.342908904096935e-13,-4.0953922380414124e-17,-0.019789087149190206,0.02125395387122296,3.6038110849779655e-09,4.514198667956618e-12,1.2606375429834215e-08,-0.0006755142872283613,3.899338284151741e-09,1.203479709285142e-08,-0.00200431686777605,-1.0362112593690293e-08,-0.0010751451783226514,-6.42508790654852e-08,-1.516777408122524e-13,-2.348018348604915e-13,-0.05817839857818288,0.05355750372916535,0.08942912403480875,-0.17578879797958444,-0.2786354655396322,0.08208651562399263,0.150504150850863,-4.028862381676513e-12,4.130519096539298e-08,2.5559050407521177e-11,-0.2308001745321358,4.1948562761271176e-11,0.6811559174164585,0.35886634190653566,2.2877637420950486e-05,0.011920833646236037,-0.05030669094360149,-3.3118856613051526e-05,4.330969390019795e-06,0.00012943966758739736,0.047339942662551135,0.00030824303776040844,0.002183733484675495,9.690325366118891e-05,-0.0836891100465177,-0.13823384536875513,0.05222744291328513,-0.0176882896903213,-0.16622584117650063,8.173248104667165e-06,0.00021646200559835864,-0.11885662194562219,0.0008639522782393335,0.025397912760968526,7.381179842847882e-07,0.0001331254239361116,0.0001491431778654266,0.0001113570512811054,0.0030497991108505897,0.0007807559349899399,-0.00018412005361780932,-0.03708467894939854,0.0075982492428239385,0.044337554040054614,0.0013137388695405759,0.11158352922976558,0.01773903427793917,0.04461588790210734,-0.09529624946040487,-0.028572862919883816,-0.07337426861454527,0.07464899556777124,-0.014927693731093422,-0.03208458975505708,-0.044323014098616345,-0.009375320270649391,0.04817922172202886,-0.018756969395075623,0.017033205287279488,0.046944348880391534,-0.09348381165793372,-0.0033200226502036263,3.1960091971697734e-14,0.15351117850199092,-0.20169219942626532,0.02839241288609411
59,-1.0617367778946192e-27,-5.612885631802538e-25,-4.050584116156472e-24,8.027101094346919e-09,5.872624203366751e-09,-5.918446074589767e-09,0.025946358831572116,0.49236047388342763,2.933991459000659e-11,0.021867227453597232,3.7427523918861426e-16,0.359278524860716,-1.533025118299777e-16,-1.6873655024023345e-10,-4.5251420349103817e-17,0.017029220014243306,-0.3613473562099797,4.4042360929372867e-07,2.4787772719157106e-10,-4.6808415459866994e-07,-0.0011452615882939345,6.661603589337163e-08,6.57209784558772e-07,0.0008289555344227383,2.0520076832743312e-07,-0.0008542953542071232,-4.3982388119206655e-07,2.06609152381151e-13,-1.0391455234949446e-12,-0.07262230214844762,0.2395013305682428,0.14200877133651707,0.05735696353104345,0.19435123557733744,0.05557653871877258,0.20544518760419941,2.3839684678592526e-12,-5.770733672421106e-08,-1.280566777385623e-11,-0.0762102182197405,-3.8463022239505405e-11,-0.05874543467317407,0.0586809506263391,-1.6771176117175133e-05,-0.007128552515097933,0.030552593437006746,-1.9685987797343543e-06,-3.7978880940311445e-08,-6.325255085688114e-05,0.015861464370248372,-0.0002980052274084106,-0.0009237658762413924,-7.309659757212574e-05,0.11797704185366069,-0.11289481876721297,-0.12043057549556094,0.38210151112268587,-0.09140549070728167,-1.3406329798269321e-05,-0.0001418271521629806,0.02599934336692051,0.0006123703496950169,-0.1579054967788114,3.093068592171327e-05,-0.000988503041011079,-0.00014827734308608546,-0.0016509339607231185,0.009070973148152747,0.001698604179946693,0.0012557483940905795,-0.06752131210390988,-0.0018247775581697234,-0.060323493991101824,0.0047597391720624275,-0.036057626784992955,-0.005961642385224578,0.03286872247408389,-0.02868917251885492,-0.021617942695783227,-0.031046474073066526,-0.0625937504987198,0.0378106941935549,0.012496570676714905,0.16309691586135616,0.003368728049232466,0.04617187959660962,0.005649471961530623,0.01620691277945871,-0.022974537909081022,0.1444765641654238,0.03128369817615848,-2.8905248284039386e-15,0.11294086332416375,-0.03990912734960743,-0.08941458847923699
60,1.0079865967963356e-27,5.318443516342046e-25,3.838505103248814e-24,-7.618911418414033e-09,1.9391210816492146e-09,-8.409245223440212e-09,-0.024676597558317446,-0.46789770017703164,-1.307852728077023e-11,0.007365196333634942,-2.232576255176912e-16,0.11954741966014597,2.873737061994314e-16,1.5770010847132177e-10,2.9626919273410057e-16,0.024722941125518687,-0.5188174631097711,-3.2681724033011474e-07,-1.48570251095811e-10,-9.602559135224903e-08,0.0010651761995623277,-5.980526700435685e-08,5.092292053416558e-07,0.0002705550829923762,-2.6284032454058787e-08,-0.0011835264264561814,1.3320891427906355e-07,-4.486205613002233e-14,-1.2477093399929442e-12,0.06943579781643604,-0.17897007162059544,-0.19728570525362146,0.016762432553301912,0.05419847828742909,0.0687197948961225,0.29273842521079413,-3.4201133490498643e-12,1.932672935828095e-08,2.792127541701101e-11,0.07620405856863867,8.620456498260411e-11,-0.0190229320797261,0.08314948218899217,3.622690268328755e-05,0.017433979479884534,-0.07468764732960045,9.261138570628327e-07,1.0417327433820886e-08,0.00012359643197046725,-0.027196164683725484,0.0005645251514841365,-0.020460670915937416,0.00016669409675771935,-0.21135146247572428,0.13339482405772693,0.11259916270190959,0.017852326353428923,-0.17970091125403384,-2.141978715020177e-05,-0.0006368639319363939,0.27066305943191543,-0.005100333715246664,-0.17019681217095847,9.005097806411773e-06,0.0003470284956719357,-0.00031282926310634106,0.00011609754644646552,-0.007306436358308785,-0.0034118093927179055,-4.187732396262331e-05,0.08223161383806901,0.004060032968771875,0.006106834750217623,0.008933514884527443,-0.016819212896230295,-0.002467093329390085,0.12059635963998802,0.000777399208753625,0.03365463675804734,0.005191681399722403,-0.008520733956995607,-0.020559716767229872,0.012885313389348512,-0.055007199155925834,-0.0028535222645616576,0.014934457535332527,0.03528590696081925,0.016646631876410092,-0.13052521990398075,-0.10838154880974316,0.04133550855421402,-1.6747311983362424e-14,0.07143952460107186,0.058510919282848274,-0.17140509100701457
61,4.348078234763101e-28,2.283952509961347e-25,1.6477804026956113e-24,-3.2850916507324903e-09,9.733459948868548e-09,5.21273005359705e-09,-0.010654123799830629,-0.20199700036473833,-1.073787535058812e-11,0.03651270985249813,-5.147463522231833e-18,0.5987052023427103,4.939084280158401e-16,1.0249011457417115e-10,-4.480882236642916e-16,-0.014943519115780334,0.3202879843266179,-1.4450247108704475e-07,-1.5587419767246065e-10,-5.333789102008091e-07,0.00047203928822282375,-1.8070680765718013e-08,-3.587597767386359e-07,0.001377930370983675,8.04618796556371e-08,0.0007460155786663734,1.375549149861456e-07,2.8473599185465776e-13,6.143502592666995e-13,0.02897887655210919,-0.06871069947512276,-0.10168911871097452,0.0914061829468509,0.33656710308150606,-0.02504275213956536,-0.1783557431893008,-2.2799323395610373e-12,5.662691872454788e-08,1.8416404406158468e-11,0.030647125523616602,4.432359024215983e-11,-0.09727427426436745,-0.05059270002606052,2.2229260459369486e-05,0.012733397025594569,-0.053718828323690744,-2.039767336694868e-05,5.080987271688547e-06,0.00016522063350057737,0.04549676240219802,0.00042064967918908496,0.0006223420373736759,0.0001403835368678285,-0.11895423608164003,-0.1855022660822502,0.08150226153569066,-0.03197359374539458,-0.32074130999585654,1.7468419462531264e-05,0.0004141551270965387,-0.22708065436268018,0.0013504874252137976,0.05024974388482808,2.881686461978351e-06,0.0006288308009594046,-0.0002998024301520185,5.4254675246736204e-05,-0.004122855867226632,-0.0004889610574910023,0.0014441741283505655,0.024691439924016418,-0.0002140279790590315,0.029071345161667785,-0.0027451203326412156,-0.08009852167667776,-0.014215545554867154,-0.025659965944690718,-0.04651629740921624,-0.010943779109195915,-0.05704661827148658,0.05062934669801019,-0.01315895675168891,-0.026355210855214237,-0.045251714073969954,-0.006640625567048842,0.03452083963678232,-0.016754019030412296,0.015604786805043772,0.04755743202257928,-0.09200639080167707,-0.0020705564883900366,3.1467198468528804e-14,0.15270513771134017,-0.19707005322154447,0.028724141302164264
62,2.5843899098929954e-31,1.4623321825137252e-28,1.0554452780131377e-27,-2.091548527371625e-12,-1.5312151307802804e-12,1.5461940075351297e-12,-0.5326398688396174,0.029355326525396387,1.6405993755707574e-13,-0.40135932420684384,-8.797497509345705e-17,0.025586886272604692,-2.55845210467041e-16,3.3499556284723895e-14,-3.4490683045688506e-16,-0.40116940931726497,-0.020010543677784248,-2.909397183742967e-11,6.853669756068831e-14,-1.717764649619899e-11,1.87592228348481e-05,4.4988607353191827e-10,7.640146413565908e-10,-1.1781333903063769e-05,5.172804092640526e-09,1.1647091758213912e-05,-4.584673371076425e-08,-5.3519585659545443e-14,8.883837704235558e-14,-0.18933881688701876,-0.03273567613407293,-0.021544052771283736,0.16297842330420684,-0.043996791095305514,0.1568746776025979,-0.027420954335357583,-2.9518657185113315e-13,5.870484618773588e-09,2.3435869616133536e-12,-0.038830634455380486,7.284266765914086e-12,-0.02670720279538844,0.025649385136180952,3.005574025915396e-06,0.0018205586976291167,-0.007772665813881639,2.6976011931152946e-07,2.469956025107912e-08,2.1209526178512944e-05,-0.003978796786541647,0.0001025243542076409,-0.00047787258430256045,3.1356744906699315e-05,-0.04071947469397987,0.04101861802190023,0.05955333617313782,-0.13033079299381245,0.03124895362984566,7.058916051446292e-06,2.8425302543800803e-05,0.007001570467963666,-0.0007263079625757804,0.10149189875855744,-4.0423039747417755e-05,-0.001149298132320261,0.0006244945289269375,0.004444579382751106,-0.02558068682741979,-0.00481564459229844,-0.003998980507536614,0.27356216532355376,-0.026920072343539322,-0.1259030710672025,-0.004477928619785693,0.14463412993310668,0.024152651685165765,-0.17655044985859528,-0.08812295423544339,-0.004485206845736502,-0.0479097729350861,-0.12651460435722237,0.050913679103963716,0.01959394319856956,0.16422151961035633,-0.0026530915841928393,0.10809439218559042,0.009037419489452516,0.020622602960221097,-0.023654837032330935,0.15022846201138146,0.04848791149783619,-2.925931790046592e-15,0.11536492890067115,-0.0430749567647038,-0.09620117116777392
63,-2.4546139750641674e-31,-1.3864449580445511e-28,-1.0005803944682798e-27,1.9860675901670977e-12,-5.039502882368112e-13,2.187712647807502e-12,0.5175439652478612,-0.028670830558129096,1.6031687214760925e-13,-0.13226599342726097,1.3574125435318216e-16,0.008514930980324745,7.584887261812373e-16,-5.322129328744844e-14,-2.7020199126934077e-16,-0.5515468655358673,-0.02744205573830206,9.465184677973595e-11,-8.603031828344023e-14,1.4858064341160017e-10,-4.001557150831217e-06,-5.578479239795795e-10,-1.0430560979602883e-09,-9.646682722942088e-07,-4.678122115556957e-09,2.90686394604413e-06,5.270366088712592e-08,-2.4248811562987994e-14,1.211226278981866e-13,0.23657382038011757,0.045948789225467204,0.023591593491915402,0.06304063504481744,-0.02609319675643736,0.2330093616694218,-0.042490248024961035,7.511677479712001e-13,-9.832547006581736e-09,-5.493811697139393e-12,0.0342246207373695,-1.8527211015289696e-11,-0.009361559797975656,0.04445451648590521,-7.879114943231745e-06,-0.004450151264436649,0.018981732725626418,-2.9154947817187696e-07,-1.3024660457545699e-07,-5.223690281882176e-05,0.006934791231923741,-0.0002495842456980607,0.005891658487778236,-0.00010160341085622969,0.09651150470055676,-0.08374869512292935,-0.24401698420567913,-0.12579205598170978,-0.024520256259624774,2.5239530630634987e-06,4.565762618949182e-05,-0.012772946854785179,4.6769363311160953e-05,0.026903884172022302,1.8256191438268363e-06,0.0008448501651878413,0.00022903388161293293,-0.00030484478116665585,0.009514147517257847,0.003710917587648134,0.0008587115483064404,-0.13149031260093103,0.005353863890042277,0.13882651395107914,-0.021353117119017596,0.027574097908174947,0.00452536884733302,-0.18755620810956197,-0.0068042605291690145,0.15412273138045993,0.009447337375878238,-0.06637593140008718,-0.03031320909750624,0.02501276927287765,-0.054526140732527185,-0.027995284540894345,0.07384955953273196,0.04680410254152744,0.02205887880911912,-0.1307544112572399,-0.11511890049483707,0.06953134427637325,-1.7280723057938614e-14,0.07332319276844208,0.06108131952231919,-0.1827607502572576
64,-1.05883702325229e-31,-5.956169036806055e-29,-4.295343705386658e-28,8.5630316763876e-13,-2.5360374062872636e-12,-1.358967519289428e-12,0.22005461102720186,-0.012162360137900938,-1.090388004783601e-13,-0.6526627907034662,1.0856422354667079e-16,0.041433222066343166,3.10793378879113e-16,2.215965334244503e-14,2.984042225372689e-16,0.3619418329081476,0.018000985602468704,9.05726613268809e-12,-3.82585268050985e-14,1.7594229645600603e-10,-8.353716881986553e-06,-1.7444145550414434e-10,-1.9733751643416027e-10,-2.03337764540528e-05,-5.174243776979821e-10,-1.0432750912926272e-05,1.7688890271297134e-08,-5.858938480000585e-14,-7.416879852662436e-14,0.07982053917951758,0.016536010693800805,0.003922411312706932,0.23989274672499447,-0.045938663470803366,-0.15634433117295396,0.02519401625988878,4.762851231119676e-13,-7.548665692954322e-09,-3.3755317410515735e-12,0.016532599355866293,-7.853591419695507e-12,-0.04504241532447795,-0.022527870722193147,-3.820692914138629e-06,-0.0025773659948927436,0.010863693048367967,3.598981751322366e-06,-1.0959234691265728e-06,-3.997047651563119e-05,-0.00832296826819446,-0.0001123176830276459,0.000255543142078171,-4.166684413038528e-05,0.03385248746140553,0.043188209213830285,-0.035391470178167475,0.0073031448294572756,0.14077293902524962,-9.457388940739105e-06,-0.00018834868211232782,0.1029790531058246,-0.0004184359860128383,-0.023853549480341324,-2.1795570731144438e-06,0.00012016792639298549,0.0009667542461212071,0.001043466324153876,0.01089437835160565,0.001834359109877477,-0.0009783546589550566,-0.10064276634423797,0.016530227168016973,0.06416257393756278,0.005528540750015328,0.3111391626277999,0.05021364375616574,0.12003914569292642,-0.15373981613577412,-0.04977794893079636,-0.09295451254420348,0.10445703096879475,-0.01738338362524882,-0.03920912892779019,-0.044608683014205966,-0.012733426676035949,0.06417423075653185,-0.021333744634090553,0.018675027840618225,0.04682580822573192,-0.09674078522219316,-0.005175236494005156,3.292801197514214e-14,0.15469794458525105,-0.2082435715746515,0.02898556176705001
65,-1.4043100253351466e-33,-8.540172534309818e-31,-6.1647342468347204e-30,1.221623831908644e-14,8.951118487173349e-15,-9.064516279575281e-15,0.08881961498120684,-0.0050823622383077745,-3.2954335548694964e-14,0.0671240509802126,1.3419521562862972e-17,-0.0044173774097952525,9.095812848018086e-18,-1.469798585147865e-14,5.198360601496201e-17,0.06744962490570626,0.003506536040513079,1.7233029178127237e-11,-3.6619395324968077e-14,2.6612499837383078e-11,-6.896838090697954e-06,-3.9443988548529176e-10,-6.373750928304034e-10,5.256150582198721e-06,-7.181437123288447e-09,-6.938949979872351e-06,8.99041193096795e-08,2.0385314912361283e-13,-5.561536417883867e-13,0.46859213547729434,0.11975479422362861,0.09439325075312296,-0.3995931952970653,0.15112389385325437,-0.3845222900855592,0.1125627732170362,1.727909897157403e-13,-2.0746174355350546e-08,2.0170028687037044e-12,-0.15529843794196224,6.625546013048015e-12,-0.11820912989608448,0.12133763708103755,2.447809763152103e-06,0.002252223336836314,-0.009610767335566508,5.55410639884648e-08,3.3353737442224494e-08,2.607590089504807e-05,-0.005309671494909485,0.0001249660424700706,0.0004431982773880305,3.467810194980526e-05,-0.04979623884025531,0.050203636448311564,0.06098968663807177,-0.1840478436162363,0.0376926073422772,8.48534677785501e-06,3.6574722548249984e-05,0.007796376553575936,-0.0008899171449508653,0.11985667207589136,-4.5588998393671486e-05,-0.00125231698901029,0.0006851900276312653,0.00483743830066574,-0.027631295665486832,-0.00516846731577396,-0.004285897287210049,0.293753703276626,-0.028425411032549155,-0.13031865788717892,-0.004904903950192411,0.15456738548978494,0.025825625759517808,-0.1877270437649716,-0.0915600909611915,-0.003771964807996552,-0.048864127693997846,-0.1302138775745541,0.05172281072182558,0.02000138705635757,0.16432847027257383,-0.0029307255004683897,0.1115758288889147,0.009213757104317228,0.020855090058566804,-0.023699064243550512,0.15065532401285675,0.04942576552554459,-2.987814455403894e-15,0.11541419365776914,-0.043164667285554945,-0.09656084018294861
66,1.3342274281827368e-33,8.100880898142125e-31,5.84593765521704e-30,-1.1603981637344331e-14,2.9345399939619314e-15,-1.2748253793824378e-14,-0.08569444137525671,0.004920624141723912,-2.6310837211243796e-14,0.021772220967587717,-2.2257886646901447e-17,-0.0014448398862136596,-9.616081571664462e-17,1.8003788640689595e-14,3.573418526347409e-17,0.09016699271456328,0.004668750449424641,-3.3887928320090635e-11,4.160280752823962e-14,-7.964958507866924e-11,2.9872445826856894e-06,4.3451591066562427e-10,7.371129374068827e-10,3.716165716520124e-07,6.463393496720597e-09,9.060681510939805e-07,-9.29152442400417e-08,1.3989072554901196e-14,-6.928152695222304e-13,-0.4995859576829616,-0.13167015931085116,-0.09211889223748534,-0.12812813164728726,0.06314749229594217,-0.4569832022568427,0.13888844140861148,2.917959585600724e-12,-7.685111543385675e-08,-1.544084974253158e-11,0.17105870142331076,-4.71599928975834e-11,-0.04167547376070401,0.18934524087239044,-2.0532188166914768e-05,-0.008377890373890218,0.035868195630619305,-2.379142303192036e-06,-9.555768505895865e-08,-7.980485810131322e-05,0.013860371846324009,-0.0003817103748253325,0.0106709942110144,-0.0001488264245968197,0.14704810540705773,-0.12432746730667504,-0.3386123899798202,-0.18226298093745222,-0.03430440419436514,3.502739340526227e-06,6.190609357196088e-05,-0.018178273867220474,3.6040103447772606e-05,0.03574447725888195,1.1226746488970918e-06,0.0009145672509288447,0.00025246817796923705,-0.00027067078777876684,0.009881470644632136,0.003954725285200869,0.0008799744883800613,-0.13788194780410207,0.00530612241503854,0.1439440198658779,-0.022583708246770036,0.02916679176506586,0.004799680695861269,-0.20039763505990565,-0.007134741386426221,0.15927345684235567,0.009627473449463497,-0.06908806481458335,-0.030680727835182435,0.025564083814656177,-0.05448998917660619,-0.029045932061355015,0.07646864317543703,0.04730498285426934,0.022296195052603735,-0.1307406916409697,-0.11536729640550282,0.07077847847430518,-1.7361989035008063e-14,0.07340458249423329,0.06117802258414036,-0.18323651641464708
67,5.755655985610744e-34,3.481545910113446e-31,2.5097140589054896e-30,-5.003055962792062e-15,1.4810295506818632e-14,7.944222021230073e-15,-0.036669980594748165,0.0021034092455325592,2.0332450957917648e-14,0.10899533945452805,6.770693961978615e-18,-0.007148422923863463,-1.3896813726446517e-17,-4.332739230605944e-15,-2.2655258780092466e-17,-0.060704832049643866,-0.0031440090121358814,-6.890963098422603e-12,1.889921626363856e-14,-8.34877899638645e-11,2.883903866042844e-06,1.5893297305890988e-10,2.0649276874556947e-10,8.37002467594523e-06,1.5384622249244041e-09,5.514924531665106e-06,-3.6122368909314316e-08,1.783299093626615e-13,2.000535532935968e-13,-0.19827178756544797,-0.055116046494975375,-0.030133866865985796,-0.5893351810014992,0.18111381792339148,0.38971212554212437,-0.09901723698909187,1.1648757781635732e-12,-9.392911729201228e-09,-7.875801417143875e-12,0.06261010403146945,-1.4186463631674864e-11,-0.19630851799021715,-0.10527629121676013,-7.49052129222917e-06,-0.004549041157831889,0.01917303996116441,1.0193208296490052e-05,-1.8627425866413582e-06,-6.156883421676182e-05,-0.017110745805398214,-0.00016058744818832568,-0.00034465420052324965,-5.6432396213609994e-05,0.04623676308803479,0.07046315413316054,-0.03714843988510414,0.016353880821158916,0.18099199949326972,-1.1436521190336456e-05,-0.00023219541713380903,0.12748792618179525,-0.0005223007219562601,-0.028936463183215803,-2.4782513798947374e-06,0.00012480831006466452,0.0010594342765698225,0.0011448122200945028,0.011824611254621625,0.0019711128316824054,-0.0010619565627528155,-0.10837783892575821,0.01753207303853549,0.0666040093650595,0.005941406404852257,0.3332147352302469,0.05380762847014648,0.1278898453891879,-0.16004600808120967,-0.05186212192025836,-0.09500947018083461,0.10760394608582514,-0.017675271037419674,-0.03994741206265145,-0.04466394480338003,-0.013136959612486595,0.06594316368842246,-0.02158302992064926,0.01884657110106913,0.04678509633916382,-0.0971034539574477,-0.005341002501118429,3.2899874557710424e-14,0.15472977556944534,-0.20882566252863735,0.02902903527219319
68,-4.362069234086382e-33,-2.6551614437280155e-30,-1.9166347659813632e-29,3.798064892072772e-14,2.7829568835574842e-14,-2.8183473290657447e-14,0.4179042588504722,-0.024409859865382348,-1.8205112920410655e-13,0.3147701047243874,9.722155246039706e-17,-0.0210707146377943,1.3121841015514937e-16,-3.1090167732653774e-13,2.419748914547299e-16,0.31412798497570377,0.016674774202709915,8.388439779410051e-10,1.2468988472642023e-12,-1.6917183221255456e-09,-0.00016636597725693404,1.6481305133519004e-09,4.7787119492436245e-09,0.00011948287248039276,1.2653900754636357e-08,-0.0001190181493782026,-9.32333340371164e-08,-9.35834876750098e-14,1.3928581802532346e-13,-0.35449410693291367,-0.055826074003410636,-0.03667660054998857,0.2998410378990056,-0.07618688226381387,0.28602479348234044,-0.04539017815078158,-3.5948809306272063e-13,7.511528365738386e-09,2.8302041844201135e-12,-0.05334715086127854,8.667640350185103e-12,-0.03542650046460607,0.03341903599899727,3.5792974807873353e-06,0.002123743166479162,-0.009069602839709642,3.233928407625053e-07,2.8972247370139447e-08,2.434931137489913e-05,-0.004615303661916246,0.00011755091357060088,-0.0005410746724818688,3.622193988631837e-05,-0.04665240705841141,0.0467959016798901,0.07118940886230239,-0.13757183183964858,0.036774154330497334,7.630152000629243e-06,3.720998074001383e-05,0.004290828954339565,-0.0007021625020955226,0.10799135753084392,-4.195670351345155e-05,-0.0011722353797899551,0.0006452538704126022,0.004564446911943852,-0.026150512022741847,-0.004898782172348856,-0.00408429274959193,0.279012617678246,-0.027380316675516814,-0.12696004027595992,-0.004688889264962393,0.14791879909216765,0.024705323726521684,-0.1808186011457642,-0.08926057997577391,-0.003975591805161397,-0.048221980990911545,-0.12784888615323972,0.05116549384374602,0.019755199770992125,0.16432243108958366,-0.0028048458793839912,0.1093688724663472,0.009119293777422348,0.02071440879040816,-0.023668239384176684,0.1504159091564672,0.048862538794104966,-2.9388842506374846e-15,0.11541433134569021,-0.043113011497749126,-0.0963609743726716
69,4.1482348647085915e-33,2.5211224111875633e-30,1.8193468461345066e-29,-3.6113414463498836e-14,9.134732417440182e-15,-3.969163525416749e-14,-0.41725928701094145,0.024484488008619392,-1.2090005720191073e-13,0.10759516055846521,-7.439422494846158e-17,-0.007281975822966617,-4.477760787660681e-16,3.572112166195554e-13,1.3575869590882333e-16,0.45168176126033593,0.024031501100635524,-1.0778003807414046e-09,-1.4341817782739185e-12,4.722183796719921e-10,0.0001572858537527787,-1.5969690337533096e-09,-1.5657879495356334e-09,4.117763402183646e-05,-8.704908261706165e-09,-0.00018259705473158032,9.221308577360576e-08,-4.0791406543321885e-14,1.7441662926254096e-13,0.39891675373946306,0.07327969999381197,0.03558732037439296,0.10525997626741647,-0.04208982310858584,0.3867833042204427,-0.06364059202679069,8.53229466880402e-13,-1.1318824311519859e-08,-6.06306260661013e-12,0.04001717909440922,-2.016397218222031e-11,-0.011051028958957891,0.05216385168737915,-8.605437779658463e-06,-0.004578289386317503,0.019545356033771374,-4.102299728002796e-07,-1.1237097886899657e-07,-5.0100469789718206e-05,0.007173276848485901,-0.00023803959842071625,0.0059456002565428595,-9.378610760551297e-05,0.09170326942766793,-0.07676665536288903,-0.20866810176084025,-0.10151640578916937,-0.005099931276917553,3.7868583699828786e-06,9.0205339735215e-05,-0.03241425681544578,0.0004741718599659517,0.03644391718164773,1.811839421898151e-06,0.0009242441172931696,0.0002486496002503964,-0.0003111454997174227,0.010098878374298554,0.003967074668532081,0.0008999547019243769,-0.13937010160402735,0.005485975613023085,0.14307259460693367,-0.022243280068425866,0.028939264691698184,0.004755479756460009,-0.19619739630876412,-0.006989341921599655,0.15771738841220442,0.009597661007754122,-0.0679543153068959,-0.030633535673187117,0.025353997089172242,-0.05452632130065935,-0.028754536852863388,0.07551665051858217,0.04713523153029079,0.022205190606103955,-0.1307689731517237,-0.11532620109478289,0.07032671574042733,-1.7290417367902397e-14,0.07332083520220395,0.06120768941671269,-0.18307090640107695
70,1.7878393218445477e-33,1.0824393437650224e-30,7.802854858072401e-30,-1.5554798749312545e-14,4.604542204821685e-14,2.469893241283799e-14,-0.17270166593986977,0.010110982653487637,1.0466589332286851e-13,0.5119911177534426,-5.328578955143653e-17,-0.03417849050573452,-9.915499124500678e-17,5.022582813881383e-14,-1.1171339735552715e-16,-0.28349507235541227,-0.014992880470170883,-3.6166259339683066e-10,-4.94980259870698e-13,-1.2181986418934556e-09,6.889007688455223e-05,-5.964174262225865e-10,-1.5109519265824578e-09,0.0002003051540336019,-9.437552674533094e-11,0.00010584275511432864,3.562311864234263e-08,-1.0111913018963798e-13,-1.1813396292890318e-13,0.15033049140525193,0.029334148333841344,0.005179455163385697,0.44384201652080846,-0.07719413255944055,-0.2858537101470514,0.042021459724910296,6.20135106413245e-13,-1.0202852296008807e-08,-4.281184962608937e-12,0.02309226131829744,-9.703701840939827e-12,-0.060352414469518244,-0.02959645536880497,-4.7532756511072375e-06,-0.0030816981327449417,0.012994781504995261,4.5407939964839375e-06,-1.267283085893458e-06,-4.607857610183352e-05,-0.009882823918771348,-0.0001293524460685331,0.0002918359047701683,-4.770113875643924e-05,0.03902410318477638,0.04774134084038253,-0.04273422876085914,0.005317684830494347,0.14957601046496322,-1.0125731546273879e-05,-0.00020481995434549262,0.11174019462378958,-0.0004912383846524625,-0.026016198695598902,-2.2894338004878006e-06,0.00011597027302416892,0.0009943031214633042,0.001076623448389116,0.01113839319612266,0.0018594614633249322,-0.0010080599791612405,-0.10248974461162254,0.01683610295887815,0.0646950138021429,0.005710980653200157,0.31805423103386254,0.05133848239118129,0.12301426961976787,-0.15579905085679044,-0.0506690221129434,-0.09366559266877697,0.10558452939057739,-0.017461598047283682,-0.03948279688491571,-0.044637326587934775,-0.012823294546952293,0.06467962255296282,-0.021445902752385806,0.01872942331313191,0.04685174365288561,-0.09687360268428544,-0.0052770734027911565,3.30847407451736e-14,0.15477029418180258,-0.20854175302170855,0.029050420929128556
71,3.688823434082963e-30,2.086662434647551e-27,1.506057833707618e-26,-2.984515791995494e-11,-2.1850713079540782e-11,2.2063335166120665e-11,-0.0027008851938378573,-0.053137045846029685,-4.851620668449281e-12,-0.002285872916795726,-2.732663987125873e-17,-0.03880538571747565,1.3561175286862429e-18,4.498271301812803e-11,-3.173800046808427e-19,-0.0017596693547095588,0.039019854586490745,-7.044553641053978e-08,-6.912572531595896e-11,9.742407562391096e-08,0.04844337880918985,-3.1381650221143657e-08,-1.4682020640444827e-07,-0.03544768759297961,-1.2707981001402207e-07,0.035728045572252884,3.664408307940512e-07,-4.880310776776593e-13,2.265034385181798e-12,0.08447727379354426,-0.3419526853561262,-0.3015000951133499,-0.0731740127266511,-0.33972065943669644,-0.07131612728759595,-0.3484926369945296,-5.388577215895876e-13,1.3713883286099803e-07,-2.319490487446442e-12,-0.3589000806481748,-1.9486719573938694e-11,-0.2583562447482177,0.26178565572305684,-9.271508589279023e-06,-0.0052924928777949515,0.022635906892017093,9.141263623897566e-08,-9.910343056268427e-08,-5.017698746765504e-05,0.012789682346471338,-0.00023100340424246445,-0.005203255375563499,-4.98706248360163e-05,0.09190609393293724,-0.08795465419130398,-0.08914166035687665,0.29853127510369454,-0.07898155040767756,-8.719800134663525e-06,-0.0001455269599795009,0.04241607561620555,-0.00017091328084607694,-0.08580478489017598,-4.229403375951901e-06,-0.007491029759584003,0.0009512076013223342,-0.0005209088651794287,0.01925333546278589,0.006789116018368995,0.003925519066384802,-0.16661671849306503,-0.0016029204880774613,-0.08178914040511384,0.0094736755834895,-0.08682365785347299,-0.013226365234207704,0.08511733949645013,-0.0366659963031983,-0.024179205632505023,-0.034169227029007425,-0.07231795161927311,0.040527910713804044,0.01359052846530752,0.16081053953499852,0.004042856443520363,0.05465322041121641,0.006010091657856057,0.016784192119742306,-0.02218193807448558,0.14416047074500857,0.03383152140563784,-2.6981433158248964e-15,0.11097066352080583,-0.0400197868386211,-0.08862573052783158
72,-3.503635180926751e-30,-1.978402869523361e-27,-1.4277895493997392e-26,2.834041494422984e-11,-7.19181010739656e-12,3.121946620461296e-11,0.0025688017075753125,0.05051084124409514,2.8793091335548486e-12,-0.000771977207791067,9.226989004836068e-18,-0.012916113406707888,-1.0733651220403495e-17,-4.2995826484352197e-11,-1.5516068339766602e-19,-0.0025767909661489567,0.056069401740749154,5.115212460638763e-08,5.057424841097898e-11,6.65832484575017e-09,-0.04611243048970435,2.849249799280172e-08,-2.5198729531538727e-08,-0.011780547684116559,4.158490931258324e-08,0.05112481013280937,-2.077750297207623e-07,1.9706508515406853e-13,3.295531566338549e-12,-0.08051444722228802,0.2902221503317691,0.33913685828807116,-0.018017339763688293,-0.09079343655382885,-0.07923743134976771,-0.4910399355983534,-1.306789408480621e-11,3.8645821355675e-07,6.589860025674834e-11,0.3327571488881454,1.687320469863844e-10,-0.08241867899560845,0.37261241195128314,7.131682450450867e-05,0.02264898773325586,-0.09758578123514186,1.192317346673419e-05,-5.253649103392356e-07,0.00011330234935826815,-0.04095710584183392,0.0005330548396904336,-0.026393941822152735,0.00014549853494253713,-0.19947861360364366,0.12771582164165035,0.08068667239047726,0.05206024821840861,-0.1130609766262599,-1.3532524556953022e-05,-0.0003994981111446603,0.17443410551190125,-0.003144188778431506,-0.10055052722576907,1.586330492002574e-05,0.007449208881139597,-0.0002012019368997954,0.003022749443162908,-0.02087990492800753,-0.004681659106776409,0.00015674360208305915,0.1372157612320558,0.007129657083475245,-0.0010126233050556347,0.01580875729454347,-0.029863728333996677,-0.002164856172232978,0.21426047567518677,0.0006988105412533823,0.039414454506927495,0.005571739809847658,-0.013066192296816924,-0.02134100828081584,0.01417160276539003,-0.05412323875202604,-0.0030878083191904836,0.018716800915010243,0.03623882498399951,0.017096944010691457,-0.12714013840535346,-0.10741237489096067,0.04423193029989492,-1.6312885761405974e-14,0.06990162258967751,0.057347576135652764,-0.1689130367458596
73,-1.5113184790608684e-30,-8.499022097069563e-28,-6.129154615842195e-27,1.2218851245887951e-11,-3.618919263114886e-11,-1.9391353580892784e-11,0.001108858811466982,0.02180011475128279,1.751531296675376e-12,-0.003820957628551809,-1.3096626623540587e-17,-0.06466417133450801,-4.2978544547308017e-17,-2.4487067105871972e-11,4.735371658359202e-17,0.0015435798895513252,-0.034586493102291976,2.129551909328146e-08,4.00233440026002e-11,8.866867540073381e-08,-0.019886352971529377,9.792052702537646e-09,4.9646732513324e-08,-0.059074225581226096,-3.374724296133338e-08,-0.031599578702247874,-1.1656571499652377e-07,-3.5266968653176346e-13,-4.701474551548474e-13,-0.034130931229975806,0.11370493474846839,0.1685501507315258,-0.11138308418164079,-0.5613922934076753,0.017109995734658018,0.2956607482667796,-3.1926496312878808e-12,6.574401929203156e-08,3.209213115872893e-11,0.1499070201481019,6.149858152924929e-11,-0.4338336568244526,-0.22830986676114523,3.5314107116730316e-05,0.01633372977583532,-0.06892574776878058,-4.6820202069830306e-05,5.9148100193250156e-06,0.00017421305558687274,0.06610630629712848,0.00040935863552808114,0.003439119847391877,0.0001273432673202485,-0.11009608765978665,-0.18749224108802376,0.06466905590561331,-0.026571499848534512,-0.21492479278740742,1.0579788854350104e-05,0.0002852987214679989,-0.15576344134320655,0.0011738388338084645,0.03463516599892916,2.633650825914892e-06,0.0030452057690596715,0.0007002040001141047,0.003328938729859136,-0.007311164104734561,-0.0020910874905779734,0.0060265441311889364,0.06172225349276851,-0.0013100354038537861,0.0405519934047574,-0.005720604086343614,-0.1901385094858281,-0.0358267018009979,-0.06265582167191341,-0.06060879956851811,-0.014050850688526035,-0.06314792503640396,0.05881572071899144,-0.014070556469956173,-0.02845534660302593,-0.04442551999923288,-0.008361670120520427,0.04040277909001826,-0.0173107443876306,0.016039151636333404,0.04612549252478757,-0.09163527018996731,-0.0023812036358192,3.1124184700720613e-14,0.1498110227705958,-0.1953511504927624,0.027925065390541858
74,-4.758290930066768e-33,-2.8939487702506593e-30,-2.0890008942895742e-29,4.1396319247481064e-14,3.0333728786040695e-14,-3.071667528204889e-14,0.00013665572524614836,0.0028324032115471564,6.199846900886961e-13,0.00011620222642316244,1.4097854928052249e-18,0.0020690109442609316,-1.861848402543914e-19,-4.38196281795092e-11,5.1495181956355296e-17,8.705580264330917e-05,-0.0020759853359114257,-4.094009064476923e-07,-1.8628908071159144e-11,3.043061494610224e-07,-0.5085990748323662,-1.7645493365712526e-09,-5.892875928865696e-07,0.3716476461413859,-3.552159872541237e-09,-0.37417692965968974,1.0740934999480541e-09,2.3312557652147515e-14,-9.42849489869855e-14,-0.0014672043002509469,0.009412529634822303,0.01281332423727932,0.0015947011186716587,0.01205323884899237,0.0015886059972707025,0.011884577910567745,-4.150914422940878e-13,-3.1691233588659986e-09,3.2506830510113266e-12,0.041955663216539124,1.1722168994865179e-11,0.030457404819958997,-0.030627435660499552,5.057268840953583e-06,0.0029272240910816613,-0.01249564990532957,3.3024782784280455e-07,5.3985198746982633e-08,3.3847956999567086e-05,-0.006313099240866062,0.00016192922157546997,-0.00037132281372706424,4.737375926758229e-05,-0.06420725488162993,0.0632698685871344,0.07941760992890835,-0.23614223287486436,0.03289541009692316,1.0596167536217272e-05,-1.2980077498878437e-05,0.03706444996126346,-0.001780859594815735,0.16622220871515445,-9.832444752229041e-05,-0.022873294529306698,0.0036408613727225768,0.0025376196747708265,0.04226871427719418,0.018844955952182024,0.010182889377924855,-0.3960633812505064,-0.0009247771127930576,-0.1296585941870201,0.020347455063559023,-0.20454369881355855,-0.029950355312673163,0.2069684104229102,-0.0544353574906419,-0.029765542028610547,-0.041553357735431645,-0.09438677727673411,0.04711446747436008,0.016292962942110807,0.16237772064813705,0.005521257949661968,0.07385781182983972,0.007158525565967846,0.018648200128766345,-0.022396526100263478,0.148274440341269,0.040334748043611285,-3.000832093637154e-15,0.11223981558132208,-0.04156359368282106,-0.09168418346756416
75,4.520918119882478e-33,2.745149135150866e-30,1.9810153402010338e-29,-3.9322464144634543e-14,9.945124450922598e-15,-4.3202404076312906e-14,-0.000130007470334568,-0.002693720314128893,-4.83958432577158e-13,3.949905592703796e-05,-7.855413119960071e-19,0.0006892500505415371,1.3508161058722029e-18,4.194393745603147e-11,-1.6950908221249832e-16,0.0001314503667706995,-0.0029942970481378834,3.920205452846908e-07,1.885387475601848e-11,9.417486603706952e-08,0.4843201061434169,1.7882237415937884e-09,-8.287121864628389e-07,0.12347158145137933,-1.5730888937662156e-09,-0.5358859029340217,6.461148315978747e-09,-1.2626776112143809e-14,-1.6921341928682666e-13,0.00138399913271794,-0.00942733784608581,-0.012080883922121385,0.00019863954035687453,0.00293675341180557,0.001292247720522836,0.016513699872100007,1.722596953214895e-12,-3.7903669234778114e-08,-1.0888642722320022e-11,-0.03954356007899658,-3.179125314773177e-11,0.009683857787129909,-0.04362084200226511,-1.3337155249783179e-05,-0.006443434900488432,0.02756212099945314,-8.946616468002022e-07,-1.2617833747861608e-07,-5.756268351783045e-05,0.00981893153105067,-0.00026287436226486884,0.007661352515326503,-8.602005850019707e-05,0.09915179211393772,-0.0637388304294107,-0.0764030444104217,0.03681422200096492,0.15630656719531727,1.7958811032220586e-05,0.0005600881999885777,-0.22888442662012995,0.004661310157441628,0.15686055453895625,2.7629481950934005e-05,0.024447379221907595,0.00013725490561615453,0.010054234701302203,-0.05244994381014672,-0.007114206865533404,0.0006427705269499856,0.2566969598782336,0.014117996587937446,-0.017956172889445187,0.031517868170469705,-0.059467327692663885,-0.00116681525381404,0.4282305779790347,0.00041849745571124846,0.05220795078905631,0.006423601374105311,-0.02361947959695448,-0.023235307811236665,0.017376493282024136,-0.05328212223890262,-0.0035607469735557894,0.027394626272303182,0.039477770844244725,0.01866329897091723,-0.12604844934265982,-0.10838178180910428,0.05170045833669979,-1.6398087311652386e-14,0.07011758818888626,0.05760978590006683,-0.17140935124275866
76,1.950228954675879e-33,1.1797757711700238e-30,8.504550482527899e-30,-1.6953623874467706e-14,5.018882932165139e-14,2.6919390335355856e-14,-5.609921402726652e-05,-0.0011621312696414297,-2.296342519480302e-13,0.00019469687187489737,4.196457336003814e-19,0.0034482727636170455,1.5169884415646436e-18,1.887651862959589e-11,-4.1813593165945303e-17,-7.665872747256786e-05,0.0018414881126162656,1.6962871015423805e-07,3.86985980729059e-12,5.040797889104431e-07,0.20876576201881403,1.6449504009729847e-10,5.096575776097163e-07,0.6194100096616686,-2.3173938532082692e-09,0.3311693457871036,-3.445055670764605e-10,6.611859715029791e-15,-1.49711583178032e-14,0.0006091101384145295,-0.0037813645325657347,-0.005707254886803838,0.002142083792800945,0.018809953411674955,0.00037151264020874935,-0.00982516199010266,6.49473613819618e-13,-1.3245496086349791e-08,-6.107465465739397e-12,-0.017353968832364532,-1.4402585115031676e-11,0.050971141894377466,0.026695458885364592,-7.394079700866736e-06,-0.004544157039594047,0.019152439763260972,7.52651346280118e-06,-1.919950739560103e-06,-6.768920820581643e-05,-0.015561211794610544,-0.0001854810390123628,0.00013347134208046681,-6.746377424629659e-05,0.0550481207615537,0.07618475898332408,-0.04853773628765506,0.02270224783942174,0.24690729928407817,-1.572211691619524e-05,-0.00029472198113250197,0.1645347603393832,-0.00044866619542893277,-0.0340938292701964,1.4375261709282611e-06,0.008698962384877097,0.0031679780295615313,0.011209811312864049,-0.014302225659473946,-0.005919803032428851,0.016858213700900324,0.1478915523175422,-0.0038964887496817377,0.06626813201072461,-0.01257963028691185,-0.4451364396609701,-0.08608054168328087,-0.14849425634873975,-0.09208805415955425,-0.021085128238765606,-0.0776327978762922,0.07744338814307306,-0.016300299633685116,-0.033683959574609665,-0.04446593735022745,-0.01220038724881489,0.05372535813454322,-0.019155983945991654,0.017479909963942004,0.0457152084280479,-0.09430826917821918,-0.003172404459312591,3.1729091811503347e-14,0.15057653301112842,-0.20037144682895722,0.027962187366071447
77,4.1887269848620663e-35,2.7525707499502565e-32,1.98721468173609e-31,-3.9378412343056153e-16,-2.888504285625266e-16,2.9375288068582366e-16,-4.112390116981355e-05,-0.0008880678908787961,-3.4357087540629893e-13,-3.507278837439272e-05,-4.00739970366667e-19,-0.0006485730441579279,4.659897585109101e-19,3.784767635911098e-11,-2.0438739928240903e-16,-2.5483212467012357e-05,0.0006491325226769998,3.855326407926462e-07,2.2487314462968745e-11,-2.899695873957169e-07,0.46993280329196735,4.91605085787251e-09,5.606293918247065e-07,-0.34319151892797545,1.9165261802391615e-08,0.34565168103902755,-5.45146583919281e-08,8.134431144029814e-14,-3.6572684297342093e-13,-0.012679123405667713,0.05303371313620502,0.048800659127262044,0.011138758981371793,0.05394160638032805,0.01089938199883371,0.05505208682191009,-3.372429143331929e-13,-1.90018143353609e-08,3.462712996656169e-12,0.08027107844736271,1.3822225214392774e-11,0.05804226402444223,-0.058572760044808485,6.045724248883695e-06,0.0035556157060531906,-0.015179780435141009,3.053731845426666e-07,6.705334053968127e-08,4.041759786200532e-05,-0.0078080174922632965,0.00019259335169554637,0.0001051279994723689,5.483939124586733e-05,-0.07640897945400324,0.07515317869130363,0.09257094532182548,-0.27824181853776214,0.04190628734823772,1.2089845696005011e-05,-2.052531149317558e-06,0.036332208551611934,-0.0018974881017741923,0.18554797607105408,-0.00010537371259003397,-0.02400381239556994,0.0038414000487733656,0.002772338820760658,0.04394517399492973,0.019733261826672694,0.010649012178278888,-0.41288045281007585,-0.0008707759185941496,-0.1331290634675827,0.021149727524427835,-0.21333585204444802,-0.03120229026320605,0.21599296570459459,-0.05574596422653019,-0.030157695541796183,-0.04209610811024911,-0.09595719071643996,0.047569790156388035,0.01648003319239199,0.16240885783344342,0.005624131780494941,0.0752596508272727,0.007243150416793376,0.018785285104851248,-0.022418097635756137,0.14847336658769653,0.040805236379109024,-2.8395291014269484e-15,0.1123400162791589,-0.04169696005828439,-0.09190016336668616
78,-3.9807128278598103e-35,-2.612046733408623e-32,-1.8848476955032103e-31,3.741444385635386e-16,-9.425290020514048e-17,4.09548216208742e-16,3.911922377382328e-05,0.0008445875070456361,2.8972136683437075e-13,-1.1991824047367228e-05,1.5743088030080314e-19,-0.0002160205607142536,-5.399618547090713e-19,-3.6191941104501355e-11,1.2994172607381059e-16,-4.0040881524807444e-05,0.0009405262851756145,-3.681926616151741e-07,-2.1697183871381337e-11,-8.731149716785158e-08,-0.4472985899725902,-4.657897523724469e-09,7.701807533900654e-07,-0.11382187965639606,-5.348407197285992e-09,0.49485459879157506,2.9749969928413658e-08,-3.542368981405661e-14,-5.592721219893444e-13,0.012088154870687975,-0.045341674521991254,-0.05409808373905525,0.0026385907813648198,0.014195974960797223,0.011863672869347775,0.07741382219832177,3.1250813153653647e-12,-8.034269021076919e-08,-1.78967844203889e-11,-0.07500545042107415,-4.9736858413620876e-11,0.018508129396994435,-0.08341073959900612,-2.091834200024086e-05,-0.008912814665160793,0.03819349726280029,-2.1597495660512953e-06,-8.443920323183967e-08,-7.133366493264755e-05,0.014210758319807296,-0.0003272908630300389,0.010548676129367746,-0.00010455695097512748,0.12331596867321513,-0.0792301110982061,-0.08867754955483126,0.03495640869920845,0.17724899348939363,2.0393804938106498e-05,0.0006343328153629175,-0.26013026363929936,0.0052650865407159984,0.17671927045547356,2.8462408280294003e-05,0.02571548986753524,0.00016438551593261102,0.010582916839330072,-0.054797301296876245,-0.0072904520075868845,0.0006850403266874196,0.2655109325451353,0.014634884552959783,-0.019215466433762672,0.03268135927257628,-0.061809958302170696,-0.0011175713373624654,0.4440779571062491,0.00036552425349082695,0.05313772826992969,0.00645966920671441,-0.024388742081444433,-0.023371257709461444,0.017604297609477397,-0.05321074587873873,-0.003597592933744728,0.028057207014283766,0.03970968544764293,0.01878452872754093,-0.12595835281099962,-0.10845647931368019,0.05225090276205402,-1.6380113767492163e-14,0.07018666870576498,0.05756994199499727,-0.1715937069774155
79,-1.7173529656277459e-35,-1.123076870432361e-32,-8.092526598204793e-32,1.6131557693888665e-16,-4.773000412447154e-16,-2.5644095707831993e-16,1.6876879593850947e-05,0.0003643033825356527,1.293432539502301e-13,-5.8902033604517795e-05,-4.790445663275382e-19,-0.0010810732187175867,-5.877465577928818e-19,-1.604866528003713e-11,7.792958081977165e-17,2.260880896404407e-05,-0.0005765941690312975,-1.5921466917079665e-07,-6.389640858773626e-12,-4.746032812602467e-07,-0.19280277167348822,-1.2391689345720007e-09,-4.782164366623944e-07,-0.5719430980201777,5.138332339888538e-09,-0.3060643110019026,1.772231507565715e-08,5.222875762610988e-14,5.045042229482425e-14,0.005125131525262548,-0.017894221065839183,-0.026633542563153177,0.01679208936492987,0.08847514739016112,-0.0022568494436588536,-0.046529120279425434,9.757840754427414e-13,-1.9641417364393575e-08,-9.473976134683352e-12,-0.03339899828645057,-2.0892705309625603e-11,0.09729525595224599,0.05105062019502658,-1.1116349997987457e-05,-0.0063123398103438816,0.026612150384030954,1.2468923353731089e-05,-2.573924051070758e-06,-8.758408763870873e-05,-0.022599531514676998,-0.00023381932137688208,-0.0001866086827092896,-8.313526753079236e-05,0.06836889775422639,0.09772533701199916,-0.05748261283453698,0.026582782764556726,0.28282973241457676,-1.7744510672127474e-05,-0.00033971757759779665,0.18940543603105392,-0.0005772295151628267,-0.03936126625302638,1.3290897427368068e-06,0.009119761827214872,0.003353050332635146,0.011799593340338348,-0.014820601297923902,-0.0062023315833467105,0.017665177942511334,0.15425880316073773,-0.00408544404839874,0.06812770323344272,-0.013075522859672652,-0.4640841388325945,-0.08981181962601187,-0.1547091195093076,-0.09440704361810542,-0.021594572915228014,-0.0786911973561945,0.07877660275882861,-0.016456956816967308,-0.03405508187388061,-0.044442209975307005,-0.012481137413784026,0.05471813567398555,-0.019277952468272717,0.017590779401406426,0.04564677055764493,-0.09448498292343989,-0.0032101575559568387,3.180981966386957e-14,0.15065081690624146,-0.20070655505478666,0.027904449363029833
80,-8.685522553692284e-20,-3.4368936482099e-17,-2.478580950748418e-16,0.4912324423758569,0.35880233307163883,-0.3606781843878019,-8.763368905940025e-06,-0.00016579068162120186,9.235626634334066e-09,-7.777831483132956e-06,9.400419045078274e-17,-0.00012762945720612906,-3.6908330391636684e-16,-4.5714993195376405e-08,3.729883607814507e-15,-6.437367267187457e-06,0.00013647913399800204,0.00011628214381022212,5.4387062133107584e-08,-0.00011061134027932277,-1.6994643889142278e-05,5.6650428875828826e-06,0.00013278000856907634,1.4524547513083016e-05,1.016686619262638e-05,-1.773682738039348e-05,-1.0591479366001786e-05,2.8305202746597587e-12,-2.7822099240500347e-11,-0.002785196802550135,0.038717882541347476,-0.040594179639180994,-0.002472266010873303,-0.005535979696280827,-0.001131603009695943,-0.0036928062511093515,8.496505612116709e-11,-7.897479169023037e-06,-2.2502051349644407e-10,-2.509784226833083e-05,-5.233800094221965e-10,3.1716783574971915e-05,-4.24289145637965e-05,-0.0005814800428315422,-0.02331078584822611,0.103692255072234,6.668346588753116e-05,-4.565651174538646e-06,-4.648772538601918e-05,0.13602710068520144,0.00012745580770810697,-0.40074508654670693,0.0003438101904649451,-0.017180205981595593,0.004396302186344838,0.007956919626887445,0.008137396137532246,-0.03443053773169694,1.846566107268434e-05,-2.1562717492632366e-06,0.09975958039465796,-0.005015669281491382,0.19878494197711777,6.277522746054342e-05,0.023429349079909487,-0.0044314688462426186,-0.008035181684986866,-0.010842989695844334,-0.013280571054793874,-0.005974305786789072,0.041675046800882284,0.03958837361867551,0.27605593790671173,-0.01608422917346232,0.020483418395021387,-0.001734440940951782,0.01124211228403248,0.17036425916186318,-0.012920450653639278,0.05282948116390679,0.19074306970130792,-0.03346621587928651,-0.01869808051799681,0.18135751196327402,0.005630113426825222,-0.18305942043152745,-0.008254465122311806,-0.005665649927083126,-0.028848147392096058,0.12350315172931249,-0.04637801348617368,-2.250895683309653e-15,0.11809993973572397,-0.020521123168554898,-0.06988862703304013
81,8.258513424453289e-20,3.259583960580907e-17,2.353356260752136e-16,-0.46704412629319825,0.11957128959084289,-0.5174452670935813,7.788648106072216e-06,0.00014687076858580796,-8.572673948815962e-09,-2.145515648788938e-06,1.3024546762566135e-16,-3.453896738038945e-05,6.223333858284542e-17,5.85549063272729e-08,2.2860194319302725e-15,-7.558487696189058e-06,0.00015772407358081894,-0.00011244501171090105,-3.566687783961898e-08,-3.687864455552731e-05,1.3644611054573706e-05,-9.93266048514408e-06,0.0001880337863842162,2.612582852663167e-06,2.773169565279865e-06,-1.3393450052159731e-05,-8.312723213600846e-06,3.836379001565086e-12,2.4613008153657016e-11,0.0010700536401543701,-0.009942594786531318,0.00614286059896841,0.0008208456363653327,0.0028052818298505084,0.001069741526693237,0.006324762837989081,-1.6492296512226346e-10,4.601426344519052e-06,6.581657524622327e-10,9.716200457946417e-05,1.478144606967383e-09,-0.00010753430823529569,0.00021454199094306608,0.0005881706581408474,0.07084976350792388,-0.3137867999653288,0.0002544156651972991,-9.300535928650498e-06,-0.00017479092317370298,-0.21819479378748471,-0.00039915933261494574,-0.15194633904085536,-0.00010636154783870441,0.13720504249573942,-0.02157664208227855,-0.013765893405438443,0.016507273083098028,0.03047427243835356,1.1206329866215549e-05,8.940813930907714e-05,-0.05727002049826262,-0.0010479219314458589,0.05747850393624018,-0.00010619596820692469,-0.04804016218745851,-0.0004141910879964784,-0.015156411247822672,0.06081023755370161,0.0018970036506373222,-0.0028890165322195925,-0.04603394328263434,-0.03007179553635729,-0.22794688111315806,0.006991931084672886,0.01589898841540778,-0.01207090117082266,-0.1276635673357678,0.013467654016173666,-0.30200090829184234,-0.010681327497855116,0.1660979840973913,0.017520597220997195,-0.03440093624833025,-0.0617937846046804,0.05453184772107846,-0.15673855824048621,-0.01288427937725692,-0.00621183253198503,-0.1569117349643865,-0.08803598131261314,-0.07154649625232705,-1.72088827228354e-14,0.07540029736443829,0.05866694425189991,-0.14647039157706931
82,3.5632458975441995e-20,1.3975402760262916e-17,1.0104358620863946e-16,-0.20148768789075364,0.5976063240383271,0.3200832261800367,3.3254289622872316e-06,6.26706234276235e-05,-3.419383837408424e-09,-1.1385335757799954e-05,-2.3457898078990454e-17,-0.00018568344618932062,-1.72065582683859e-16,3.923171112545252e-08,8.316410074354713e-15,4.711702192698422e-06,-0.00010016159918878998,-4.791431571013761e-05,-5.2857788134288e-08,-0.00018158414451021194,5.695580319874275e-06,-1.9634969069794334e-06,-0.00011885458947919198,1.6857010153508454e-05,1.2350879092981863e-05,9.252972889927805e-06,1.1326813458839086e-05,5.000431534323109e-12,6.4641375752786e-12,0.00032055889281093415,-0.0018034799854176203,-0.00047396909648128306,0.001011792653902445,0.005338768801473812,-6.759861414303428e-05,-0.0025423015074570415,-3.7252494382285474e-11,8.096728130843778e-07,2.9722263439761935e-10,-2.2581697401445454e-05,2.681834705830034e-10,-0.00020032078577225247,-3.121673346975761e-05,0.00023012731523895628,0.054352010978796765,-0.22922618635806627,-0.0005547776909754234,1.1200577533546295e-05,0.00010689485870882683,0.35091105937935513,-0.0001225499299603249,0.053261943145048195,-9.748695185291393e-05,0.08856933689334648,0.05490442500638909,-0.0029264604071934344,0.0006676462893521142,0.0738814730398044,1.0367483766919376e-05,-0.00010916790031295896,0.05393544229440206,-0.002525172804734321,-0.01476552962090355,2.5737360888390226e-06,-0.015653866494616836,-0.007904609478723845,-0.0221913788759958,-0.0014267122540531398,0.005581006888775047,-0.026554115083874348,-0.017555489391525885,-0.025633524116335904,-0.16926942462539554,0.006895538568542372,0.04399978816605786,0.031121284060694743,-0.006926487602430586,0.3478293713638006,0.10930018687261644,0.11501146288984476,-0.17474533453113422,0.00953735611618723,0.03529417247231088,-0.06091529571492111,0.0277321087069735,-0.11251131642080114,0.0046933099444823965,-0.0006277127052426048,0.06481785806955248,-0.08094620247081417,0.008442616978881946,2.9542279961815156e-14,0.17045025664079289,-0.16794844208150916,0.037526951066758935
83,-1.3469060814680423e-24,-6.276311487800955e-22,-4.5276899118689366e-21,8.970561170502293e-06,8.140400760716948e-06,-9.641251985322216e-06,3.6472585637215206e-09,7.14225864005631e-08,-6.96257801336548e-12,4.074903005032509e-09,-3.0099275726828276e-19,6.893735690319382e-08,2.8556950459893433e-19,4.3319660815469476e-11,-4.85273562533159e-18,3.949756016698637e-09,-8.700067854116609e-08,-1.1570137981905027e-07,-6.080711876490495e-11,1.3909995281648865e-07,1.5529290073370936e-08,-8.501410753896183e-09,-1.950984643557396e-07,-1.673707965408578e-08,-2.0242834905738367e-08,2.4131085657338016e-08,2.3189016627378483e-08,-9.444297577293882e-15,1.2047229953764934e-13,6.3361965004119214e-06,-9.725243579829961e-05,0.00010889506435663479,7.246531186976664e-06,1.8047772677311157e-05,3.861554027317609e-06,1.4717664253915046e-05,-5.368128498042625e-13,4.273796973278377e-08,2.0033118230665434e-12,1.1609911409774956e-07,-2.120043695078547e-12,-1.8207713570607251e-07,7.673283361181159e-07,0.09212629211456982,0.0001377299399430997,-0.0006182610213660704,-0.012700360728683685,5.273229875313545e-08,6.502429014554492e-07,-0.0015263170788553588,-1.163660541934734e-06,0.004548302041477309,-5.249378501451858e-06,-4.480304847678868e-05,-0.00017128660718324212,-0.00011888197393512274,-0.00028784160800430147,-0.0012631863144652495,4.7409670253017427e-07,-1.7613355887044353e-06,0.0046211565782362796,0.39863739590377484,-0.00386013711403744,-8.373522216385348e-06,-0.008987720199026217,0.0008247176901940957,-0.0048955855758627456,0.17999478458326765,0.7616678958734454,-0.002151001298315631,0.0505022820395956,0.008241030953806927,0.03508735498145956,-0.0021635389640126783,-0.047725838886585145,0.2665795678256385,0.004697727685547695,-0.011205719103385947,0.005432675260101844,-0.007509752077591269,0.00715878407110913,-0.0015943542227281834,3.387287147471758e-05,0.011777506868685072,-0.0031822605636438544,0.007608086384380972,0.01630424487310332,-0.3752032861337819,-0.007663246431730838,0.0024657577990629823,0.008457955940934533,4.720432711400131e-16,0.02269971758937267,-0.009814080581494113,-0.015816031791811697
84,1.2808075037492537e-24,5.952473559817159e-22,4.297067006554574e-21,-8.529242241731693e-06,2.7139804356840567e-06,-1.3831288054630913e-05,-3.2522715652112378e-09,-6.348413782088318e-08,6.4716462597597e-12,1.1308594395182537e-09,1.892069093759896e-19,1.8775675564367747e-08,-2.6581041151552396e-20,-5.598627193314943e-11,-2.748670313759616e-18,4.61078613513615e-09,-9.99310728634437e-08,1.1220493198194374e-07,3.987478233174851e-11,4.748726793086381e-08,-1.2524180812198328e-08,1.5065627533177066e-08,-2.758208042195977e-07,-3.087298686297445e-09,-5.753824293977504e-09,1.8047101461928566e-08,1.816953544139139e-08,-1.2748775614473946e-14,-1.0704321036687198e-13,-2.4475121354381934e-06,2.5078949027583417e-05,-1.6503934183435267e-05,-2.4621792392215216e-06,-9.544242357408545e-06,-3.631473497559536e-06,-2.4648482966512454e-05,1.0231824299547098e-12,-2.5012007132525115e-08,-4.960560634495976e-12,-4.361362872177804e-07,-6.572103170663909e-12,6.741050135422106e-07,-1.9301844649729987e-06,-0.07686289719807116,-0.0006648820878965251,0.0029236444841983632,-0.041372036207795684,1.0629781659182102e-07,2.211283249283487e-06,0.001861269304796144,5.64194181472986e-06,0.0019309163737363869,1.4333378546961901e-06,-0.0020955295779059445,0.00022486559121633626,0.0002668485715063899,-0.00046302024231656164,-0.0032960708876334636,8.839799800547967e-07,-5.153240590618248e-06,0.010748619961563554,0.41963824583109866,0.004335396014671049,8.529107828995582e-06,0.0074845354331202095,-0.001245902238761525,0.0027880241846383116,-0.14028220208530032,-0.5663136907393475,-0.005884818263979973,-0.0371664826884918,-0.0014217249194961059,-0.013761865144906483,0.0004942174649189999,-0.10055097499736462,0.5646288010537024,-0.016731546716394173,-0.029136786553745655,-0.01943124422637085,-0.01219652087024491,0.007884050248749932,0.0014466342403118106,-0.0012112689079790391,0.00046581962403261217,0.0011011980431157712,0.009286089950740385,0.01606378452949609,-0.3767159208861949,-0.014236525578739083,-0.00775384211616829,0.006725114894306264,-2.0078217055362291e-16,0.020463331684465874,-0.005341835934261238,-0.02004472813749535
85,5.527749776846351e-25,2.5525878702515117e-22,1.8433367126014283e-21,-3.6797437193401057e-06,1.3557348381164653e-05,8.553872948764626e-06,-1.3882711753510294e-09,-2.7083023490892948e-08,2.5827942728961806e-12,5.952484530294024e-09,4.98282616608886e-20,1.0007768793123408e-07,2.4419774149961955e-19,-3.765492573068566e-11,-1.0348508780645707e-17,-2.86133766571149e-09,6.319314329880815e-08,4.7905032923832976e-08,5.957543293023604e-11,2.2751437670590717e-07,-5.227044775706448e-09,3.009858933035251e-09,1.721730971229574e-07,-1.9386322002263407e-08,-2.4561476066517253e-08,-1.2326778310194714e-08,-2.459088825019078e-08,-1.655150020558984e-14,-2.8669651896548855e-14,-7.113751869947657e-07,4.051823218682096e-06,2.0067113332867445e-06,-2.9372767276998264e-06,-1.7508839421639846e-05,2.04749861344723e-07,9.642721430058806e-06,2.519926675133572e-13,-4.3986960502109196e-09,-2.290916319351882e-12,9.262263240539232e-08,1.0120001368043719e-13,1.1946221783828612e-06,9.504917273059719e-08,-0.026865790464113724,-0.0005289240787689795,0.002226713209678989,0.07821698395297538,-1.2495175050567328e-07,-1.111327052198364e-06,-0.0035587142326291296,2.2279032368834738e-06,-9.460191729821843e-05,1.1799159096623075e-06,-0.0014992097836370026,-0.0009514056577948972,9.404162571372431e-05,-0.00018167804654255665,-0.004688632477024045,1.068010102879638e-06,1.2910145699009189e-06,0.008179288988496661,0.4785667800691824,0.007817778142076905,-9.498268975083515e-07,0.0009376368856248118,0.00041633696810664775,0.0018531192656894525,-0.031301892774323624,-0.15665676056992373,0.007561935694292841,-0.010676136180295066,-0.0057592585315139186,-0.01473585616858358,0.0015343584848048477,0.13339432953939523,-0.7534540290513723,0.013916375433931457,0.014775799313239768,0.02524931201849224,-0.0021565280702219723,-0.027715983388324875,0.0011560609196447683,0.004394912632223745,-0.00042083711046853235,-0.002158385479375509,0.015890309959900442,0.01771620622278233,-0.38566415233195483,-0.0014883861295957321,-0.008247618802727655,0.013289659467237588,2.350246315907183e-15,0.026023982224414918,-0.019219286660549825,-0.009058432501780971
86,-1.1564740657321634e-17,3.634614343708792e-18,-1.8672628601023955e-17,1.6900768461177498e-11,-6.68062169538025e-12,4.0169185385565036e-11,-6.359990301223764e-12,-1.3470154065828754e-10,5.740126334792113e-07,2.366187063893369e-12,5.947958248597482e-15,4.144375876373846e-11,-2.140592513166452e-16,-3.0648238490019925e-06,-9.037293380670915e-14,1.2193545764723243e-11,-2.8377394747074857e-10,0.005467622251225519,1.1552603134602255e-06,0.0017525601128754965,-4.23585522625702e-09,0.00033130278188088486,-0.008749556286253846,-1.4262657309652442e-09,-8.744001458908042e-05,1.316710182035934e-08,0.00026800002257007884,-5.286018836010164e-11,-1.6643084784311637e-10,-2.9724065645117077e-08,5.473011939132882e-07,-6.401090814624475e-07,-7.018209366058868e-08,-3.0764772959848076e-07,-7.838566416410503e-08,-6.742468234785691e-07,6.642536564738793e-10,-1.748283244370833e-05,-1.9407560237728434e-09,-1.6585165226225605e-08,-3.3461966670854475e-09,6.231752170907044e-08,-1.8868843322481682e-07,-7.147910992816924e-07,0.0028694660919557544,0.001680913514627719,-1.803527918137196e-07,-6.724965923333121e-06,-4.3635583761102986e-05,0.0008395427700090558,3.494880303696973e-05,0.00028741901166279006,-6.0046497823169956e-05,-0.002739416435842383,0.0008424042660901812,-0.0030936345790958703,0.001370292308697199,0.002702815104429669,2.5157627000470373e-05,-0.0001721362539142212,-0.005041400956719571,-2.870312272911583e-05,0.0015865463194927659,-0.0004905522655012862,-0.30503765366834684,-0.008099408762281572,-0.13073837217656994,0.4830891714071913,-0.13018449843374963,-0.008874112537898002,0.07909980321856974,-0.10378281713123616,0.20521769388654443,0.24720304679854588,-0.009396046687566051,0.006466307972691734,0.05103272202727001,0.0064431293894857905,0.021563999066263384,-0.04734796438325434,-0.2687426796761269,0.22306675079237923,-0.15947621393195707,-0.08064481085725252,-0.17714134204200999,0.04533832606561966,-0.23512324749559055,-0.01144700338562228,-0.21417285003513564,0.055096009469391506,-0.4606290577560713,-9.39279597069626e-15,0.06532746801523343,0.012275192271597632,0.0721932797934991
87,7.429664691295617e-18,5.487496538329176e-18,-5.219335512370128e-18,-0.0005835910483788239,-0.0005297497667557854,0.0006278006421784084,2.642901063656698e-07,5.165589659112455e-06,-3.965973130346949e-07,2.950314725931401e-07,-7.064483953038684e-15,4.983008995766513e-06,6.389954862814286e-15,1.5107262469606856e-06,-9.392298916570898e-14,2.878000470266948e-07,-6.328015531450525e-06,-0.0036676160215793493,-1.5129908285366616e-06,0.002779506712937349,1.1092529561751005e-06,-0.00011198590991330775,-0.002824158176823874,-1.1982759882404578e-06,-0.00015317317538028619,1.7541609550879061e-06,0.00014121409485477542,-2.6079296252529904e-11,1.753734467208006e-10,0.000476066673572487,-0.007389399302184489,0.008340384268671524,0.0005653917176869122,0.0014459609233365913,0.00030818410136456293,0.0012038955200672163,-3.3996007053931187e-10,3.87616963713035e-05,7.1375652816355e-10,9.848416121506259e-06,1.4282084022182032e-09,-1.759620324196473e-05,3.169246609636457e-05,0.0004324225603463596,0.028484565482335796,-0.13051753767344382,-5.057647272065212e-05,8.156334360110458e-06,2.9619684960044984e-05,-0.21076252966004455,-0.0003400093262946689,0.7173381776849606,-0.0003030919954157473,0.09133075432517372,-0.06068199849565946,0.056871584037478884,0.0723444624207347,-0.09643433405283851,1.691557076550455e-05,-0.000331895130478914,0.21657045777375125,-0.012187032451247097,0.344498893782006,-0.00011682640547603058,-0.00037644208465345926,9.890641193971879e-05,0.0020389857718778976,-0.014221882007006066,-0.014736368026875184,-0.0021401865922079356,0.04620871754368261,0.02608053205407532,0.25064420346398325,-0.01261846403001752,0.022395153175252827,-0.0018817569590337778,0.008752509240503272,0.15022250198863538,0.014629158580283345,0.06649280839950365,0.1995326168381207,-0.05182325495401788,-0.02245111400408389,0.17041961651847948,0.00010586196911487739,-0.1804356072006641,-0.009306714739166175,-0.005320233849887394,-0.02680049614586666,0.09899299218205436,-0.05628137067515346,-1.1736544199639333e-15,0.10866155935971261,-0.01119076880089463,-0.055970108755790345
88,-7.06343472979877e-18,1.742141745490193e-18,-8.057249403965642e-18,0.0005548549887921999,-0.00017653971821248587,0.000900671249490307,-2.3490891870297599e-07,-4.57641159721991e-06,3.680835804308661e-07,8.135922757766589e-08,4.32587832388406e-15,1.3480364326322386e-06,-5.877522778951932e-16,-1.9433188862713777e-06,-5.238278895044257e-14,3.3782606017267233e-07,-7.310676284966021e-06,0.0035489419919289256,9.811779094903428e-07,0.000928114235316522,-8.913532804640557e-07,0.0001995184536256393,-0.0040063197565640835,-2.1538428633097105e-07,-4.279921898073349e-05,1.324804031209646e-06,0.00011521814380032272,-3.298908828541974e-11,-1.4779831685240787e-10,-0.00018391109596714017,0.0019169541384967824,-0.0012868593919256905,-0.00018976069920451248,-0.0007391807792418715,-0.00029104948714911785,-0.002045131869339142,6.473305313869098e-10,-2.0518671171284636e-05,-2.14693452506985e-09,-3.722692040551585e-05,-4.152585071926822e-09,5.824176367937736e-05,-0.0001513608031823102,-0.0004366774586822061,-0.08174687126668106,0.375254514715877,-0.00019624110269226162,1.334906470287755e-05,0.000467989061886943,0.3225801542137532,0.0014200955459183508,0.2496007723384998,0.0001778730469090206,-0.49279025656682446,0.162435033987764,-0.3121916996643754,0.12860897361180093,0.07923078651448236,1.0812610398614389e-05,0.00033925647832741394,-0.1220446698482711,-0.0029298176501314954,0.11159443052298923,-2.526814920318454e-05,-0.0167661370129509,9.66591568255612e-05,-0.006375300788007107,0.03286238897998666,0.01216188353554168,-0.0019273602202912775,-0.05774208280585947,-0.025845702964585042,-0.21772734855495596,0.003909567875303428,0.017714934433167368,-0.013972405265099687,-0.1329931217859928,0.013077849179600034,-0.29472403459593577,-0.012025681321186194,0.1467579975940963,0.030163348114069583,-0.03797970975935522,-0.059674319008503424,0.0509470223757708,-0.1495768906159075,-0.02534071134980852,-0.006215139912666012,-0.15050215712060955,-0.06915055316669126,-0.0879040411800608,-1.613694571814801e-14,0.06997196982276807,0.05207052428980131,-0.12253838113498225
89,-3.044473573906793e-18,8.986634192292722e-18,4.700032315334877e-18,0.0002393702061769793,-0.0008823292983192613,-0.0005571405858395463,-1.002943792728003e-07,-1.952740466791672e-06,1.4667787643138968e-07,4.3185038216506925e-07,1.1377899356938285e-15,7.249179545440745e-06,5.435167395911457e-15,-1.3063483408568527e-06,-2.0161582174596698e-13,-2.1061648450413264e-07,4.643346962772308e-06,0.00151184400243269,1.4806452377776257e-06,0.004566409335968097,-3.720544262306119e-07,3.859996392151342e-05,0.0025310355775384572,-1.3913386853755363e-06,-0.00018761127669595076,-9.160839748508774e-07,-0.00015346646475225892,-4.306434099670417e-11,-3.6982259611499914e-11,-5.503602371695422e-05,0.00034836620834929346,9.27131675320044e-05,-0.00023119257749152847,-0.001390268577602696,1.7484689736976268e-05,0.0008132272890394287,1.2675986939404127e-10,-3.1418575453792946e-06,-9.128002328836144e-10,8.500448748973165e-06,-4.984652035891773e-10,0.0001073384496625848,2.0935475842538853e-05,-0.00017130207992730189,-0.06452818122841018,0.27280645166049555,0.0004335522962323126,-1.1974107013401667e-06,0.00027682960724126343,-0.5143497453769883,0.001035343922781875,-0.09233900715083398,0.0002965587500231445,-0.3202556786251863,-0.45897139609831095,0.005209129747555455,-0.003683659363003966,0.2216626829060839,-1.6328711555380827e-05,-0.00022369914003200102,0.1260521238581457,-0.006178762730209285,-0.026833524716980705,-5.334930696409243e-06,-0.006371749287047839,-0.002903004007000769,-0.009408214288267096,0.0035360488348740214,0.0052025512378177366,-0.014844632831827412,-0.019135006493423437,-0.01898648432270998,-0.15773180348774787,0.006027116483316074,0.047644702209707686,0.03398078368877993,-0.0056951080276795105,0.3174534660956039,0.09559107427074702,0.13687056382308158,-0.18314193762819572,0.015824434857694334,0.0449469027658496,-0.0605348926186949,0.028614788868689647,-0.12389823524437155,0.009015796249781136,-0.0003735791648598402,0.06386479915943198,-0.06695394885133889,0.006550031215649048,2.559932781299318e-14,0.16094893169358335,-0.13963134515154468,0.037106571865606966
90,2.2839661039233415e-25,1.1306624376756062e-22,8.157918946184721e-22,-1.6162533165301236e-06,-1.4683904155975246e-06,1.7415451646127753e-06,-5.64850260381764e-05,-0.0010725909502059233,6.817012165116022e-11,-6.218035674928844e-05,5.208137619246428e-18,-0.0010229078830193631,-5.182766024270081e-18,-6.449281100790223e-10,8.207921256831878e-17,-5.999018917029288e-05,0.0012746744299503984,1.7607328400084117e-06,1.0887062523651862e-09,-2.4191445916864926e-06,-0.00012153838850245456,3.269667979118248e-07,3.974399199998459e-06,0.0001276348394174222,1.1711565008970922e-06,-0.0001774046913437492,-2.1217554957308554e-06,-9.770826994975197e-13,9.534090666653116e-12,-0.027058592575616956,0.402879437864435,-0.44548676080172517,-0.02778195003069059,-0.06535869187174953,-0.012515802575991403,-0.03913512545112851,-3.6326021221418985e-11,2.428253419612102e-06,1.278112676756544e-10,-0.00013223797242119256,3.1680327892588024e-10,0.0004744626731058831,-0.00025156131002500634,0.00023453837690356422,0.02576094348233245,-0.11235051870278087,-4.351282651805586e-06,9.770280563912511e-07,7.647898772201657e-05,-0.08782474558518184,0.00023103221614365402,0.1363541849463531,-0.00013019228889969616,-0.1033520372229416,0.092083258604204,-0.018401855100789285,-0.22420574997579992,0.16444188280369507,-2.3689453314184346e-05,0.0005018922092478868,-0.3284670399362938,0.009680334871139555,-0.49559246105078525,0.00027695802094390964,0.036240214575190444,-0.006907112257936536,-0.01467443537992935,-0.0026286006554802825,-0.01677469998272349,-0.006286034305922734,0.004794019342314489,0.03452606556057798,0.17935785734432275,-0.010935258472832832,-0.0001604431247905008,-0.006195835788431527,0.024435437621753854,0.11309988173494358,-0.025171568583760306,0.017722067353030294,0.09738805026840464,-0.001434961749426169,-0.00542931501789898,0.17537365769191,0.007053187842409136,-0.10326421473456315,-0.002072588368929228,0.004629086305672706,-0.026561265586343506,0.13738551547669023,-0.012976867467257139,-2.7865200742189056e-15,0.11706902571166394,-0.030244316913077572,-0.08125128701271658
91,-3.778968941462828e-36,-2.4800713974860848e-33,-1.789567074446628e-32,3.5527991054136314e-17,-1.1167627846794405e-17,5.720343802420879e-17,0.010312933670920168,-0.0006249750192642002,4.7709268915224615e-15,-0.0033380669614279483,4.402824471354219e-18,0.00023244404742008175,8.888008732182562e-18,-1.811439407015337e-14,-1.0987056475973748e-17,-0.01648673552939529,-0.0009092044452355378,5.7357604822248654e-11,8.644435423676511e-14,-3.1721546479197686e-11,-8.289480102900506e-06,1.327302238349749e-10,1.2488612038973825e-10,-2.7324345242741377e-06,9.594282162930337e-10,1.4447629810949794e-05,-1.1428030292434225e-08,7.727749217615148e-15,-4.593174414748125e-14,-0.05327995079659703,-0.010860134768303484,-0.0056523548850167206,-0.018456002387191483,0.008333156779382874,-0.07944680079876469,0.01532569312646187,-3.2845007870902316e-13,3.792881379808995e-09,2.6884358756139613e-12,-0.01122217477985903,1.0035650221129149e-11,0.004142004444505457,-0.024522272710005084,4.170998183056805e-06,0.003194393762172332,-0.01356429212426194,2.1044279945713229e-07,1.2127928481857058e-07,5.8577043466600604e-05,-0.0058498518007182795,0.0003005986849065612,-0.005460573827192079,0.0001538119013921698,-0.12016278677697205,0.13908252963412665,0.5670517885177326,0.4038331731865933,0.28953584626867257,1.739049235873853e-05,0.0006349712996213059,-0.278831848976886,0.006271753924262678,0.13375403787778037,4.184748995731024e-06,0.0017319012408364958,0.00042629538474925533,-0.0005258790387818668,0.01662511387681361,0.006495725620197209,0.0013742402703469305,-0.22155837057091882,0.00753055810022309,0.1803741307133196,-0.029386832799766133,0.0420003615091938,0.006928057332232904,-0.261760333180451,-0.008566433944697402,0.1854424489370485,0.010660595205759437,-0.0779865925410022,-0.03351834137605765,0.02761056367290924,-0.054671628420232384,-0.034845743494369294,0.0876197821593069,0.0494904284386493,0.023249097422746653,-0.13084338412008373,-0.11721556045908615,0.07595708902109698,-1.7711035258068652e-14,0.073293278862815,0.06199632926364013,-0.18516249705186913
92,3.8028790993646787e-28,1.8846430860646773e-25,1.3596209640071501e-24,-2.6906165431286765e-09,-4.370650652516965e-09,4.2043007772077354e-09,-2.937826485094181e-11,-5.955036111555399e-10,9.312077715620176e-14,-5.3238661633412873e-11,6.805578206553093e-21,-9.253650292110003e-10,-7.212092043696981e-21,-7.272012047239727e-13,1.439869269817427e-19,-4.531655771404906e-11,1.0352638649669419e-09,2.156182359950586e-09,1.2128876803228927e-12,-3.928874722596409e-09,-2.8765209708863907e-10,2.834798186614436e-10,4.8628853286956615e-09,4.4992802461378436e-10,8.991980736295303e-10,-6.460335573052535e-10,-9.945837680574703e-10,5.425459155411801e-16,-2.2398902188100074e-14,-3.5552726406663093e-07,6.165510183999316e-06,-7.457893741215931e-06,-5.908297267044021e-07,-1.8883242995348847e-06,-4.422990750380731e-07,-2.4842878994792562e-06,4.32302442747985e-13,-1.3254826814044818e-08,-5.249696371982688e-12,-3.923342222587347e-08,4.886047225971763e-11,2.9139476173953237e-07,-3.9757940132456475e-06,-0.7722332676267701,0.0003677882846457508,-0.001610023477496778,0.22627612536921307,7.251806085678316e-09,-1.9521433968526935e-07,7.29612111323436e-05,-1.7046770397690176e-06,0.00018754706908171687,-6.811019246731596e-07,0.0007393544100744878,0.00015032800910310697,-8.020254474913973e-05,0.00017573544129471295,0.002684313382747685,-1.077937443156528e-06,1.8902697463686528e-06,-0.008234445672476269,-0.3962158445459296,-0.005357194201669924,-4.4432292927399036e-07,-0.0004508778651900039,0.00029945727221469316,0.00015726886917895894,0.019182003442057224,0.0832333910009877,0.0005727798668870286,0.005814122696569358,0.001033943753854384,0.006166023409469745,-0.00015687240353060833,-0.0020925632254074804,0.003824970405485807,0.003246627386634779,-0.013785016373195982,0.007477489396512147,-0.009403733982297872,-0.006494721371894921,0.0002817547579928095,0.0014303124002147533,0.004605424778035745,-0.002665961059771991,0.01644072675522123,0.01912722044713284,-0.43100160682480043,-0.007629574504215233,-0.004253626766689451,0.01179102585665823,7.93080776228898e-16,0.02352606983065488,-0.012214875829645396,-0.01544074220596187
93,-4.17360198869451e-28,-2.0580782625868936e-25,-1.4857216147101388e-24,2.951851981491195e-09,-2.634417576752759e-09,5.554097671321713e-09,2.9329301326463974e-11,5.920406915210663e-10,-9.501955947825097e-14,-2.6642314176589244e-11,-4.4115953158875305e-21,-4.571150713844745e-10,-3.417186455772269e-22,1.1313098172603568e-12,1.1103672590442998e-19,-4.8035667552941194e-11,1.0763206414429583e-09,-2.2890807762591074e-09,-1.1353852675860575e-12,-2.0756344780993473e-09,2.5346582456093767e-10,-4.760821992565869e-10,6.525885496248601e-09,1.4855018738384285e-10,3.2090649781802524e-10,-4.0019101385438625e-10,-5.567944964976616e-10,9.83820759620521e-16,1.9153545639822886e-14,1.6867791421335564e-07,-2.2662323035559577e-06,2.0839656793099984e-06,2.886561508451419e-07,1.234438053859012e-06,3.9958283496511473e-07,3.253477930531982e-06,-4.419934861675326e-13,9.590168684509803e-09,4.571996158223042e-12,7.170419285505805e-08,-2.917978876201328e-11,-1.9611214495784036e-07,3.913905189809308e-06,0.593781105786238,-8.727742466858441e-05,0.00042121387975193534,0.5496623586978563,1.9702518379375628e-08,2.032110717861811e-07,0.0013450224945814845,1.0911409579037573e-07,-0.0007370977399600592,8.71199717394804e-07,0.00019028917422691537,0.00021936991939440666,-3.94548310960227e-06,0.00014222929294834972,0.002292518502363879,-1.0031719082983036e-06,1.4082172882427842e-06,-0.0072005811500183365,-0.3864571192941212,-0.0040918626490504695,1.7519941951033642e-06,0.0016281758889060316,4.839567627518471e-05,0.00112077919401928,-0.020323590500548598,-0.08072377595883627,0.0002146046690476854,-0.0049412792864011075,-0.00016616395487463844,0.00039455397926481167,0.00016828255592637193,-0.006707318378297361,0.029936235898220885,0.0009112064564832436,-0.01551488148991816,0.004928438528674769,-0.009849409546985606,-0.006665567325995743,0.000622769763783399,0.0013295337773921727,0.0033553657283731135,-0.00218605203631975,0.01665386849794869,0.01910011838908638,-0.4309716415536574,-0.00825913417046812,-0.005384087382088734,0.011632820390447026,9.766917513356277e-16,0.02331869127865647,-0.011819069819230164,-0.01582425000321469
94,-1.997054682818753e-28,-9.78437191411206e-26,-7.063696846778059e-25,1.4117693352083091e-09,-6.321380016351573e-09,-1.5047804597687085e-09,1.3458892854943438e-11,2.7115739480000923e-10,-4.173754007026286e-14,-7.158984934341297e-11,-1.1175071520510785e-21,-1.2387285162307923e-09,-6.0159004657587025e-21,7.772101793525428e-13,2.745131462686413e-19,1.45529490192527e-11,-3.424236165660658e-10,-1.063244384547325e-09,-1.2688396784964128e-12,-5.96324300996662e-09,1.0900152026799116e-10,-1.5273555636798999e-10,-2.663034529023685e-09,5.10556008291427e-10,1.0996418296740706e-09,1.6744780136701277e-10,9.250536077539375e-10,1.4189161605621002e-15,5.631063133101539e-15,3.784177392902568e-08,-2.1396635679565896e-07,-1.9004956937589015e-07,2.23012234212078e-07,1.5598107049159613e-06,1.9613155811085833e-08,-7.989601253098235e-07,-9.907753119356506e-14,2.4267427930112266e-09,1.5708236742480493e-12,-9.92291593752962e-09,-1.8962145516360947e-11,-3.4151952069329007e-07,2.594462344775276e-07,0.1896329801315726,-4.823228761144959e-05,0.00019666087559883422,-0.7991736242445159,-3.292702735589435e-08,-4.921952554563158e-07,-0.0005933063987759268,-5.682936279117915e-07,-0.0010565403547134024,6.63654938186522e-07,0.00027372876328436214,3.932701099827647e-06,-3.0993804217737495e-05,0.00016805307876088582,0.0020095833138983605,-9.452261091812664e-07,2.059665570878053e-06,-0.007172810111304922,-0.3592055221646228,-0.0036661453691318588,6.407676102615088e-07,0.0008349652757130224,0.0002152112256254861,0.0009394275548746076,-0.007186430135250238,-0.030078684603293358,0.0014054584223337852,-0.0016757867907790046,-0.0004315726594692297,0.0007918245546467092,0.00022639003398171388,0.01379063486592992,-0.0855568843153443,0.0036598629720972845,-0.011647265518309144,0.0087215552672237,-0.008968631836508435,-0.009468708013494694,0.0005680853956609922,0.001775907601749269,0.0033948660047101033,-0.002474712882713873,0.017062764998898708,0.019187639963473023,-0.43073271110477157,-0.0072216658934404435,-0.005318705273874093,0.012123500776269945,1.0016205705232102e-15,0.023757667867792258,-0.012914836542277016,-0.014931325945157501
