,0,1,2,3,4,5,6,7,8,9,10,11,12,13,14,15,16,17,18,19,20,21,22,23,24,25,26,27,28,29,30,31,32,33,34,35,36,37,38,39,40,41,42,43,44,45,46,47,48,49,50,51,52,53,54,55,56,57,58,59,60,61,62,63,64,65,66,67,68,69,70,71,72,73,74,75,76,77,78,79,80,81,82,83,84,85,86,87,88,89,90,91,92,93,94
0,-7.355603496651769e-17,7.706686520768426e-17,-2.3175151869480256e-17,-1.269459653399058e-16,-3.562465506699385e-16,1.9510824292140479e-16,5.279744491954835e-16,-3.0181263209190257e-16,5.893241663726378e-13,4.3253304712322844e-18,-2.836980308841991e-16,4.709758525715463e-12,2.731920162996262e-15,0.012433351661025932,-2.392875896010338e-16,1.4763223489311809e-16,7.366481964596195e-16,0.3083311166136185,0.06289627896627716,-1.1107058430559853e-10,1.0912076442761276e-10,-3.8488948371442886e-10,-1.9970797469535976e-16,0.00353606572938546,-2.12109211502002e-11,9.763418281962791e-14,2.921822161647229e-16,9.608105483135254e-17,-2.2392216810309268e-14,1.0587231395382058e-14,-7.593630398206928e-12,1.5613857193434161e-16,-1.1364344743845225e-17,8.452797982563728e-17,5.904194720303587e-15,-0.22275618300074315,1.7711104572737277e-07,9.266973126752706e-16,-6.168849458508909e-15,1.881462156593517e-13,-1.0005441406857584e-12,0.10467089001046158,0.6985461543331939,0.10777671034660694,0.04825507247196287,-1.625600554829325e-05,4.7048529165014214e-07,-3.639345871554461e-09,3.76030890336605e-07,8.531593126139991e-08,0.00020832991199637617,-3.501474078375065e-07,4.24030528487816e-06,-5.0078856357173205e-06,-4.461164021342826e-05,0.006007852547435343,-5.211718762600063e-07,-4.469360113330903e-09,-6.082786204379878e-07,0.00015114336483091015,4.7975344741533135e-06,-9.994830499932725e-06,6.151237670980136e-05,0.0035114779571602758,-0.010640553613174992,-0.05803401244571947,0.02187977142421588,-0.027803394712281975,-0.002071759411296611,0.009876593408042535,0.0001378663155151672,-4.301283393064713e-05,0.0020585494365994677,0.003010320845615695,-0.005828041570914874,0.003386172996091163,-0.005070507047288263,0.0017833788364828161,0.00017477165218306555,-0.5773502691896227,-0.0006101422161724088,-0.0008049183280489795,0.002030390720739682,-0.0020466095276384768,0.001990693800269795,-0.0011842415873785153,0.0005852876864415609,0.0001369496991118084,0.0006313502885379864,-0.0005634536310016775,0.0006105661849318502,0.0007060572770688986,0.00012644930330511076,0.0006650354539688829,-0.00032714256595867114
1,-1.3287425280536401e-16,-2.7184681184633536e-16,1.3619534607946316e-16,-4.151993706196606e-17,1.8811714454715394e-16,-2.660036739789342e-16,4.583271580694603e-17,7.702074718732763e-16,1.3240452161483137e-12,-4.047668340513677e-17,1.2717441454262071e-16,5.9003822767791415e-12,8.25377020556842e-15,0.02449070745342981,4.1164539657656804e-16,-1.414936775826819e-16,-1.7198804913151573e-15,-0.10339536522974212,-0.3054702715401577,-2.3091822472180832e-10,2.2688886899492196e-10,-3.821723298024631e-10,5.75729972911426e-17,0.00669379667982951,3.5046884739790973e-11,-3.3595319727254896e-13,2.9309919286811767e-16,-5.169625240235681e-16,-4.219377722599718e-14,1.9941950503058433e-14,1.6694113395468125e-11,-5.135562311163925e-16,3.754679270980483e-16,-1.2986446637187888e-15,1.7783826991319696e-14,0.07016409459649049,2.2399695932671363e-07,1.6393729731133905e-15,-1.7618090543848857e-14,-8.274551072466862e-14,1.5774141668251737e-13,-0.49029597846332723,-0.22140112489605426,-0.5060904107038082,-0.09312496404261329,3.8410129706567874e-05,-8.773361230521088e-07,2.1111532817291105e-09,-4.1681898772355706e-07,-9.829185052481624e-08,-0.00033306685035501337,4.636483580575372e-07,-7.138506945881415e-06,4.6802954169394134e-05,0.00019192187826508295,0.015318296078068068,2.2785981932577866e-06,9.813944983187862e-09,-4.61812732700675e-06,0.00027917137456738247,9.258927177365686e-06,-7.271091295822164e-07,-8.768289659819698e-06,-0.000875975517422957,0.0036679186755950222,0.01856615676420031,-0.007464978225784938,0.009337189071510127,-0.000907629333819796,-0.045734124438576426,-0.00016794998452759,2.821789878781361e-05,-0.002413895696440677,-0.0021375327008690548,0.0020278642377562005,0.002589728990150061,-0.00018716877808437634,-0.0017595111404693805,-0.0007620562412870477,-0.5773502691896236,0.00020300434821767088,5.793487366590014e-05,-0.0037314199264326707,0.00012118959865471507,0.002088198000888396,0.00048704543142647877,-0.003218678926525807,-0.0001628597594715953,0.001037735793012735,-0.0007350224367147923,0.0016032813558034035,7.243491216944144e-05,-3.875913051685815e-05,-0.0005262924422012767,0.0006851381042453195
2,-1.0301227397055766e-16,-4.951492635649728e-17,9.765573144956816e-17,7.096009387006881e-16,6.108882688143224e-16,-1.8426476817671769e-16,-1.3979490766440813e-16,1.1082139261913708e-16,-1.9131141128120507e-12,-1.7407666449003371e-16,2.4291479233869906e-16,-1.0610768980736535e-11,-1.3935234096974023e-14,-0.03692405911445586,-1.355645834915918e-16,-7.609203868346294e-18,6.708230072827954e-16,-0.20493575138387563,0.2425739925738802,3.419878877840489e-10,-3.3600833629009615e-10,7.670620910726457e-10,9.928524111659298e-17,-0.010229862409208383,-1.3835981350073442e-11,2.3874098130821123e-13,-1.6442685907690905e-16,2.054833364011407e-16,6.497328479274642e-14,-3.0304967334154256e-14,-9.100471698984174e-12,-4.692900483827524e-17,-2.2651118492767017e-16,2.0723708736801904e-15,-2.3802329754159082e-14,0.15259208840425798,-4.011080039639799e-07,-2.425548411488175e-15,2.3558403352242973e-14,-1.050456657956613e-13,8.430138417141028e-13,0.38562508845286525,-0.4771450294371317,0.3983137003571889,0.044869891570663054,-2.2154124159774264e-05,4.068508316586907e-07,1.528192106969764e-09,4.078809795822175e-08,1.297591923425314e-08,0.00012473693836208846,-1.1350095015924175e-07,2.8982016604255876e-06,-4.179506853295012e-05,-0.00014731023805041428,-0.0213261486255293,-1.757426317087461e-06,-5.344584728751233e-09,5.226405947548822e-06,-0.00043031473939864144,-1.405646165194561e-05,1.0721939628654167e-05,-5.274408704896029e-05,-0.0026355024397019147,0.006972634937527699,0.03946785568148228,-0.014414793198396983,0.01846620564073675,0.0029793887451253884,0.03585753103048401,3.0083669011632764e-05,1.4794935143554179e-05,0.00035534625982853297,-0.0008727881447655827,0.0038001773331854207,-0.005975901986256067,0.005257675825301881,-2.3867695989715676e-05,0.0005872845890921452,-0.577350269189631,0.00040713786800283596,0.0007469834543312033,0.0017010292057387296,0.0019254199289704165,-0.004078891801162877,0.0006971961559586788,0.002633391240084528,2.5910060358951884e-05,-0.0016690860815517033,0.0012984760677146273,-0.002213847540733251,-0.000778492189217523,-8.769017278519442e-05,-0.0001387430117405267,-0.0003579955382967494
3,-2.9641446796685184e-17,-1.6118167556107602e-16,-3.5432849160314576e-17,-1.2590435100106825e-16,2.466698349406445e-16,4.774708075701911e-16,-9.862396141404893e-17,2.950150724626393e-16,1.0107522966824142e-10,1.6703316927160974e-16,7.108650638251121e-16,2.955295545623494e-10,5.284034937813024e-13,0.4305895800363205,-6.408567969187097e-17,2.7716072656571897e-16,3.2161313313258854e-16,-0.7440063548641673,0.30328476374538016,-5.007411065195823e-09,4.9093917974587484e-09,-4.8327365151583425e-09,-7.186853995236592e-17,0.23870314837985054,1.375658053408273e-09,-2.22792941509261e-11,4.837484656456763e-17,-1.0683182674520094e-14,-1.550076893379621e-12,6.11751619126096e-13,-2.693608936820776e-10,-1.9385263922786588e-17,1.6313131499038587e-16,-2.504187464403736e-14,2.316015422081653e-13,-0.023901088050344372,1.688728686496162e-06,1.9669332314774336e-14,-1.4252203703771218e-13,-1.5486510618005094e-13,-5.791857385645318e-13,-0.06047821486982362,0.30141544415820043,-0.08584426177821314,-0.006779946401756693,-1.226172375890258e-06,9.471806935221761e-08,-1.501884985674815e-09,2.2372188266617513e-07,6.682692674755838e-08,0.0004197761743036512,-4.4392731833343123e-07,9.630421009604528e-06,-0.00012478146660295928,-0.0005924276484968584,-0.0667388194024637,-5.681396141384663e-06,-1.5806377426999225e-08,1.6532405084861783e-05,-0.0013105295901887997,-4.3530543584943305e-05,2.541223763862978e-05,-9.336826880175915e-05,-0.002981640281059424,-0.0015357366248829672,-0.05986785041297659,0.018251327753886985,-0.024929972037666857,-0.004679784721222852,-0.017249974497549198,0.0001702140065520522,-5.8542466436103936e-05,0.003967018707319296,0.005527195568845278,-0.011261200701769123,0.0027064676649333984,-0.006356620244793328,0.0011901742183021303,0.00010839640258358393,3.951745627401082e-15,0.0001524006532451739,-0.0012965093922667715,-0.00026044223507001326,-0.0026765536777581143,0.0009459887564702279,-0.0018637206797804246,0.0005701428865025552,0.00028107573858332193,6.674436357394885e-07,-0.0004681877986650379,0.005115352398871075,0.0006183373322692519,-7.432732046576026e-05,0.0013747719673279713,0.0006872181184470536
4,5.765185869164343e-17,1.8051411459402365e-16,-1.8562000299936157e-16,1.9766340790080388e-16,8.002491374384859e-17,8.753976317369755e-17,3.542820283117856e-16,2.6413446833536174e-16,1.0809005797577946e-10,4.983990798871662e-16,-6.114481447062244e-16,3.3231746668596844e-10,5.65397025440424e-13,0.4899357702523746,6.107464254901708e-16,5.073951655691625e-16,2.880182588692289e-15,0.5287003619188353,0.5539293248642301,-5.56942517858242e-09,5.461156242003416e-09,-6.534773541190976e-09,-8.945381242401341e-18,0.24645365106912484,1.3182899321388145e-09,-2.1987200328881938e-11,-1.5562282522217329e-18,-1.0867562799512573e-14,-1.599715634289582e-12,6.325751680168087e-13,-2.8015492019306603e-10,-2.5213953686555036e-16,2.635453426604352e-16,-2.6091167296295664e-14,2.36515226098314e-13,0.022071030886289467,1.7118859206608888e-06,1.9584115825601535e-14,-1.4353507212967055e-13,-1.5409702740273922e-13,-3.1010611477561305e-13,-0.1267418617750648,-0.23031099794309765,-0.17671692133709,-0.0485166671992991,9.383640871541323e-06,-2.171665812481413e-07,1.177266819868238e-09,-1.8789971859825404e-07,-2.772251611476797e-08,0.0001713738376890402,-3.991025508635529e-08,4.534526456913751e-06,-0.00011838390784379067,-0.000533675061269753,-0.0751626963859273,-5.00645362982655e-06,-1.0126866895787354e-08,1.7362644799651848e-05,-0.0015247465393001096,-5.032528968460279e-05,4.103342388661574e-05,-0.0001923750083448547,-0.008734897565391217,0.016318860258985598,0.03935689946180024,-0.01901757360295785,0.0224878036093985,-0.0010470451936997864,-0.03461781630618373,-7.354712322378773e-05,1.7287762759628458e-05,0.0002822869256249811,0.0001001801840984591,-0.0006729982720950885,-0.0034547458738958367,0.0031770144873894393,-0.0021582476067051335,-0.00022519967158219929,7.187300224859893e-16,0.001315784282529795,0.00023699932694950623,-0.004098984640241602,0.0011321602203446643,-0.002703262484030824,0.0002760999857481472,-0.0005090248566415941,3.5243221092093914e-05,-0.0011590228949022064,0.0005765773692865945,0.0039842619825847265,-0.0007204969086906781,-0.0003138656384158727,0.00011228738758355799,0.0013081546065076294
5,9.106667195402162e-17,-4.791291445021043e-16,1.9332487253662823e-16,-1.8977490187677516e-16,-7.822469024668998e-17,-5.367271092315878e-17,2.5673003591215964e-16,1.7828848321122446e-16,1.2384758245020722e-10,-9.515648538198514e-17,-5.482206313417603e-16,3.783669498973755e-10,6.499803428062122e-13,0.6068334678871478,5.740963921159776e-16,1.2764214668967236e-15,-1.249536217530258e-15,0.10191250716906955,-0.6633837404459001,-6.737867975191342e-09,6.6084074127213855e-09,-8.224798040994346e-09,-2.875049257447769e-17,0.26112540582116056,1.4130809444963668e-09,-2.300024629528875e-11,-1.168070768370355e-16,-1.1450752529493414e-14,-1.6938037130332587e-12,6.716285817251394e-13,-2.564255944527725e-10,8.380972189885454e-18,2.877215370811242e-18,-2.7736257484358e-14,2.50186020716612e-13,0.007590660202880218,1.7411734793841455e-06,2.0896769509911825e-14,-1.486229862423873e-13,-1.5515606586409222e-13,-3.530629323070234e-13,0.18364815776816132,-0.06178264561026099,0.24999661862897088,0.03202886769315132,-1.568551291512091e-05,3.6441944353916916e-07,-3.768863449925804e-10,2.683705073748722e-07,8.120719461099755e-08,0.0005685063621807422,-5.748902201375893e-07,1.3113408450822931e-05,-0.00017817454029363128,-0.0007864321183856689,-0.09664115990329027,-7.957347294090704e-06,-2.2598093491516214e-08,2.3665928502243636e-05,-0.0019204188217448177,-6.343870443190193e-05,4.216984207124088e-05,-0.00017826207990569276,-0.0072996863557315255,0.010164179615780453,0.00761306195292309,-0.006302105432187133,0.006563534607374027,0.0005444431515859654,0.04580495758842802,0.00022340487568284494,-3.2459476306746217e-05,0.004603076133886051,0.003953730502446045,-0.004357158171751564,-0.008166812662697797,0.0035289317111892597,0.0011453609051915426,0.0012293781572873985,3.167840882983578e-15,0.0009287074189657113,0.00012662336600287552,0.002955427829720034,0.0009066279424567846,-0.006531254083805464,-0.0006039483847178902,0.005425654026087902,0.0003275857740761622,-0.003065178946400702,0.001939468292854049,0.0010141397895834302,-0.0008578488541994442,-0.00024044256144508804,0.0011113861405472167,7.720812311171374e-06
6,-2.334065040143775e-17,-4.202873911125633e-16,-7.282314602937838e-17,1.0994306311335567e-16,5.712475271757994e-16,-1.9953782024345505e-16,-6.698542188263422e-16,1.2695065661848879e-17,-6.125442863184465e-10,-2.3944617628571817e-16,2.210758388191263e-16,-7.99996312283787e-10,-1.918541054265815e-12,-0.21686347298227415,-1.3939990787539632e-16,-4.599430659645921e-16,5.17524262526453e-17,0.08216618188808536,-0.03611682965451235,3.6507398874423847e-09,-3.5660192974338664e-09,9.806771975823824e-10,6.043111692143106e-16,0.3475378791550364,1.6036023544360297e-09,-1.8990918589760022e-11,7.597867694242821e-16,-1.2147112118397117e-14,-2.215722112375271e-12,9.731851864470918e-13,-6.615933432479853e-10,-2.993777091542502e-16,4.954919875313176e-16,-5.73806377075931e-14,5.857425929894474e-13,0.6199080044276607,4.4974106553373695e-06,5.2816046426439753e-14,-4.058912409191194e-13,-1.1892840986578689e-12,1.1341361941629025e-12,0.17629372355953507,0.12274883194269837,-0.1470056389534066,-0.03804785959433297,-1.799328346872084e-05,4.467177979982561e-07,-1.1333789767962692e-09,8.332806986574314e-07,2.670946063416512e-07,0.0018923932888277937,-1.9246906916843994e-06,4.371033336666777e-05,-0.000587126386576315,-0.002812049421569031,-0.3150844694036874,-2.6700893438304562e-05,-7.289392688219471e-08,7.809218818802278e-05,-0.0061738174572658734,-0.00020529843050102057,0.00011396774464661096,-0.00038681874444539485,-0.010127713667116957,-0.024630913350444796,-0.4190876323565526,0.1333223094825353,-0.17926131674968146,-0.03279490959755991,-0.17543412339042186,0.0008862073922003504,-0.00036377752230871947,0.021233728128004028,0.03327571913155568,-0.07340758291121097,0.03193781675562883,-0.05271166535554099,0.007484419783540405,-0.001090770771522834,4.549903213839178e-15,-0.0007334244888616575,-0.00982887355547886,-0.005391449714669367,-0.021038849491027113,0.017074822186852898,-0.012354778641287922,-0.0039013231130905243,0.0015012414228870194,0.004838896721239375,-0.0064564062117310455,0.03434330563412942,0.006095961482875012,-7.937608125445647e-05,0.008323145131357785,0.004667730321081683
7,1.4600548667377337e-16,8.073253881406505e-16,-7.699608823044919e-17,6.501269401037227e-17,2.664763652294011e-16,1.581736040134053e-16,-2.7860856345807667e-16,-3.059614419259703e-16,-6.555658752951277e-10,4.950482683672497e-16,-5.4509510090277716e-17,-9.844580073966527e-10,-2.0370954693584817e-12,-0.23460379019329877,-3.2073410959421995e-16,-6.748606804443075e-16,-8.375897663540857e-16,-0.042527220844293015,-0.0527555384578237,3.933064405817526e-09,-3.841268231198542e-09,1.5003362317720551e-09,5.380195353473757e-16,0.37357841221658167,1.355800733516642e-09,-1.8130829952755738e-11,-1.4986327236000198e-16,-1.1732969451518356e-14,-2.3812446962791953e-12,1.0501236473504e-12,-7.521487819475315e-10,8.640999079690317e-17,-8.904294648035554e-17,-6.086076348479203e-14,6.069206277932747e-13,-0.45227844683540636,5.361788873931488e-06,5.2661738375153907e-14,-4.187055063958132e-13,5.1593523521322725e-14,-3.0373076183588584e-12,0.35920688790097327,-0.07734661570151855,-0.2851199704977287,-0.10765884246238497,-3.5847943191806664e-05,8.720946852767365e-07,-1.0640454981029875e-09,-7.702109215566779e-07,-1.1574737497755385e-07,0.0006376644666573155,-9.036883586855471e-08,1.723963598760772e-05,-0.0005061543128948436,-0.0022907951448408945,-0.3349071645944855,-2.103697570310997e-05,-3.8242285429163795e-08,7.583601982017271e-05,-0.006847355331736879,-0.00022594107152492353,0.00020277406473445745,-0.0009975942287843047,-0.04726380135898682,0.09712043913569118,0.2803893606943828,-0.12801909722049157,0.15386820626200454,-0.007939334159953446,-0.3489973108500078,-0.001054713243478733,0.00020889712678888775,-0.008649838138931306,-0.009141231783954748,0.007245956247791748,-0.009148655142802395,0.01870042440636506,-0.019959155731844862,-0.004742572127266058,-1.3059009921852201e-14,0.008226516209863534,0.0019922640767883054,-0.0392227847809027,0.007519792459073651,-0.006520317754985746,0.003868841488663274,-0.01629203051625219,-0.0005046468165041056,-0.002092473442300117,0.00021500717008193437,0.027249026973276035,-0.003884895925332235,-0.0018984165980197715,-0.0021473626701829615,0.01014253046534324
8,-3.8627914479027905e-17,1.1466230919972312e-16,-9.434662008246997e-17,5.628353647107107e-17,-1.186910327310722e-16,-2.71164433257468e-16,-5.168609742266914e-16,-1.6638142284868085e-16,-7.470814773534344e-10,5.054345527282111e-17,5.951051206736839e-17,-1.0765215470280571e-09,-2.328863165062331e-12,-0.27009400038161874,-4.941845561125084e-16,-5.231252591083065e-16,-1.1024084144548836e-16,-6.805073257577993e-05,0.024838276022278498,4.501792195504761e-09,-4.397075015673227e-09,1.3329801322861722e-09,2.456233526624605e-16,0.4281462998307331,1.7221453337696653e-09,-2.2759568071629573e-11,-2.494537560224563e-16,-1.489668272240863e-14,-2.7291039750167924e-12,1.2010001740560378e-12,-3.467697201981883e-10,-1.8635318515845199e-16,2.7037161116760353e-16,-7.048788194429945e-14,7.128496446164964e-13,-0.11231369197440379,6.2974473999608426e-06,6.330839933816451e-14,-5.045460021906376e-13,-4.1165504753474657e-13,-2.233210765350799e-12,-0.47018062845974457,-0.019446404128547447,0.36702727510902705,0.049198540831741314,2.036961270421276e-05,-3.008891451211801e-07,-5.223710877460874e-10,1.1427811858553374e-06,3.3541668220794484e-07,0.002302184524181375,-2.3478766738140126e-06,5.3002280452923775e-05,-0.0007004743518666691,-0.0031094907841233877,-0.38935826733457135,-3.183922323317832e-05,-9.411321304050213e-08,9.511123524509054e-05,-0.0077549692245531595,-0.0002558915337430502,0.00017028522782357595,-0.0007121185305841726,-0.028840644139096473,0.04012806148761124,0.05998448207102956,-0.031771376264769925,0.036218873153669895,0.013780444872476247,0.4467798679510811,0.0015675493734007648,-0.00018849952393353714,0.027703717969024298,0.02076845515858364,-0.01304582250135104,-0.05898064732883136,0.031113324162029676,0.012336777943708887,0.010226603552177626,3.7941305585349754e-14,0.0038139800244462226,0.0027272327157490685,0.034241204062703826,0.008938754935281385,-0.04556420844649191,-0.0021811886647183963,0.04242112187541571,0.0019423531339145025,-0.020934240269412464,0.01453688305522003,-0.01060756454430917,-0.006110911169403383,-0.0009903729666100492,0.0061323212882891396,-0.004465977271105736
9,-1.8196487727038075e-15,9.617580581649216e-16,1.424686714769641e-15,-2.278717372273059e-16,-3.295163850405747e-16,-8.986488208432947e-17,3.6717013307760433e-16,2.573517089964683e-16,3.335711062387626e-09,2.6522399652346343e-17,-1.4900849692639091e-16,1.907047669188662e-09,7.268733886704306e-12,0.08935896558214161,6.101823897199877e-17,1.142973799774782e-16,-6.67248486157101e-17,-0.014356050535648937,0.010230717877845553,-3.6954303490473804e-09,3.5923500403026138e-09,2.465497955956356e-09,-6.794582182090587e-16,-0.3187021150214041,-2.8621185312925862e-09,3.49311243726137e-11,-7.961950545750241e-16,1.7875643717115616e-14,2.094354429966779e-12,-7.544714196193753e-13,8.723583778724666e-10,4.994782996634035e-16,-2.153556069582662e-16,1.1386906293808883e-14,-1.1324636720750627e-14,-0.45361336257754553,2.4466075500903133e-06,3.254921809246373e-15,-1.2504555398886306e-13,5.892678895179604e-13,-2.3977374994927973e-12,-0.12657980038212546,-0.19451278309477527,0.1245849844139377,-0.006147184965352412,2.325410923081526e-06,1.2226030083340514e-08,2.82273068743457e-10,7.055180296863919e-07,2.3858963431790636e-07,0.001992309858490383,-1.9010651951689377e-06,4.656178021038403e-05,-0.0006816879808711838,-0.003256158048900676,-0.39640659006456236,-3.106206982358139e-05,-8.357198156094765e-08,9.57942288835035e-05,-0.007862992048657896,-0.0002608371142011587,0.00016091177425995754,-0.0005786258370674878,-0.01688684648288196,-0.025470449959053044,-0.5412950568709359,0.1691560209697153,-0.22889896513036734,-0.04449676388761184,-0.22795547072282202,0.0012782626895263957,-0.0005081329489641999,0.030820587180725098,0.0481372537744717,-0.1067665126942699,0.0455333589281046,-0.081226315396811,0.011438324090504983,-0.001899204271393282,2.4522119386062938e-14,-0.0013272756581039465,-0.015449028431374778,-0.008543351876222982,-0.03177037168377794,0.024703345169031655,-0.017806056549205192,-0.005592043937449201,0.0021853047136139005,0.0069824219687753784,-0.009677300938645994,0.0513562278455039,0.009609848574216132,-8.86014755499413e-05,0.012844125799110038,0.007243273871820746
10,-1.840064158107351e-15,-2.9363828090788995e-16,2.120578313663232e-15,-1.6529298516473376e-16,-2.8981385480799576e-16,-9.153541932317041e-19,-1.7867680412509043e-16,9.10704814946297e-17,3.5974506839572614e-09,-2.3849024761445535e-16,-1.4631714324697784e-16,3.6148537340067703e-09,7.61932675274871e-12,0.09582292116774324,-1.6472525640944909e-16,5.498271347233738e-16,5.858268133244078e-16,0.0019076272125389086,0.012108908723813122,-4.058692757231731e-09,3.940307055716955e-09,4.985539753772349e-11,-1.4633285855325282e-16,-0.34133707019963444,-1.171184948861868e-09,2.368810367976217e-11,2.3201009461200155e-16,1.3941638715672841e-14,2.235553124807833e-12,-8.258703332096984e-13,1.2718275682722615e-09,-2.0566505169274352e-16,1.9138095036320797e-16,1.0103219912326566e-14,4.4137595375663426e-14,0.3274341239075242,2.130983906233423e-06,1.2371399353571395e-14,-1.6971488438939438e-13,-7.799009136372652e-13,-6.571561347096222e-15,-0.24851195393855668,0.15463018174347012,0.25561380927564237,0.02762103124927964,5.828995258127239e-06,9.71171910758032e-09,-1.4654018290636191e-09,3.402818448272277e-07,1.4268902930674662e-07,0.001528833478610053,-1.3129371338721825e-06,3.649043221677835e-05,-0.0006581786248454115,-0.003005463191397495,-0.4239044823294814,-2.8639584973979424e-05,-6.727288589436244e-08,9.713223146563783e-05,-0.008647192154963883,-0.0002853274301046006,0.0002587262665226944,-0.0012842127751513887,-0.061140949457972035,0.12608936884080627,0.3614525572222482,-0.1656321104334211,0.19889423078902616,-0.010566028526307414,-0.45688388075744013,-0.0013709158093773138,0.00027280361206457926,-0.0109903946404941,-0.012229545146766394,0.009861271893095451,-0.014427033527385025,0.028689448982868394,-0.030939622575501508,-0.007823930630477385,1.983839788523955e-14,0.012889076931278505,0.003159845903194084,-0.061788565191332946,0.011421714160505065,-0.01017821042818972,0.0054292069335234415,-0.024053860542900252,-0.0006368226240056038,-0.0033165412462423196,0.00033551588202498494,0.0409691158167843,-0.005982838109613521,-0.0029433120197630016,-0.003600387266433137,0.015979457316858625
11,-2.022183711466789e-15,-2.455943631081269e-17,3.6983663743150126e-16,2.252931074145598e-17,8.944765975599542e-17,-4.465399318964522e-16,8.132694389916925e-17,1.6064009325153592e-16,4.073006314876787e-09,-7.716506409673251e-17,-7.77911695367842e-17,3.5446493111812596e-09,8.691361802776645e-12,0.10952950853848631,2.0699191380853233e-16,5.508912339504354e-16,1.706481036993697e-16,-0.0041657287633580994,0.006049930826092651,-4.579744064602529e-09,4.447379941265316e-09,4.250736346122269e-09,-3.417015905298295e-16,-0.38976177490920805,-2.2674255159111856e-09,4.076654532794908e-11,4.1071179269166667e-16,1.8395402140718684e-14,2.5551268077558437e-12,-9.36275693046665e-13,-1.2281306584283767e-09,1.608262939055217e-16,-2.347391485388725e-16,1.4604624788238307e-14,-2.8312081226608026e-15,0.07942347382854713,1.8574786915827634e-06,6.666317625021175e-15,-1.3683264896187806e-13,-4.1464204047225614e-13,-5.0872421944748e-13,0.2949198272701996,0.04917241629937077,-0.3462046038403272,-0.09417446400499549,-2.7437293488968054e-05,6.567074868589593e-07,-1.0782917356034024e-09,3.618802305828908e-07,1.710038769236654e-07,0.0020296646730484508,-1.7441838033124615e-06,4.8254679932256896e-05,-0.0007849857447635001,-0.0036306876291414512,-0.4808004308883828,-3.541060852559257e-05,-9.318753662692519e-08,0.00011386617523967331,-0.009671515027104083,-0.0003192875785902515,0.0002328089984221464,-0.0009998958850589935,-0.041135575673661565,0.05789834775395049,0.07380150152918663,-0.0428805322114985,0.047831758635616096,0.016746993035340205,0.5821270630884793,0.0021392603905624774,-0.0002619635046075937,0.039277817633835296,0.03011602956667419,-0.01996262196579892,-0.08512245821509885,0.0480104237817033,0.019167489986999377,0.016318167456150615,-1.3038912354689003e-16,0.005739211090493961,0.004432575019891529,0.054144037486455215,0.01347966909710303,-0.06680972422860013,-0.0032881760503316784,0.06287845655631384,0.0027701177709858185,-0.03083029478405067,0.021782995830152228,-0.01588128683815574,-0.009525913615086347,-0.001489144875112257,0.009486229562215962,-0.007353607231787945
12,9.178149975526017e-12,-7.859732521797398e-12,-5.9196538524950444e-12,9.087199122922357e-17,-4.097191333041995e-18,-1.9945362227264247e-17,-6.037903245271824e-17,-7.746363936067105e-17,-3.705476701282629e-07,-1.016886833005918e-16,-9.43630219416798e-17,1.361419745476583e-08,-5.995422009487012e-10,-0.0014129285392205765,3.376316793032969e-16,-1.8590527461189403e-16,-2.4099525458320873e-16,0.0001444463344211497,-0.0001598286409302643,1.0454006830172338e-07,-1.0155412585672109e-07,-1.0845613886260724e-07,4.8341208500258734e-15,0.008365346425495742,1.150071055411412e-07,-9.208938224008388e-10,-6.690043366658891e-16,-3.8304308886130984e-13,-2.3547003768642117e-12,-4.726496633745972e-12,-5.71431121240559e-08,3.611357716169319e-16,-2.5679360909426308e-15,9.405303417588505e-13,-1.0142777704906062e-11,0.010421971682298995,-0.00010627680561944959,-8.785290546712508e-13,7.792538252332069e-12,-3.022489016078634e-12,1.5127327799495648e-11,0.0037940500676967768,0.005131637380296714,-0.007782119381156544,0.031209150254409842,5.847227924361779e-05,-1.805448795531549e-06,3.6868323704701725e-09,-1.166403520950564e-05,-3.2350195842703257e-06,-0.01397044957882947,1.794669099115208e-05,-0.0003052112206531996,0.0022265780555121143,0.010224714308393518,0.1184922347679559,9.896469159320412e-05,3.3739925970810393e-07,-0.00011873529074319773,-0.0011184154435917638,-1.6990033458624412e-05,0.0006587411262716626,-0.003671586190384035,-0.1746881481851725,0.28879320366906547,0.03114250148740103,-0.14624957275999195,0.13134305776659777,-0.08405463239413524,0.09021454489208659,0.0061431643495056315,-0.0016344273428282145,0.15524950451309344,0.22444250399791668,-0.5038852031774765,0.13824148751573587,-0.5387181281189626,0.07754333451969282,-0.017068096997935305,3.1493913420156578e-15,-0.01235664069929301,-0.11719039891894904,-0.05874105169858366,-0.18721412415657496,0.08025598132384763,-0.07700673169818384,-0.0012685965690833383,0.011273720427065077,0.0169206956396575,-0.047498661508156056,0.29630032852577015,0.07041266465830305,-0.00044013187361508486,0.09309363031914168,0.05249993268323934
13,1.0044998991244993e-11,3.90239367184001e-12,-1.0170324420640173e-11,-5.330497023103035e-17,1.1000654574119694e-16,-1.195862956823751e-16,-1.3284361340920028e-16,6.983064984461988e-17,-4.094409519858531e-07,-7.563618207210606e-17,4.868316757169717e-17,-3.5975868858313675e-07,-6.050289809112441e-10,-0.0016423452861435242,1.0660201552049097e-16,-2.072237341397127e-16,1.3341152748880336e-16,4.998061676420212e-05,-0.00019303493329054388,1.2976462386416846e-07,-1.2522057195915577e-07,3.084014185525565e-07,6.4354330347173835e-15,0.010382739354477828,-6.743706233224835e-08,5.972351901232955e-10,1.4888925120266355e-15,3.561896873828509e-14,-1.841476512282922e-12,-3.719553391342354e-12,-1.0365038438771268e-07,3.410410270453199e-15,-3.168480450197081e-15,1.1712326874128437e-12,-1.3561642348799069e-11,-0.013147807637559033,-0.0001104652516459709,-1.2780187133879359e-12,9.60565284072625e-12,1.5968410287499857e-11,3.560089630318244e-11,0.01935562860292737,-0.03571709475250392,-0.13988175762612504,0.7276043501931062,0.00022937410094775522,-7.337427704913983e-06,2.1294878094115482e-08,1.9076002207489506e-05,4.181287197094281e-06,0.011020064156630677,-1.8095560253370794e-05,0.00022406820728738418,0.0001533092600526337,-0.0012987280919608414,-0.003182553102683556,-2.7255080181528408e-05,-3.4921866770765207e-07,1.211121642038193e-05,-7.150278377136791e-09,-4.484839470546513e-09,0.00012815792309938922,-0.0008940158771564305,-0.04588761825287577,0.07515289397403811,-0.07129866427244393,-0.017309612360266076,0.0045419341438790025,-0.01311832176141328,0.03961211683057978,0.0012224652437506872,-0.00014759450662940935,0.0383994680641593,0.011560488731305553,-0.013909392140582727,-0.14959092697908943,0.20281974326113875,-0.2079079603811813,-0.06681767557753573,1.0373382023148086e-14,0.10058788219477537,0.02463818366320072,-0.4532164431640426,0.07330829422890801,-0.10731144129432883,0.011911936585870447,-0.09085072417436156,0.0027964179608931565,-0.04216950170627406,0.012695940843044711,0.24390497208124476,-0.044381267756849446,-0.021893341719181315,-0.028841807960588776,0.12214006720144767
14,1.1430566943807681e-11,-7.633884408644157e-14,6.207615759932946e-12,-3.583701760645021e-18,-2.138954288302828e-17,-1.209994129459792e-16,-8.300013578921887e-17,-1.7539898185251139e-16,-4.518919095083606e-07,-1.7933830670846033e-16,2.284615512148658e-16,-2.7087495955211845e-07,-6.810152354823426e-10,-0.001723963430766052,4.73454531941243e-16,-1.0194988677409379e-16,-3.025292126060496e-16,9.159480000357211e-05,-0.00016502471566493432,1.378260828167983e-07,-1.3308960213213483e-07,-5.121232371115325e-07,6.8934822126803535e-15,0.010202901119803931,2.947181549000792e-08,-1.3296893787952008e-09,-1.1269591451456782e-15,-1.9926279107079496e-13,-2.318188812254698e-12,-4.740968457780852e-12,1.5875507682383344e-07,1.2516252258622722e-15,-1.011022869847619e-15,1.0988127141183607e-12,-1.210057073258029e-11,-0.0019207179253400747,-9.125688632132752e-05,-1.1004149709483532e-12,8.18497556053816e-12,1.290324052390543e-11,2.1315927358433094e-11,-0.004912506577596651,-0.004054120883926686,0.0017333177247403184,0.04991712424044507,8.083082637626803e-05,-2.4941758504266438e-06,5.256019447321646e-09,-1.4131694536159647e-05,-3.6413098603154736e-06,-0.017165161484365494,2.1142175685409056e-05,-0.00037489346557740937,0.0024394952951178267,0.00720273789075208,0.14011905234394034,0.00011392411365097471,5.617934402382859e-07,-0.00013912668933285872,-0.0002373287355196649,-1.1317178508901005e-05,0.0007471111813453637,-0.004234869507098952,-0.20019599265066362,0.31082304880053524,-0.16409584436586927,-0.10229531521290151,0.06442563698831164,-0.06928393859804889,-0.14015008537510074,0.004593504587077258,-0.0008539178936307779,0.15378215520456942,0.1532295229593211,-0.1767426910363217,-0.3604612621041258,0.3168117919545818,0.126891350992153,0.13155229691940848,3.2980737345018447e-15,0.04131232697632441,0.035074968520200624,0.3932792838833288,0.07435844508096687,-0.32870113988496075,-0.025022663089911905,0.3240558390038882,0.01155760074750783,-0.1582257290947252,0.12325709591101325,-0.043799587387614906,-0.07000741855254929,-0.010671266353332173,0.07157904635108327,-0.05781048927403592
15,-8.936300520217593e-15,-5.323832237397727e-15,1.968557491391227e-14,-1.2262018120105848e-16,3.9625426518358123e-17,-9.364295000020698e-17,3.7211775944595955e-16,-3.646490384288797e-17,1.5140137368872793e-08,1.7970444007285917e-16,3.572011043431785e-16,1.921048932152523e-08,2.921751225009325e-11,0.0001306638802643192,3.0324168296723306e-16,1.279617296010061e-16,1.52047181607444e-16,-4.439373413870761e-06,1.7598675924830535e-05,-9.866658353941288e-09,9.526327769065254e-09,-2.601134058580061e-08,-6.745747764044394e-16,-0.0014170561461619643,8.058484186827242e-09,-6.628260325836497e-11,-5.293460571047073e-17,-4.516936007807653e-15,2.4937139302601787e-13,5.345583076454233e-13,1.798748725802693e-08,-5.562515180238256e-16,2.8696458601555897e-16,-2.2993211913318336e-13,3.056401419494286e-12,0.005352192424031358,3.516671434386031e-05,3.168415187548999e-13,-2.8439304848588582e-12,-5.532817945752339e-12,-1.5281752144474446e-11,-0.012173470763830886,0.02685932801969056,0.1202434699985799,-0.6501545021158646,-0.0001479668765583878,4.797594459619122e-06,-1.542425275828337e-08,-2.9231801656701316e-05,-6.690057716407777e-06,-0.024264867735589446,3.39918537170029e-05,-0.0005150790018281487,-0.0005451241703105211,0.006459560473371586,0.11327449713971453,0.00011097616629875313,1.184164623281432e-06,-0.00011675333911790868,-2.6458218115749157e-06,-6.8871233860261695e-06,0.00042944060530166183,-0.0022742779177525037,-0.10158066909549768,0.14124368478464236,-0.11949911759920917,-0.02965958551333746,0.0077255649940523325,-0.019140529024846347,0.05694819912750387,0.0017094936387015657,-0.00020944754409650494,0.05055799744131388,0.014715770361995468,-0.017088816884488274,-0.1825309430032129,0.21512615698626034,-0.22178506125947337,-0.06676717273509851,-2.7191879201197025e-14,0.10092396231354783,0.024799773583345976,-0.4702517553198013,0.08111579260315077,-0.1266620217671828,0.015003753667188013,-0.10455906285332511,0.003632400131161504,-0.04933766099328171,0.014265115546384528,0.27511149243170974,-0.04550592668821204,-0.02253585411310988,-0.02944027303184946,0.124754897916478
16,-5.59636702679707e-08,8.004465371267522e-08,4.5797129994441014e-08,-3.3978777848464074e-17,1.8078237292170697e-18,3.2925676122032107e-16,1.3055762322153484e-16,-2.031441103599241e-16,5.73167329818779e-05,-3.6882906233792774e-17,-1.182875563142409e-15,-3.991417881311366e-05,7.888270211143033e-08,1.9487777177436872e-05,-3.136750008203388e-14,1.1617834862041298e-14,-3.6073889445065795e-16,-1.6061934785234895e-06,2.4181031633845076e-06,-7.1580276541923905e-06,7.021506387733118e-06,-6.147481085820341e-06,-2.876543653900396e-13,-0.00019428206731497867,-1.3550364419668006e-05,6.631261105672103e-08,9.015501582470161e-14,3.7643325878720226e-11,1.3810443913622497e-10,2.6452918270388e-10,8.905922907859971e-06,2.6107710475517182e-14,1.5809494601069874e-13,-3.210202584070887e-11,2.96626232613899e-10,-0.00014871751835687306,0.0032449703429635337,2.1980235653398216e-11,-2.127484512017288e-10,4.5004415985332604e-10,-1.7850826263247016e-10,-0.00034778322198111253,0.0004756957860091981,0.003066239466425523,-0.017553228818598603,-0.0005164589751967992,1.559276357249427e-05,-2.5235589403092868e-08,8.982230772517911e-05,2.730544489859898e-05,0.08536153780779672,-0.00012795873046516192,0.0018243879211122965,-0.018317365287753865,-0.08502147007232705,-0.022450363201658295,-0.0005327664090526499,3.385081194659645e-07,0.00044456135397748654,0.020366256931594436,0.00042637031025840433,-0.0017577284392824581,0.0069486640422031865,0.26070401552356415,-0.28928091576720283,0.0803757147042854,0.06766268737216086,-0.04105932855995274,0.10565583792123859,-0.06445755437301927,-0.004211810651881946,0.002204292585392875,0.005918384569628447,-0.06178627530490065,0.15946352073678907,-0.5222357421225092,-0.4525064897793448,0.07641285032020649,-0.026393389726305092,-3.75168961535873e-15,-0.019124658928182995,-0.20606950448780556,-0.054296135000092685,-0.04385212223405925,-0.3371853603573635,0.05694749647971781,0.17391303993034746,0.0017884291044714118,-0.14323106143090278,0.05732186592119648,0.17795002258038448,0.09338041277820396,-0.004756829440422248,0.15701729112718443,0.08408845286318731
17,-6.391851996211809e-08,-5.1569322639381106e-08,9.071066145638633e-08,4.381173945644803e-17,-1.7298710826406666e-17,-4.89389523513169e-17,-2.4731260672213185e-17,-3.3145878932369655e-17,6.068682653959087e-05,4.0953013219920993e-17,-9.835569869298191e-16,6.2932474798816e-05,6.317809679777166e-08,2.1403689417832713e-05,-2.6106330511961056e-14,1.447955542976904e-15,-2.3422346077875166e-16,-1.1467394733194037e-06,2.6862266566634525e-06,-9.321274829140561e-06,8.964456438916175e-06,-9.567817437812636e-05,-4.898260789780859e-13,-0.00021824084210624267,1.1501660705461794e-05,-1.754645795772684e-07,-2.912438178487887e-13,-2.1982581489511788e-11,2.910289981558889e-11,5.49655038969258e-11,1.4236285091922821e-05,-2.1363641977316344e-13,1.7859328395567618e-13,-2.809916968078892e-11,2.832978337241942e-10,0.00031678838496929334,0.0011026578569173265,2.435785201889284e-11,-1.2027439455861536e-10,-2.5333431618698927e-10,-3.6264663830939085e-10,-0.0007438941495767163,0.0017023319644315896,0.007309504080176999,-0.040677190461892734,-0.0009412337545603068,2.891178987442793e-05,-5.9346659440140636e-08,0.00010118328758763468,2.0968083274861324e-05,0.10593008942507263,-0.00013535701333218292,0.0022852778118389555,0.03320665061764856,-0.012201613619263398,-0.015593607947270303,-0.00041225154410479847,-1.0890257878563227e-05,0.0003725853547081341,0.0066304509777800075,0.00032946794268539633,-0.0014994569519589651,0.006882698688096358,0.26364565649582417,-0.267541971887512,0.13009634172013126,0.05358848556042366,-0.02634260099381037,-0.05917747804281876,-0.03563161442504398,0.003897557104813109,-0.001631153523218177,0.09827533515614371,0.2630462478749476,-0.3497155923808943,0.17004083558202285,0.13218453620766277,0.04249292070174481,-0.12908672650179787,-1.6659539103814492e-14,0.19625878152503165,0.04527254629133786,-0.3147560670060464,-0.05390980757577301,-0.020050553205934376,-0.12376872478725323,0.4901087730830311,0.007694522949863818,-0.046338929914753274,0.0679614127034179,-0.3398211398098431,-0.06823980367259753,-0.02832015429721765,-0.022182852259798425,0.16238410152940405
18,-7.291119096656273e-08,-7.814142386849665e-09,-9.520389036512094e-08,8.53387809716487e-18,7.65008610108188e-18,8.837590548198687e-17,-2.2321404078109023e-16,1.3188313427931943e-17,7.035184269778837e-05,-5.278677785183721e-17,-1.2226257509234854e-15,3.8070693193901436e-05,8.013387538304336e-08,2.3865577854607168e-05,-3.2744205749618156e-14,5.402467476795479e-15,-7.290174418503445e-16,-1.5018287241038642e-06,2.844687699000156e-06,-1.1271602738919574e-05,1.0846282597875928e-05,0.0001136102892133533,-5.81697774795923e-13,-0.00023890805815321005,-2.5724783052840185e-06,1.8665033396543112e-07,2.128964298388319e-13,1.2517127387222194e-11,1.069029086770785e-10,2.2041919464465991e-10,-2.1136376393192224e-05,9.65289375328968e-15,-8.785517079769424e-14,-3.50023191738573e-11,3.4156540428616587e-10,0.00013087981315752943,0.001445727014204947,2.9442918281927685e-11,-1.7317971628535553e-10,-5.205502000583815e-10,-3.552542737668058e-10,-0.00031659691428063735,0.0010608259714318545,0.004341724576042036,-0.026416790303982994,-0.000879827012960352,2.6640678742074703e-05,-4.5993613339300885e-08,0.00012408938824291527,3.0593668069730636e-05,0.11950670344606552,-0.0001572228181671798,0.0025440317032013188,-0.030675376064256393,-0.013997460659185267,-0.02574043007577155,-0.0006147532446905435,-7.650262332616604e-07,0.0005391364280293265,0.0090759475483065,0.00039471916714916715,-0.001955430356844655,0.008401471571042873,0.32242382639348754,-0.33600578074003495,0.14693364966978667,0.06795024329083899,-0.03377378194831462,-0.023713178541137362,-0.005307964993661186,0.0008651832789738927,-0.0006238074226423518,0.026251037543709454,0.05135318337799957,-0.33547575209526403,0.09073703035850272,0.2911505926345714,-0.029389808703880572,0.2462720787168069,7.090076907111664e-15,0.07758344493221458,0.05457534957844507,0.2898974655203643,0.02788875263392075,0.002802169089056829,-0.011672386972916966,-0.21913851296704007,0.0021619731916900217,-0.010207380041028485,0.011865184821524084,0.5457186443090286,-0.10606222083881403,-0.02319928427430255,0.11668594085184698,-0.04907695866663036
19,0.00025303512933400334,-0.0006813727873470211,-0.0003617890858935045,4.3128924495633496e-16,-8.800185421405687e-17,-2.6795867601327986e-16,-1.7526663811973558e-17,8.195351663151208e-16,-0.006988854506836219,1.7528301085922727e-15,1.2049649667228205e-13,0.012570375260267452,-9.352623260264494e-06,-3.5660885679346674e-07,3.655409823450733e-12,-1.950669077617965e-12,7.65119524546775e-14,2.851418775699013e-08,-5.036450483631454e-08,0.000271033244873021,-0.0002801414286984433,0.004473105212128194,1.941552678852e-12,6.212571819467485e-06,0.0013542552112235145,-2.3386605348771055e-06,-5.486645632774992e-12,-3.4150792464185262e-09,-8.16211819532798e-09,-1.4338948824738885e-08,-0.0010017557060694872,-3.825100186536882e-12,-1.2174379001220525e-11,9.553581545576938e-10,-7.268280127615904e-09,-1.0035711266168745e-06,-0.10551767067571519,-3.9595046716516135e-10,5.781091538773423e-09,-2.6183113079526094e-08,-1.7041099556791361e-10,6.174545678326975e-05,-0.0001615480495766085,-0.0009373707607128478,0.005705399320006463,0.0011576222866782743,-3.194544590543666e-05,-2.1376507297547218e-08,-0.00039021277743313466,-0.00018090077016671505,-0.27676472747748554,0.0006264628518360436,-0.005797985503055482,0.12467875135822805,0.8254384274173967,-0.012712765795732045,0.0023616623875945797,-2.752018332542154e-05,-0.0014711747801977424,-0.13275255220033466,-0.001767609980728634,0.0027301681793188725,-0.004247567506546031,-0.041229678914404065,-0.07807738074715383,0.07166684287159703,0.07556244945877674,-0.0654453189468634,-0.15516814094591191,0.0019023211133241016,0.003012963491708,-0.00313427746213908,-0.06967774077125885,-0.020513713065188646,0.023385704823155586,0.09728488454775182,0.01859766078412141,0.01396195461832674,-0.024002269770197024,5.051112457790249e-16,-0.014028776441230678,-0.23557025458697467,0.005000627317676818,0.12137029689475276,-0.09971506885370701,-0.01107752438903641,0.039158720367599424,-0.005733204838515297,-0.05445688675196103,0.0852910489266999,0.04530869833600231,0.06039097409726224,-0.011101563339655743,0.169672872923187,0.08303315942925255
20,0.000325981853684309,0.0004844832350500768,-0.0007504900480382407,-5.28431925965968e-17,-5.372466600142631e-18,2.814018709233503e-17,-4.9325547470387936e-17,9.644545451353288e-16,-0.007288437847065522,1.6714766422160212e-15,1.207790428598114e-13,-0.011429587829134955,-4.524311014135205e-06,-3.8359999122817383e-07,1.971645792398735e-12,4.818035991777077e-13,1.72147742038532e-14,2.6206625562273947e-08,-5.4373881301705995e-08,0.0005559783382099231,-0.0005312969264327686,0.021106790970201086,3.20222127653437e-11,6.730556258338969e-06,-0.0015092949703023354,3.0062392175758276e-05,4.515921687904448e-11,3.3603595932479857e-09,3.3474113015212655e-09,6.7734099678741816e-09,-0.0017095148001295096,1.8148840843975613e-11,-1.611106274091302e-11,5.738528967895524e-10,-5.610800522611077e-09,-1.7625313421664647e-05,-0.001732847711083956,-4.661451206394779e-10,7.298180222741276e-10,3.1107794795542076e-09,6.428168364279133e-09,9.111931198733715e-05,-0.0002690890029230468,-0.0014272032778885823,0.008616702923955681,0.012622906926730635,-0.0003897287826197396,8.674239993242981e-07,-0.0005216570376898439,-4.643972298902651e-05,-0.5467764054617462,0.0006764870799032919,-0.011860594162913518,-0.6619551896934358,-0.0785636801447882,-0.005893222033668861,0.0004252381551875578,0.00013901448414571773,-0.00040622440362990435,0.00945764206771665,-0.0006300910014568278,0.0007416218288389306,-0.003731858749135589,-0.0752188348998919,-0.06897514920097002,0.0234969030047479,0.0328569562932283,-0.018718348872035162,0.13332353062194324,-0.0032542482245515162,-0.007594667546276179,0.0028771067856888065,-0.10151641192200546,-0.17601461192589304,-0.11566400787442127,0.0008534189905528212,0.029992481465566677,0.20243570456308585,-0.15229576608439396,-1.8147660583519066e-14,0.24595649487666849,0.05259460747663379,0.027698980664835983,-0.08047876610585243,0.01290907545728683,0.07976737732433281,0.03532259181338791,-0.006416046967710927,-0.005770811027599666,0.03472818183807452,0.047886862725738576,-0.07376956688618981,-0.025544090123415478,0.01562350284778679,0.13168212607966998
21,0.0003799022712571431,9.403116270120315e-05,0.0009041640610934331,9.951935856723042e-18,-7.014262926375501e-17,-1.6971542657701517e-17,-1.5925823152361315e-16,1.0885647728151215e-15,-0.008810922491664971,2.0295789786699923e-15,1.4819899881691392e-13,-0.005501832838959526,-7.298710221595231e-06,-4.3547863184822387e-07,3.028323783695081e-12,-2.7138818454821556e-13,4.226917898199684e-14,3.131942884344138e-08,-6.082193293349204e-08,0.0008361902263322955,-0.0007976460087019998,-0.023525534666088324,4.720906020556703e-11,7.5903657284715055e-06,0.0003535410854136663,-2.8132905716466254e-05,-3.6406785925231144e-11,-1.090325694627376e-09,-4.955542483828446e-09,-1.0451937469611938e-08,0.002358030102205456,-7.95477378074918e-12,1.8086680268553684e-11,8.887263778881153e-10,-7.74614594500556e-09,-1.274321493928263e-05,0.0039657127040014445,-6.825436713805678e-10,2.609271322549286e-09,2.4545262294130338e-08,5.141042110784233e-09,8.11854370366337e-05,-0.00025672311410800304,-0.0013732195965221292,0.008473472860107559,0.00811059319798714,-0.00023834867959489456,2.836932807050555e-07,-0.0008183418649990097,-0.00019888617978148083,-0.6084847803346806,0.0008026641215534724,-0.012456203410004965,0.5392504291307294,-0.2819377839069911,-0.007496807992284566,0.0028982682719385223,-5.941737354452205e-05,-0.0021367173610088146,0.01695531993320242,-0.0007559772793810948,0.0024443416353206286,-0.005960863954370351,-0.12363855188058201,-0.09473069932660678,0.06532865010432395,0.08009246218934583,-0.06208819963668013,0.1334838150214676,-0.009173200779329559,-0.003924481996600028,0.0017953670473892845,-0.02407859851223444,0.07864119310435098,0.09018050357218178,0.039862094022480574,-0.0302093797345442,-0.09185587457980904,0.30143156301944,1.1885138256148442e-14,0.10624044992058089,0.049981061923199406,-0.03531525357847519,-0.09012507886752183,0.04184992075740388,-0.05989501398996916,0.1545935267226373,-0.0006087525409921,0.008002250241650898,-0.02708194946404525,0.08331694657652498,-0.09035658865780345,-0.02862293447991921,0.12419560266760372,0.011419824146552944
22,-0.3306403209369227,0.5794419267232346,0.21722433124919904,-3.8103363332786416e-17,-2.2133178932265603e-17,-3.737119344963495e-17,-1.59345941382798e-15,-3.7515316351568e-14,0.2184172866178474,-5.918211874885325e-14,-3.859967997115249e-12,-0.27377871484278826,0.00022391955908274624,7.2529487402177686e-09,-8.843870112714075e-11,4.362667421507028e-11,-1.779050283461906e-12,-7.805694861688343e-10,1.3927251472138492e-09,-0.004050350164812455,0.004190295767824933,-0.061935030644164654,-2.5444004857247697e-11,-2.981841985593721e-07,-0.013143039279607688,2.3932624352106152e-05,5.741917230281708e-11,3.2757759867222964e-08,6.956469810471592e-08,1.1477742843651102e-07,0.006726496297873164,2.819775223635834e-11,8.814936105515249e-11,-5.525791039691531e-09,3.6297703181483274e-08,3.513995147791606e-08,0.3792362718691641,1.7676829828413442e-09,-2.21498655183536e-08,8.80788059721333e-08,1.1155045036030372e-09,-9.823375777171038e-07,6.631575622299899e-06,5.236712280989736e-05,-0.00034461259750129166,-0.000800854791518595,1.8151041291999577e-05,9.77684179732935e-08,0.00017716632667805123,0.00010088741754376463,0.045864829800651596,-0.00024164534063998204,0.0008215854247747078,-0.0268503358875203,-0.15694551577703092,0.004436690432645941,-0.00022091027206361136,1.0881633168411347e-05,-0.00016214204939251628,-0.009655447229540306,-0.0002674962975048538,0.0017072563081514506,-0.004490387873915008,-0.10273055365989828,0.01167100411992363,0.03251726853813636,0.04562527118283693,-0.04385020987815506,-0.12837916871297012,0.01182832732891652,0.002451061194250555,-0.002692913467814564,-0.07789165194037309,-0.028754144261698495,0.03768114437463263,0.16021135798923164,0.060230770129282685,0.008421698695568884,-0.02310006031791152,3.1220674569449893e-16,-0.010363674691643109,-0.25559617010674973,0.008355418498508372,0.13154712703728894,-0.05246077758161394,-0.012818019345005026,0.02047650718778368,-0.006472864643269812,-0.034044566703075034,0.08084447440278673,0.01260436477785399,0.05931867056988216,-0.012669512109154417,0.18232240851479348,0.08950672771049975
23,-0.401489252930121,-0.3883320914137523,0.42471248822498214,-6.670710951960044e-17,7.257403750135817e-17,-9.998721945218083e-17,-1.464618962252333e-15,-4.215326888540382e-14,0.21466130447402615,-5.214805962181816e-14,-3.64763592131228e-12,0.23405724823328436,0.00010150679345655742,8.219487145166392e-10,-4.474605993705883e-11,-1.0257583060983665e-11,-3.7027083304225126e-13,-6.611108471574479e-10,9.783949866133084e-10,-0.00791284011095993,0.007556610110480304,-0.2745221334541539,-4.6094633227012707e-10,-2.0213602976738353e-07,0.013842170528564696,-0.00029727136927607895,-4.503687457885954e-10,-3.053022344420158e-08,-2.765754504200916e-08,-5.262658629278862e-08,0.010826231652466758,-1.2541722347407683e-10,1.1018453532897099e-10,-3.071779534370593e-09,2.6100708200808774e-08,1.6202331298818233e-06,0.0014079938873881774,1.9694357607700298e-09,-2.212416924261182e-09,-9.050065917526322e-09,-1.5673745874257572e-08,-1.3334250866787336e-05,4.112496675403605e-05,0.0002427541511080325,-0.0015103545172611892,-0.02002170707844822,0.0006103413068739508,-1.2395988046605657e-06,0.00025060588749582156,2.6159387717297773e-06,0.16732271449800357,-0.00024770882713479633,0.003445866027321105,0.21218649727788258,0.03454835833207746,0.0035714148463788335,0.0003182463976366148,-4.1896099360789636e-05,-0.0002830600417647133,-0.0061764039788655,-0.00024280462895921186,0.0009583162870574344,-0.004123698809368796,-0.11802690824863038,0.01646901240001209,-0.006373113940187572,0.01675943302811653,-0.012457500614934452,0.11415679861067746,0.004491360495214332,-0.006851699610745356,0.0025164470447338765,-0.10873618778002325,-0.19073368943232805,-0.039841833988553434,0.0008002031594926865,0.012847486889482267,0.20531345451502267,-0.1536505451793581,-1.9767386300003412e-14,0.2570035185831219,0.05234891829598687,0.05199420953315448,-0.07772188408943777,0.02769368496085928,0.08328659432258607,-0.008771556155852173,-0.007224080194784801,0.005268633079006247,0.025188037956711425,0.05624761328555171,-0.07378281913568106,-0.025358445688665104,0.02144919273748993,0.1304903846263653
24,-0.47075429767971133,-0.0758309640614017,-0.5148067160711389,-6.93474567707293e-17,-2.4094153750864155e-17,-1.6521014372442054e-16,-1.882524609992091e-15,-4.9799297143547795e-14,0.2611766887447333,-6.607061568190811e-14,-4.497334525117076e-12,0.1131876870003699,0.00016526691150912305,6.843027341448232e-09,-6.93165477692439e-11,5.667799790801602e-12,-9.250629718760724e-13,-8.84453811134532e-11,6.394643553990353e-10,-0.012015697113335009,0.011454188419953545,0.3077508179933282,-6.858828009683932e-10,-2.0854263365445753e-07,-0.0032636091126725876,0.0002796490146436189,3.655381414481476e-10,9.913202955160785e-09,3.98449014013906e-08,7.91048036341832e-08,-0.0150133949551323,5.596624759312564e-11,-1.2531771577001178e-10,-4.841334531075412e-09,3.653789297384463e-08,1.2247478560273156e-06,-0.020279097816415487,2.934318065032925e-09,-9.128263650242722e-09,-7.791444805536758e-08,-1.2389584305265278e-08,-1.208113327934937e-05,4.0525825924066385e-05,0.00024042078453169404,-0.0015234931002328063,-0.012239837460645544,0.0003528576000221739,-3.452771064508238e-07,0.0004531693191037971,0.00010439615657057972,0.18681208595643578,-0.00030277802689596215,0.003481864991110847,-0.17080849433673934,0.097046305617752,0.004643720922024631,-0.0003037919208645253,2.4596248896004182e-05,-0.00012038040656360373,-0.009035313791159422,-0.00029388402675080893,0.0016358988524990685,-0.005487494482035356,-0.15479274081146455,0.0120668196139158,0.01832793423691109,0.04565848649009822,-0.03998898442633377,0.10971246483708262,-0.0007110944993072106,-0.003802357206510403,0.0015803435189693633,-0.043316716082963745,0.03784752400809591,0.14116790829536835,0.0503740591589792,-0.053308501315409235,-0.08882067563851564,0.3138885476755245,1.1690243508538216e-14,0.11564960306896124,0.048727671061626496,-0.05333127952159581,-0.09100530669560031,0.05728882446045143,-0.044314534833161306,0.1487233320588677,-0.002260502765169614,0.01741352962174613,-0.030422362159817726,0.028389936027114933,-0.08977932639914998,-0.029228517942237825,0.12822947148479832,0.017705369950566593
25,0.33586608786150335,-0.5883763875766211,-0.2204739703448336,-7.076636468797628e-17,-3.5533255789422254e-17,-5.45132538530595e-17,-1.5189786479002476e-15,-3.4498236235061245e-14,0.20691453720686964,-5.584994269762972e-14,-3.649591398892012e-12,-0.2586642667258429,0.0002135580165379843,7.631116435716775e-09,-8.435523353826175e-11,4.142921228875198e-11,-1.6946956774479855e-12,-8.056421480462551e-10,1.4373985779024328e-09,-0.004001741821324227,0.004132382502550005,-0.058040930327813225,-2.997865538814125e-11,-3.0317027017118325e-07,-0.012857311966355164,2.465987279044458e-05,5.7714079524969325e-11,3.206295171776577e-08,6.83366554556154e-08,1.129221184455234e-07,0.0065762459086208865,2.788205160927313e-11,8.625563862514359e-11,-5.464591756805102e-09,3.5961695115475234e-08,3.191040050077021e-08,0.3760645921915421,1.7555492727694816e-09,-2.1968978692440795e-08,8.72926264793832e-08,1.0923364097525085e-09,-1.0858700586237314e-06,6.866324287296653e-06,5.374061124805774e-05,-0.00035286673246084905,-0.0008081746252705987,1.837735488815001e-05,9.720565949109658e-08,0.00017741535976871668,0.0001010150234367111,0.04614611256882429,-0.0002422742789907258,0.0008277160941319988,-0.026885918284520954,-0.15878142926047184,0.004459126486086001,-0.00022458091992056428,1.0909947033960086e-05,-0.0001597780960714353,-0.009338863965476975,-0.000263746867635805,0.0017025084398702348,-0.00448511180697008,-0.10273637802016354,0.011804341192137663,0.03241609975513586,0.04552735619875953,-0.043765792641063415,-0.12814737201518073,0.011834198569860904,0.002446528614097687,-0.0026887717401780043,-0.07784227279401884,-0.028725757903855804,0.03767545230661769,0.16024518313191752,0.06031353737474484,0.008400055935199723,-0.02309310499669751,-6.298767022462524e-17,-0.010355188607498162,-0.25558141364229725,0.008366652683790462,0.131501964866447,-0.052322826362985825,-0.012825607970542515,0.020441405201215918,-0.006468783912203688,-0.03398115111073537,0.08079340265041356,0.012553914680933588,0.05929613817372964,-0.012670316068408332,0.182304855792159,0.0894953296586743
26,0.4077982912735372,0.39426503106040156,-0.43098088067749796,-5.992649872898257e-17,2.134610550145007e-17,-5.553238405931565e-17,-1.4055442168404146e-15,-3.88607800045731e-14,0.20450171661324845,-4.948519501310368e-14,-3.4723576998600484e-12,0.22311518513833706,9.870191939424039e-05,1.5129697790726088e-09,-4.342151954324184e-11,-9.555429012674162e-12,-3.6691695640263737e-13,-6.832370923502643e-10,1.0458156747393168e-09,-0.007755932229493337,0.0074068013056769215,-0.26199426447719837,-4.514240493624783e-10,-2.1057746476543158e-07,0.013481199022921272,-0.0002873610331667578,-4.356716044098225e-10,-2.972136550536975e-08,-2.6789191459958846e-08,-5.1059714310881914e-08,0.010574661386295873,-1.2283790562273883e-10,1.0755915825924243e-10,-3.0502357456744764e-09,2.592296977391152e-08,1.6468895710538576e-06,0.0013973330892500808,1.9577659068961794e-09,-2.221576422460567e-09,-9.15591530553013e-09,-1.560330765459762e-08,-1.3458131685344819e-05,4.149843392977887e-05,0.0002447343767508714,-0.001522213253312616,-0.019970681926397813,0.0006088053459395741,-1.236771321840878e-06,0.0002510654316458757,2.639253478846103e-06,0.16807691098386235,-0.00024853315539049697,0.0034629581831306703,0.21404225058552157,0.034554260882439194,0.0035795175026101895,0.00031909825178835885,-4.224808225393652e-05,-0.0002836043602579924,-0.0061917349917512896,-0.00024178401308712396,0.0009586748552508897,-0.004120792647697739,-0.11799793474353888,0.016585532725537724,-0.006396369562918895,0.016743707631830734,-0.012460515122626175,0.11404300279327553,0.004500110653886366,-0.006844652052565964,0.0025137171256810085,-0.10866615347146323,-0.19059650395060765,-0.03963200791900787,0.0008003083144459515,0.012812147596771257,0.20525499384638604,-0.15363976427661763,-2.003831537942235e-14,0.2570023181499773,0.05234507961313418,0.05205812553988763,-0.07769539798908705,0.027712503933668708,0.08321691095742768,-0.008854834564835226,-0.007220036902105878,0.0052889337372421285,0.025152428846181032,0.05629479692947621,-0.07377580658870041,-0.025354742274693174,0.021464822317162215,0.13046328402054344
27,0.47815641402403836,0.0769903386432179,0.5224155323838556,-6.871568892754802e-17,-4.373987823320806e-18,-1.4411049314110814e-16,-1.876829712832632e-15,-4.584566764833561e-14,0.24882186265562867,-6.278203753305778e-14,-4.279700529872917e-12,0.10787551093919948,0.00015966209064410263,7.3293796438828795e-09,-6.691550304344183e-11,5.650035794186594e-12,-8.971599450376091e-13,-1.4577202913137715e-10,7.310102365340221e-10,-0.011671305757816977,0.011128697808169764,0.2936902901317872,-6.645780463810113e-10,-2.1838559384160777e-07,-0.0031441862216971296,0.0002699815127964531,3.5242480767606014e-10,9.60426065856672e-09,3.909216314967243e-08,7.762221033277534e-08,-0.014683091121588164,5.433527177686928e-11,-1.2209978854734523e-10,-4.7990434201867715e-09,3.6260048302265e-08,1.238510108212938e-06,-0.019424464574707416,2.911088709265486e-09,-9.089500102914736e-09,-7.71693124125782e-08,-1.2340774292677708e-08,-1.2154476968813459e-05,4.080027139873031e-05,0.00024188246523768758,-0.0015327121422013868,-0.01222049559113912,0.00035234591810891284,-3.4536011530004915e-07,0.0004539573343304566,0.00010461921922007304,0.18764211222506333,-0.00030372568759216433,0.003498940115672347,-0.17244157980541586,0.09801327990974043,0.0046517255235768995,-0.00030964881742211056,2.480976199401983e-05,-0.00011572788477063112,-0.009135770775757552,-0.00029317824520222387,0.0016318836761552544,-0.005479460889089981,-0.15464164367465286,0.012232327704680131,0.018228272788856782,0.045552583692251694,-0.03990974981477596,0.10954407124858188,-0.0006949584209421647,-0.0038001539121156748,0.0015784527711956654,-0.04336292962203311,0.037680383904504594,0.14114118551384428,0.050362914156662476,-0.05335594709245194,-0.08876809250167508,0.31388266213881255,1.1558502510457552e-14,0.11565766135440463,0.048717234855164236,-0.05338505222499617,-0.09097464556048596,0.057260710357985314,-0.044227821680664955,0.14867936741385843,-0.002264916383645802,0.01740698374818087,-0.030396423187436468,0.028248695965252615,-0.0897609365942417,-0.029225944593109086,0.12821872608329818,0.017728109437148826
28,-0.005477618990801324,0.009610331678438245,0.0036078495743851334,2.6515333999684527e-16,8.919841303255101e-17,1.4883317939025604e-16,6.220145001213762e-15,1.4469803979257134e-13,-0.4964612711134256,1.500362628090154e-13,9.196280323786345e-12,0.6726067900363671,-0.00042501025504982487,1.2610923792089796e-08,1.6724798068782422e-10,-9.403495459811354e-11,3.5071668241755987e-12,-8.138777827226168e-10,1.5783846634180734e-09,-0.0008824349339665793,0.00043236262121352397,0.18542092433650606,-3.10404097172467e-10,-2.843841014129187e-07,0.005565621766181069,7.021701674693757e-05,7.511263925701625e-11,-1.2767157519633473e-08,-1.1498927324209696e-08,-8.24564841155098e-09,-0.0033797339629291507,7.0234348054324966e-12,-3.8286995671296347e-11,-1.3627284846233378e-09,1.31035096955664e-08,5.721801020358571e-09,0.14808904807197018,9.222951233995654e-10,-9.153678351049973e-09,2.9673268436066957e-08,-7.188038301126156e-10,-4.66473007988061e-06,1.4628113978196623e-05,9.665590515827345e-05,-0.000608595715167041,-0.0014833108185196102,3.935529110904821e-05,4.212066314226197e-08,0.0001746799017355489,9.439769413252855e-05,0.05446163910100085,-0.00023979292819712675,0.0010148781768249359,-0.028647454916864757,-0.19775736015251655,0.004863851906338469,-0.00032144313765650163,1.1107540799348768e-05,-7.456472328711858e-05,0.0010786863295473813,-0.00013115163614059938,0.0014770043413126284,-0.004156767608758206,-0.0998037405813677,0.015587209322500717,0.028306000388867006,0.04124535098035445,-0.03993171304289852,-0.11686429811001475,0.01170816811942007,0.002224203628165264,-0.0024833138201656273,-0.07493457207263868,-0.027226252697473766,0.03736497057162387,0.15894789459388553,0.062481625849090956,0.007586014095149356,-0.022807244897163636,1.6653266806415287e-16,-0.010047288045589381,-0.2547498964251622,0.008642479308704647,0.12876684870890565,-0.04717456371701218,-0.012975143353549153,0.01948193648881284,-0.006226329755272187,-0.03153169620818644,0.07835026272619201,0.010933043954031257,0.058366903216730666,-0.012675922782767553,0.18136846945268761,0.08892582331664299
29,1.6571178108800204e-05,-4.4733786904542815e-05,-2.382096834085817e-05,-3.630281613666762e-17,-7.936464608440714e-18,-2.6830899195744685e-17,-2.819095044117464e-16,-1.2143337134629865e-14,0.06873238366622494,-1.934206754893291e-14,-1.239306706812275e-12,-0.14092264950670164,7.935040587382365e-05,-4.262627787595067e-09,-3.085108478471954e-11,1.904328124200572e-11,-6.808680318966522e-13,3.1640488826625806e-10,-6.346829144908425e-10,0.00028191495473317145,-0.00013822157430454755,-0.06746372685579692,9.796989899410946e-11,2.011542788657037e-07,-0.0032345616557455975,-3.676610475461076e-05,-3.8828338768275175e-11,7.534474176615834e-09,8.014501199111271e-09,6.32015477105272e-09,0.0035477464514735765,-6.289081250614094e-12,3.4942841833286623e-11,1.7982885314716733e-09,-2.3317037264806466e-08,2.578667802474511e-07,-0.8234370990392579,-2.078775696939003e-09,3.667724223690477e-08,-2.837906566961506e-07,-1.2060496263113958e-08,-1.6765193357619283e-05,4.117174904740065e-05,0.0002388480956539037,-0.00145666402816112,-0.00511449220814248,0.00013288064489461044,1.2379966063724927e-07,0.0003135323148299643,0.0001669422050382758,0.08820405486624695,-0.0004040141439908369,0.0016280964426202715,-0.04263012482343498,-0.282790098087509,0.005863327814176295,-0.00047004996311339974,1.6639506159063608e-05,-0.00010077133960743496,0.037359787130138225,0.00013041003812376645,0.0017856290079272096,-0.0048463333640298865,-0.11388309819215897,0.01728134619206942,0.030671822765800556,0.04490005748095481,-0.04340372147910114,-0.12261236737081266,0.012236195436264767,0.0023067016921147353,-0.002586128928723841,-0.07620398136247614,-0.02728179805987377,0.036508237269272374,0.15407697557199104,0.06254747491476265,0.0076165121635125245,-0.022263681169713317,-1.0157537295305937e-15,-0.009822909058097318,-0.2493632146098468,0.008563767688093195,0.13268228197821066,-0.039551401287401866,-0.012925327094378113,0.02269394917361785,-0.006297822944761757,-0.01366216681278399,0.08236641595694089,0.011577869504190435,0.05754901338441982,-0.012518296648628411,0.1785040661573377,0.08754395360876122
30,-0.0066302270885544344,-0.0064086739209895365,0.007003924499506982,1.4415010026466566e-16,-8.416177061126857e-17,2.437552522087507e-16,6.210336285101284e-15,1.5665236648510385e-13,-0.4208276059225005,1.0696954193398954e-13,7.311014352753454e-12,-0.45545994345894136,-7.740980516420956e-05,2.396580951552039e-08,3.953823816307686e-11,3.368530097920933e-11,-1.4285272322663102e-13,-6.887616553216024e-10,2.287916593004714e-09,0.0022654810076155555,-0.002160428746612959,0.5268430124845003,1.5644589396544604e-10,-3.697394962327014e-07,-0.009882189470670353,0.0003489627527013075,5.077045328569642e-10,2.2660298055431667e-08,2.983079223346041e-08,5.163392206404178e-08,-0.006213888935038018,4.8015118596403696e-11,-6.624463443225795e-11,-1.5748455921056792e-09,1.3546058367500878e-08,2.084274286896572e-06,0.0005265961116110148,1.1325578608222374e-09,-2.8606960308327436e-09,-1.6984370152953428e-08,-9.917860646332201e-09,-1.5061159622555708e-05,4.709040827321387e-05,0.0002734477902957628,-0.0016924317360060709,-0.014711794030207797,0.0004485859052982768,-9.092224979169736e-07,0.00024926251443645636,7.864074972676284e-06,0.1772143452544971,-0.0002533777791968907,0.0036885170304700805,0.24096236176001523,0.03399123956327377,0.0036391444687007813,0.0002990151465568887,-4.737165670160148e-05,-0.00027623230897023124,-0.006377619496860029,-0.00019693383030684668,0.0009425977485810953,-0.0039011394062918184,-0.1136877788557343,0.019661571933428237,-0.006658817466766056,0.01617889300863038,-0.012571902149246474,0.10814060312369542,0.004644993913545125,-0.006476534267873168,0.0023729557483537314,-0.10440122758204701,-0.18232282994723745,-0.03167177973274396,0.00109423891370534,0.011547030148741031,0.20193713029561708,-0.15308890607701464,-1.9609680453639394e-14,0.2566924926105417,0.05216348814492536,0.05375636167219648,-0.07638390046031199,0.02813740775791022,0.07919494295280373,-0.010748311272177482,-0.00695770256392868,0.005911669676388794,0.02369370729959497,0.05723649145083615,-0.07341110155819215,-0.02518392616666537,0.022006138490295993,0.1292780209621213
31,-0.007774214468702822,-0.0012511431974387402,-0.008489639936802178,1.482144689146863e-16,5.353575954713161e-17,2.045900342319319e-16,7.521322596632292e-15,1.821015515950284e-13,-0.5121578375886199,1.398432683402572e-13,9.115557543683259e-12,-0.22013561690173689,-0.00019037817145359034,1.5715081323751237e-08,8.290245477899843e-11,4.086427424544127e-12,8.50636614898474e-13,-2.1609646512203927e-09,3.413542954113619e-09,0.010075371746082881,-0.009429254896295227,-0.5910256519050195,6.776624592877856e-10,-4.4969995209344425e-07,0.004574122805131924,-0.00035006346897512757,-4.878920298833594e-10,-1.0400094085460052e-08,-1.0252595974490381e-08,-1.9982088689324205e-08,0.007338332410050858,-5.34045458290726e-11,9.053470236287e-11,-1.9086502615998847e-09,1.6929466797166134e-08,1.4314476098470359e-06,0.04187190688755067,1.2771208314909242e-09,-6.207196440054437e-09,-2.1714624199716236e-08,-8.428529931303813e-09,-1.2551752006702905e-05,4.3537305238791565e-05,0.000255835546944643,-0.0016226367502872444,-0.010199121464204668,0.0002978850035653368,-3.4913482675094954e-07,0.0004261637915664003,9.896113176466763e-05,0.19622826625889217,-0.0003074045077989482,0.003724856712581801,-0.19587022779949725,0.11495193808237068,0.004642096752317358,-0.00044982572493104347,2.7228318597997543e-05,2.8530791591292938e-05,-0.011745958838620478,-0.00025564167678959147,0.001441378229203804,-0.005040019008032692,-0.1448873094051262,0.01714484241887872,0.01461441344193057,0.041033215564972726,-0.036384424236294934,0.10136075160144353,-7.106942872575738e-05,-0.0036720028689959426,0.001482417639203555,-0.044888269374360676,0.030447715912278014,0.13770380275584163,0.049680927937276645,-0.05440252756968852,-0.08612798265779223,0.313375419727301,1.0998299031244689e-14,0.11585583682125394,0.04826604370885637,-0.05475154956614131,-0.08911965012114574,0.055511377101518565,-0.04022556256127605,0.145415339792998,-0.002426607974338288,0.0168868959877343,-0.029005873084890593,0.023768467700384262,-0.08893685851739784,-0.029077827352207906,0.127641604505557,0.018543323925466978
32,2.674333959073058e-06,-4.6975757356530746e-06,-1.7691599963788032e-06,4.965397821691041e-16,1.338998866290823e-15,6.799982635950783e-16,-2.155302141143208e-13,-4.804481836405724e-12,0.012968900184383238,-1.0288742848725752e-12,-2.624263038521494e-11,-0.015228683951482339,-0.0035747411827474723,6.049142552407778e-09,1.4336594979031658e-09,-3.5097682659132245e-10,2.3951075414344665e-11,-1.043260306896111e-10,1.9324810443302543e-10,0.20861494473028047,-0.2110131602451211,0.002368380636347769,4.385784754224808e-09,-9.754494217163676e-09,0.5723806888893533,-0.001210605770917853,-2.9630347763144948e-09,-1.4008024558923464e-06,-2.5966717949940804e-06,-4.027818494655568e-06,-0.30627599260254845,-9.062642948353104e-10,-3.704399054952154e-09,1.200822572512996e-07,-5.419388300024615e-07,-3.6688784981502924e-08,-0.002442171322664415,-7.582321231464744e-09,8.448904822904111e-08,6.457957541639719e-07,3.254157251140316e-08,8.04485683557927e-07,-2.36738667612078e-06,-1.6555628331484112e-05,0.00010772388627051099,0.003133489741865599,8.898128807896278e-05,-3.375189056907057e-06,-0.0015493478724593526,-0.0011136351369218642,-0.019926260591196843,0.0020598398982431456,0.0009240963143021018,0.010615920502659781,0.02964834759183608,-0.0017022501998122032,-0.0013624777902152081,-5.4811788274433406e-05,0.0032014623389633318,0.000981657648043882,0.002034707325273966,-0.011008061586455795,0.018031361149066196,0.22743746568092124,0.10960040955286396,-0.15713768204759998,-0.17059376346341656,0.1548007083740555,0.43093770133602133,-0.007211366683110519,-0.008347490396568916,0.0075774209244464,0.07565775912472457,0.041186470614067855,0.03034056888469165,0.08425598531355935,0.1197819684884856,-0.023789364429784184,-0.016352323629425746,-1.442823597497785e-15,-0.00041828058121786863,-0.264547742853786,0.01605932093559151,-0.04032288313234833,0.07864583413692931,-0.014917879281566779,-0.03737657257701196,0.00605437420681895,-0.10010080992998809,-0.06640007635302975,-0.04999826660255627,0.027788249203307785,-0.01366531405182118,0.16391885431524097,0.07586465413492306
33,3.2460079517124984e-06,3.137204790739155e-06,-3.4356041234522885e-06,6.159027606353771e-16,-8.867733064344567e-16,1.4273487582509207e-15,-2.733150335677367e-13,-6.111186019077587e-12,0.014128397133388688,-1.3181383538535915e-13,-5.4087326042891415e-12,0.017034770921796755,-0.0050195983071173265,1.0154171273886798e-08,2.0070267302632738e-09,-5.328408205197551e-10,3.4749339798102205e-11,-2.4096135991547266e-10,3.6936962958172474e-10,0.36612430354691633,-0.3473896028183701,-0.014958131389406264,2.2188316843502737e-08,-7.728604210533634e-09,-0.4694797029786386,0.007976655684459285,1.2210731589541363e-08,1.0448053069209104e-06,1.084125511600495e-06,2.090248861414341e-06,-0.3918255499786573,4.298116528925925e-09,-3.800566462830025e-09,6.476606027843501e-08,-5.292135170556821e-07,-1.0939102182275595e-07,-0.0016142661719141297,-3.720398201757786e-08,-6.391635884816991e-09,-2.0084230667537684e-07,2.469136658649539e-07,1.4753934112172e-05,6.641734862694344e-06,1.4445941823256257e-05,-6.761920289039596e-05,0.24427609441234135,-0.007455755672413893,1.5490389230895845e-05,-0.0003507586599591315,0.00030537587590255647,-0.013003588314932106,0.0002607821131027252,0.0005436738274710733,-0.009552823704111417,-0.004439230445856166,-0.0007255349602513283,-0.0020032624758565035,-2.5858871832999406e-06,0.0008841765556207645,0.0013543885462020252,0.0016640927579352292,-0.00053219602318723,0.007354786923258555,0.13652011026102728,0.10148320633751155,-0.0010256436733402834,-0.005616165233320351,-0.015723710265725693,-0.16194966849109038,0.005397512625086076,0.010290746247195622,-0.004021906379378593,0.10114753782616252,0.2148299109898235,0.27242450573962773,0.01909657017100888,-0.03522577647287749,0.04516632175630383,-0.12970367296510701,-1.9638851222643432e-14,0.23815062672851084,0.04497639700339086,0.10051716063415216,-0.016620049619308148,0.037560321399030865,-0.11076252061084764,-0.05024068534951182,0.005947727284557826,0.028594029895221945,-0.034542381439585955,0.07048520461082805,-0.056622229081201084,-0.017686782786483946,0.04075144514584727,0.0792546755945016
34,3.8001956412483245e-06,6.057703245363184e-07,4.142380172900317e-06,7.438929599900505e-16,-1.1979854772651708e-16,-1.7426746046032135e-15,-3.055147756159004e-13,-6.813395984615622e-12,0.01567554772293763,-5.298238192178965e-13,-1.505727125733895e-11,0.00775531968568453,-0.005157510496229686,9.167538730496847e-09,2.066595230159312e-09,-5.618904607217583e-10,3.6381040146826265e-11,-1.4579936496177324e-10,2.6566008084963834e-10,0.32227583886308303,-0.3112838038790708,0.02418766328323755,1.609022474342557e-08,-3.6068395080492004e-09,0.06000527900836032,-0.006925520994735573,-8.573622173380406e-09,-2.1965169833356992e-07,-1.1698696540067575e-06,-2.3982694338495964e-06,0.5462862695389469,-2.109579479865595e-09,4.676144417130343e-09,1.210260108798527e-07,-8.602405061397089e-07,-1.2020984067425278e-07,-0.0035091024899676355,-6.992908952970712e-08,2.2559724906398464e-07,1.4529594284731908e-06,1.5161943241201645e-07,6.522791273841161e-06,-1.5289394675351402e-06,-2.0856702072765116e-05,0.00014489844513101546,0.0916724566407477,-0.002504043169692486,3.0203682023347217e-07,-0.001803693250032801,-0.00033011529076113405,-0.03831563842129262,0.00010910844783232781,0.0018400198309946468,0.01964365667245648,-0.01178953049144882,-0.001879210222342403,-0.003561876073467025,-3.563514113911e-05,0.0043108511446646154,0.00355173399321426,0.002011401031513654,-0.006098394811668256,0.013775927175098866,0.3024702045867741,0.17036669997102952,-0.1135553935445296,-0.1367673381720767,0.10446764399604823,-0.26864468199817426,0.02499089619931669,0.0026392324579690538,-0.0030321533093307304,-0.09787828168918673,-0.26778068174753067,-0.058991291193849035,0.007121664536499443,-0.07483305690581958,0.03208604624389722,0.28905450209405587,8.31508550030624e-15,0.12050788543908536,0.03974263749009991,-0.09021060776995157,0.008728126832675749,-0.014592212726888642,0.131059555541275,-0.01668558065474113,-0.008484529877801043,0.024839613869583502,0.04290237926595194,-0.12437069632646051,-0.05518984956133256,-0.021668645642279,0.09550216039405728,0.04572872772285981
35,-1.7758258514218505e-09,7.365790347213035e-09,5.554460777695265e-09,-2.580611188966143e-19,-3.569744631977191e-19,-1.4327808561494658e-17,-1.084891274077269e-17,4.618473037543009e-17,-0.0003024484352975858,1.9133209412060196e-16,5.3674023788751656e-15,0.0008905701602111199,-4.542925067442894e-07,3.979453170169301e-11,1.7479548013550233e-13,-1.169325296665777e-13,3.857692915910352e-15,-3.2880323989273853e-12,6.764740099921363e-12,-2.518133468953966e-06,1.235283810672424e-06,0.0006666648470297121,-8.667108990471422e-13,-3.165279156976446e-09,4.479223158044701e-05,4.7410066523314764e-07,4.963664705569876e-13,-1.0541525391952708e-10,-1.2494697796335948e-10,-1.0451753397683923e-10,-7.022054655296652e-05,1.1391564414370265e-13,-6.402082298394324e-13,-3.995299546304528e-11,5.908354415129381e-10,-1.1293457518329016e-08,0.028784030455101854,5.7569070147407993e-11,-1.1988593404219842e-09,1.0725341100356399e-08,5.542613130554852e-10,1.0860604895008351e-06,-3.12445291999453e-06,-2.0387797883555863e-05,0.00012863192224681836,0.0003388729722852427,-8.910444726671472e-06,-9.08900868560145e-09,-4.426400494460469e-05,-2.4467833622093722e-05,-0.01706202284958277,6.806150109615618e-05,-0.0003269919689806969,0.012571636274344258,0.11273025066167185,-0.015425028638924511,0.00015644918686003463,-4.704360238657718e-06,7.410331142237539e-05,0.7535385688557277,0.006427099541806127,0.0002589065511951586,-0.0003396698338855357,-0.003555669422590963,-0.00039761368461018576,-0.0023263335425477852,-0.0028717372807765605,0.002942468134183615,0.023501462313409164,-0.0025927960327013157,-0.0005950855436102368,0.0006000176961364033,0.032581589820175116,0.016996351301796202,-0.04037106370567682,-0.1985780297014827,0.04087680963800337,0.005271651254070044,-0.009289990448185355,-2.408633277832361e-16,-0.004200722936981367,-0.10876004126867107,0.004616979427785102,0.15005040092071614,0.2213341068494834,0.009301231678828521,0.09068880651286497,0.0030933381376885742,0.5046280206697198,0.12839821916384464,0.01997965074154932,0.028386177806057362,-0.006351615794253172,0.08532176363866625,0.04203117586256046
36,6.668093286661346e-13,-4.249400396909325e-12,-4.537468059541472e-12,-6.681162622751498e-19,1.3934342824428412e-18,-5.619209241692041e-18,-1.2283222687267888e-17,-7.705567285180148e-18,4.638612186486478e-06,-2.9710857428899214e-17,-6.872201796467962e-17,-1.9566469471450087e-05,9.049410971174972e-09,-1.2863017151526568e-12,-3.3734869434204197e-15,2.531607298379601e-15,-2.7150221211023586e-17,1.1812932420123972e-13,-2.4917812120251214e-13,7.792132973504377e-08,-3.824474703050541e-08,-2.2792196960167185e-05,2.658468050556411e-14,1.708468649902862e-10,-2.1337236084528955e-06,-2.1059774214151107e-08,-2.2176544265945446e-14,5.072296838581974e-12,6.683273926285981e-12,5.921520424222994e-12,4.737261622769125e-06,-7.150300417039299e-15,4.01484146740416e-14,3.0137136126852983e-12,-5.056134724378389e-11,1.6140386760115018e-09,-0.003340052903939452,-5.362808599300057e-12,1.3063032338755834e-10,-1.3383677865155464e-09,-8.276298101965151e-11,-2.196003817499962e-07,7.216426227240811e-07,5.1803955005071565e-06,-3.3577101530110654e-05,-6.985094572251548e-05,1.8554952847106938e-06,2.042490440936506e-09,1.6234932934123296e-05,9.194344099314679e-06,0.007560470246845982,-2.7872934366993567e-05,0.00014786448024394836,-0.006805108999335336,-0.06800958151981942,0.012358688055708236,-8.874019821132295e-05,2.502661119482855e-06,-5.192321442068249e-05,-0.6411991670646019,-0.005446426264024145,-0.0005449324713729664,0.0013532444792864835,0.03169304229253934,-0.005096957973096784,-0.010076821365252772,-0.014358832448694228,0.01399987900754901,0.05330381681857035,-0.005575025794222237,-0.00116389314359938,0.001233021552969559,0.05285607284312332,0.025063132893426907,-0.05416870446369399,-0.2617973782495462,0.03891885844130708,0.005080575656915494,-0.00782299292296708,1.9597753685088542e-18,-0.0035664332517007244,-0.0929328247442559,0.004197352071584908,0.1566493552448046,0.26858725046548576,0.01332749638649971,0.10360158243144725,0.004826545234010259,0.5994711804898308,0.13876019820870644,0.021783279496923977,0.02518234008438574,-0.0056800168050533,0.07500090651727116,0.03699554650176669
37,-5.53410710987519e-09,-8.223270180358092e-09,1.2762095015516786e-08,-5.098512623579967e-18,-1.0713626337232066e-17,-1.328629412998807e-17,1.2002671060498257e-14,2.776733384914343e-13,-0.0010364212527808937,8.870218636461056e-15,3.8677879857182305e-13,-0.001833589024300921,0.00048621516854798754,-1.671300846508677e-09,-1.922607856470694e-10,5.560277110647392e-11,-3.488036120691566e-12,4.469427610261827e-11,-7.048968327596182e-11,-0.05738847019897773,0.054483747079831196,0.0026226316869417707,-3.4413903582055257e-09,2.3147374241550224e-09,0.12091966283187729,-0.00189123834467005,-2.8654742649807266e-09,-2.723537985473336e-07,-3.2111992058202935e-07,-6.644996878519972e-07,0.15535970514899444,-1.5282040402553266e-09,1.369369609408219e-09,-2.9750887082479684e-08,2.891622251001706e-07,1.3738596535158852e-07,0.0013992553557841648,2.295561905638439e-08,5.0048953362256095e-09,1.9681840913896897e-07,-3.3820177339758644e-07,-4.2908133220243454e-05,-3.1929794887236584e-05,-0.00011928133933865577,0.0006897413345669587,-0.7561203009827907,0.02387984484619014,-6.604450368868732e-05,-0.0024102538990757967,0.0019095028574573991,-0.05219945220152115,0.0012519983400012804,0.0020982710452587296,-0.028147290699814347,-0.011643994404418816,-0.0015386486334718866,-0.005595788077144556,-7.782943049254003e-06,0.002046451186288936,0.002777555998754282,0.003420203169542095,-0.0008289600528405627,0.010637117874108036,0.18907599379507056,0.1328345233979093,-0.0012857684911642166,-0.007101128891050346,-0.01982492389194593,-0.1918818259852072,0.006354957280199003,0.011972519521311757,-0.004708988650516347,0.11458689577260633,0.23967843406963327,0.2989956234590477,0.020892247907927684,-0.03600354876386107,0.046296094682253826,-0.1285905153729468,-1.81938305197461e-14,0.23660717461729286,0.04475886283730175,0.10159920884303983,-0.017348452401641432,0.04045243476033836,-0.12297623344784807,-0.05345793039076934,0.006697037604238479,0.03066667737180679,-0.03632845646751771,0.07426969228200321,-0.05688621547870619,-0.017804692222625013,0.04084746286223004,0.0794676798432526
38,-1.5873271905722778e-08,2.7907833325737323e-08,1.0584137478781111e-08,-8.443958639520874e-14,-2.2737454296806857e-13,-1.207213637388533e-13,1.244394089631649e-12,2.67493976891827e-11,-0.003884679811178548,4.909491139889304e-12,1.176179468400808e-10,0.003464563736530875,0.0077693285398188735,-6.4445066583007755e-09,-3.1651395256247496e-09,6.368424323386182e-10,-4.77426162001572e-11,1.4516298953357097e-10,-2.717729516073714e-10,-0.19911323045996193,0.21210932623644757,-0.005328849565323278,2.7211278340239782e-09,2.9348079164461083e-08,-0.5615094370205335,-0.0016737548956231077,-2.974174491449759e-10,1.3119190507286984e-06,1.6088625381507617e-06,1.9220172114987714e-06,0.29971987439731135,-1.5890665323991146e-10,3.5196446935754986e-09,2.5491808947174587e-09,-1.5730915226851002e-07,-3.1235336451297635e-08,-0.013263042641097395,-1.674501084741451e-08,5.6516397890627125e-08,4.043294252274477e-07,3.392856504993147e-08,1.319456038340928e-06,-2.921556205479975e-06,-2.0850209063840772e-05,0.00013510976806288574,0.007965935516824533,-0.00010321155811760013,-2.2748372285083406e-06,-0.0012764953862386091,-0.0008197155081408629,-0.022556080251360463,0.001558248303539933,0.000759141571397763,0.011812874411860495,0.03961525477227366,-0.0019497446399016425,-0.0013138273574996302,-4.6556619362862226e-05,0.0029158655006427583,0.0009377828204370689,0.0018703229260381147,-0.010498670646818097,0.01781974963221813,0.23468675519390741,0.10989923917591346,-0.1601287607635399,-0.17457349337545894,0.15827969279466747,0.440317392760348,-0.007880695721270382,-0.008608789980261489,0.007836478602162343,0.08285976117357689,0.042294405830960516,0.028274641254645374,0.07461761567267355,0.12244966526471822,-0.02585964292305727,-0.01569158190346061,2.930999257348095e-16,0.0004227351193732634,-0.2643246511899112,0.0163383167565371,-0.05324414404192293,0.08606997597837379,-0.013208513427453087,-0.041032465636660034,0.006655560372118052,-0.10206064244450308,-0.07631647524505067,-0.05428405346809419,0.024965169117647505,-0.013666804031633641,0.16148318205882656,0.07432523843661945
39,-1.926683437767872e-08,-1.860164629548146e-08,2.0462712706550624e-08,-1.0256161998544758e-13,1.5245615719391677e-13,-2.3620372920727705e-13,1.4960088608059664e-12,3.2165481593343716e-11,-0.004403700459261916,-5.521642674549813e-13,-6.566137575756803e-12,-0.005878923507800069,0.009635371986375886,-9.101578449973145e-09,-3.918412085863429e-09,8.759009159602253e-10,-6.171942630663976e-11,2.361056957266327e-10,-4.0292208976046974e-10,-0.30426402311327433,0.2818199052718956,0.0015362836937310685,-2.302324015419463e-08,3.0334610240000686e-08,0.33690686679488674,-0.011154014182100581,-1.5929740955747006e-08,-7.881157037856738e-07,-1.1710895056880716e-06,-1.9876832912210537e-06,0.22400413346230386,-1.3712314183017795e-09,2.510668128185264e-09,7.631038024034846e-08,-6.176995428849893e-07,-3.441713013764654e-07,-0.002688239621275046,-4.931800950247489e-08,6.901893092198789e-08,2.1374507884029576e-07,3.784281248404697e-07,3.586751697916392e-05,1.7081878921835372e-05,4.372983933566763e-05,-0.000224602496744329,0.5944067754202463,-0.01848729223402187,4.557130180952234e-05,0.0004549201520171162,-0.0005722579536530675,-0.010366787929128658,-0.00022334403414932477,-0.00041498687822921705,-0.016800788662107352,-0.003937207355149859,-0.0006841051257876683,-0.00028398487758076103,6.027943994410842e-07,0.0005796607467905277,0.0012829844692171437,0.0007735531472805404,-0.0007759511822807829,0.006391535609707593,0.12830421587833304,0.08892994444969779,-0.003995743518104182,-0.010692899237786664,-0.009161653386608973,-0.16460944540806965,0.005205184404037486,0.010282278612984036,-0.004021541623801197,0.10476948041798033,0.22164581044215756,0.2733818715479162,0.019160522526154033,-0.038681221474958,0.03140660730006045,-0.12880072940260673,-1.6606578300762878e-14,0.2381899430744959,0.044612770672453984,0.10314942655527909,-0.011005137843156838,0.0356639111346201,-0.11374245992482139,-0.050822074746940886,0.006220380055900634,0.028841259229105867,-0.037415039025351565,0.06711424976144896,-0.055128265730162225,-0.017020694856894066,0.0424044138858995,0.07506137577996304
40,-2.257605711454707e-08,-3.5699455476743154e-09,-2.449091747691429e-08,-1.2024458924383044e-13,2.9816969602609636e-14,2.8577224454339297e-13,1.7561976858545043e-12,3.775106154377477e-11,-0.005094134186246224,1.5794345901490224e-12,4.33159497145914e-11,-0.0034127761194880407,0.01113680258873682,-9.712024742446094e-09,-4.532532493415986e-09,1.1542903122082973e-09,-7.713893744999176e-11,2.2347763956981303e-10,-4.0528873630835354e-10,-0.3161791330466438,0.3041835347023981,-0.01218374571674108,-1.6683656019915553e-08,3.3342035443702946e-08,-0.06000741423517796,0.013554619903720783,1.7646125063076666e-08,1.768821625446578e-07,5.970474867125169e-07,1.4311632194938698e-06,-0.5374163631866631,2.7087661259347992e-09,-5.884322330339615e-09,-7.710720657325388e-10,-1.2740498726472106e-08,-1.4405155705211876e-07,-0.004197105217849752,4.1321297065644485e-09,1.77817034032925e-08,2.971085508179524e-07,2.274839094018932e-08,-1.3350323918349896e-06,-8.933917322522893e-06,-5.07626280824827e-05,0.000321685633576603,-0.05310314992183532,0.0018887370420642639,-9.023163722471962e-06,-0.0017039806679291151,-5.6210024254395176e-05,-0.052096515579832366,0.00042157256696195926,0.0013700715532002762,0.028269999521069792,-0.01840610715985569,-0.0021885503618579035,-0.0034869175454527996,-3.3732827192030145e-05,0.0038861453684765,0.004276088229237112,0.002164187652571001,-0.006093454271471746,0.01454813763572666,0.3166316672560703,0.17329072647267152,-0.1157657143237002,-0.14095112783888408,0.10733475764340081,-0.2788997888159896,0.02527639369003241,0.0032898612852575136,-0.003246459649100757,-0.09183680755709633,-0.27070561131661414,-0.06501433108191428,0.004532933871128637,-0.07515836790137731,0.041481975901745405,0.28699897852666495,1.1021651339667002e-14,0.12007729638916909,0.03862257036076225,-0.09187321647585306,0.016157466976386856,-0.018403482076371838,0.13488663355297392,-0.03057002226686034,-0.008220867535211784,0.024380137200896067,0.046726356897377856,-0.1321559106500302,-0.05199659083122908,-0.02092424155321666,0.09247878546810022,0.047801121009219995
41,3.887137975016239e-12,-6.841938797898547e-12,-2.6338067776545323e-12,3.4357354993685384e-10,9.24805873743191e-10,4.908505924127327e-10,-1.7136449948784267e-10,-3.545452665106083e-09,9.876468028873568e-05,-5.86778402195384e-10,-1.3263173850665274e-08,-0.00022720064205098328,-0.3318677154007354,2.4781620962627007e-11,1.38428264423058e-07,-1.6684524864978327e-08,1.6546456193344836e-09,-6.406491796478896e-13,4.092832879624917e-13,-0.40888168640787403,-0.41949043520789064,-0.00030312964922962987,-5.533509691626893e-07,-1.244965947113372e-10,-0.00285711860193416,0.224192770741407,2.7162986898010103e-07,2.566570976089173e-06,3.5596353377837235e-05,7.550340466857766e-05,0.0023168197131371022,4.6293268088990826e-08,-6.5270914307566254e-09,-2.9044767596412475e-06,1.345141215487049e-05,2.5771819021075137e-09,0.00023437281981645615,2.1879119619728452e-07,-1.8483091306577118e-06,-1.2584152163945176e-05,-3.420340075615618e-07,-1.6070762374939966e-07,1.3281707257781447e-07,1.2397037511264539e-06,-8.429520393194428e-06,-0.002005423244848342,-0.0021359388166447327,3.90310657253424e-05,0.013636232073295791,0.013381633608070473,0.0026140279615047214,-0.02291260639179296,-0.006954929820962576,-0.0013814259083068264,-0.0029225669186997774,0.0002680031842360828,0.003703455570762775,0.00043173488095375577,-0.01651820013152125,-0.0001510528489025961,-0.009728173308814345,0.03709136810082061,-0.035802343708729104,-0.08373975638277091,-0.06591146379245738,0.06700671598280031,0.058523569865415355,-0.0637963660911016,-0.20454603087779077,-0.0016686227312610999,-1.8076158906929913e-05,0.00010666766429273679,0.12362676098693624,-0.04604911688326235,-0.06101590149729415,-0.23392551345710969,0.13960802692423033,-0.06306085038496918,0.0030788761937886157,2.482371331851638e-16,0.022725445048445567,-0.24036401498173587,0.015162846318361027,-0.33636140789991104,0.1898649440694276,0.07457582047986991,-0.10509672368364227,0.010655071654456496,-0.06144196255151166,-0.2637563984953216,-0.14120551066947276,-0.05000760864458219,-0.012093197599226503,0.08237917810550856,0.02784869218094839
42,4.7184256826211325e-12,4.5467735639400395e-12,-5.050889902740476e-12,4.171814780769145e-10,-6.199762997132403e-10,9.603735692360702e-10,-2.0456864066234349e-10,-4.230644454767445e-09,0.00011712045242168374,1.8230274392951078e-10,3.608792702476218e-09,-7.192186478663352e-05,-0.4070577577109317,-9.888947222033495e-11,1.6941899309940426e-07,-2.5510714042955103e-08,2.1715891959159708e-09,9.010975681485043e-13,-9.64978652801092e-13,0.2693629944889497,0.28313254675644084,-1.8208358544944557e-05,3.7518250291588124e-07,-1.9662541534633607e-10,0.00673182289672049,0.4184116608638223,5.592115696127503e-07,1.449336664400242e-06,1.1725438290243244e-05,1.3153944029352482e-05,0.004345517740665181,-4.5114226430426835e-08,-2.4630059311917353e-08,-2.374677343673459e-06,1.6685758671870973e-05,9.255711085602067e-09,0.00011112656698076421,1.1395902013133456e-06,2.971212139802692e-07,7.655449310902088e-06,-3.6601023635474993e-06,-1.2233011818299662e-06,-5.255958305062812e-07,-9.410191451439531e-07,3.743661396342646e-06,-0.020314520505903454,-0.004009374208986054,0.00010174809337090297,0.010370162155207488,-0.01674683265562165,0.0028600338479515723,-0.008606249680765204,-0.016591227992184394,0.00039602154141829695,0.0006094579501103722,0.00022349281958723268,0.03564481508981114,-1.0782179350514193e-05,-0.002558316095251091,-0.00021240838511929025,-0.02137789954700017,-0.011914032242053259,-0.02305996438501651,-0.16270058384253117,-0.3124472371776641,-0.1580103357187007,-0.22158550412933778,0.26006145909586964,-0.06504529256686031,0.004884365264364402,-0.00617335444822249,0.0016240147528664617,0.00019099978325817874,-0.010925586164530638,-0.039461383897290515,0.0021391076497681615,-0.11552304510880072,-0.311747389835216,-0.09578236510256202,-1.5795619785380024e-14,0.2222528387567207,0.032014774128991404,0.13180090673027112,0.1350122880356823,-0.04856669096174674,0.00921471707992138,-0.03104644282960286,0.0007408361791210283,0.013885288392364505,-0.07189135881655154,-0.09288645153551016,-0.010390221511225373,0.0016615041818060633,0.08004983163331723,-0.03813522389945919
43,5.531022898471083e-12,8.642219491040834e-13,5.944625418367283e-12,4.891127500961229e-10,-1.2119314679372174e-10,-1.1629527574439477e-09,-2.4023331098363187e-10,-4.968478459064588e-09,0.00013715306314380696,-8.983251832931507e-11,-2.4494254954225356e-09,-0.00015417173332647372,-0.4743179889885665,-7.669193905590549e-11,1.975217389771306e-07,-5.093311072685233e-08,3.4112242345599292e-09,1.3156328301501967e-12,-1.7230873703494217e-12,0.045408512535473004,0.05258406212320762,0.00015867508369044246,7.160398592662414e-08,-2.7535099117817837e-10,-0.0033883782546605106,-0.523152793047673,-7.067016383224246e-07,8.751740064692909e-07,1.1386840356835606e-05,1.542067247993988e-05,-0.003940035894710556,-1.8560247876222174e-08,5.5579520641113816e-08,-2.0816372177431227e-06,1.4002861321974705e-05,6.643933300655447e-09,0.00016731534989088807,1.1373932809886474e-06,-4.678292723609393e-06,-3.146565524632064e-05,-1.1709067110353634e-06,-4.534906476865334e-07,1.0226171120672287e-07,1.5840799704743397e-06,-1.1245910736933234e-05,-0.006592654498702134,-0.004524058440929646,8.265898505914236e-05,0.016624873044969304,0.003939483297729382,0.004630515896185105,0.0062722508437093715,-0.021748436056665005,-0.0020120624609595793,0.0007536931756179035,0.00029692902939755945,0.02204146408714472,0.00020797697336625128,-0.027493905075424353,-0.0004985604532344365,-0.0036356534233593567,0.010425301925826743,-0.0006878021505522836,-0.11741816059896457,-0.11421303264256824,0.03774392255297156,0.02308864549690417,-0.024197112995468777,0.07833411464394395,-0.015050054737713056,0.01590141399354043,-0.002036008304937206,0.26284450999963466,0.11962785977185134,-0.03319626481680652,-0.040984497453514616,-0.04947999709663279,0.2546407239425272,0.22229465775570617,7.427104300759673e-15,0.10743018994815054,0.005594365705589596,-0.09853602997926104,0.17845281177472308,-0.06719315710552673,0.007307506199774114,-0.362308861082041,0.014441223439134784,-0.018955711489433976,0.08840769490846836,-0.21786724793991472,0.03328564902767286,2.963846378720111e-05,0.01046906698386671,0.09649103549809561
44,-3.7413486934821395e-14,6.595583748463204e-14,2.6196473884300575e-14,-3.5409919071248436e-08,-9.533275302495488e-08,-5.060095764031637e-08,5.560027637923974e-10,1.104954900807662e-08,-6.117718688959577e-05,1.729507810041393e-09,3.703920624227899e-08,0.00020385059415222112,0.32993270480659675,1.0959225197170905e-10,-1.406931903834993e-07,-1.9316062089678895e-09,-8.881562810024542e-10,-2.7729110512125684e-12,6.0315460190323214e-12,0.4099368571373099,0.412251048065575,0.000420251599074516,5.626756629830978e-07,-8.021708610860541e-10,0.01425679499880298,-0.22211787089805501,-2.9399085797854756e-07,-4.1156819782235485e-07,-1.661939593808543e-06,-1.4677512577173129e-06,-0.008112812090076228,-3.8346003134147446e-09,1.1044882703004086e-08,-9.431683837747497e-07,6.155937933113557e-06,2.9469776084761596e-09,0.0004654680418379153,2.5228744578663806e-07,-1.3750515096484136e-06,-9.666183741117846e-06,-3.343197102452315e-07,-1.8178046547602306e-07,1.7231869743400368e-07,1.5277890335628908e-06,-1.0297466929377824e-05,-0.0021510465775679485,-0.0017966543372225296,3.349468366392852e-05,0.0117463922881114,0.01089442767013472,0.002933096226233472,-0.018489971056898025,-0.006714597067099891,-0.0015467858971733523,-0.0034991414615991845,0.00029579159560080327,0.0040570939945811955,0.0003751077317243132,-0.015377727436552491,-0.000172399358411696,-0.00883985111205768,0.03496077772123591,-0.03426400141453113,-0.08747734923452778,-0.06781471079329905,0.06948137690072216,0.06132553751770788,-0.06605400762905916,-0.21184191748585587,-0.001551761064245618,0.0003066583935452578,-0.00010807933395996501,0.12219080320501231,-0.04645655181115551,-0.06194808946829371,-0.2364907432398102,0.13921038348959816,-0.06341712135735082,0.003236001131103115,3.094152713346486e-16,0.02304976294185545,-0.23995494445817558,0.015088554855330186,-0.33947750594717035,0.18863491263484802,0.074845867667976,-0.10579118113859086,0.010510118230694717,-0.05933061017798559,-0.26480387446262427,-0.14178755337782814,-0.05185291382580333,-0.012026154080893981,0.08022581391206073,0.026547977141981108
45,-4.542703424182596e-14,-4.364509493993532e-14,4.95165547203202e-14,-4.299984952760097e-08,6.39075034287462e-08,-9.899511536941435e-08,6.56309310142832e-10,1.3032298580501458e-08,-7.420869697017864e-05,-7.785715418844009e-10,-1.579676909609772e-08,0.00013763295509612486,0.40948592690918945,2.829427035939777e-10,-1.738073198592721e-07,2.846377072501512e-09,-1.2054004283208056e-09,-6.007683789083318e-12,1.0048312767995421e-11,-0.2667580972041317,-0.29194137631707784,6.097684074621501e-05,-3.828086197479124e-07,-8.367788478836116e-10,-0.01254962947596953,-0.4265778597586924,-5.837600009872666e-07,-6.791563716995399e-08,2.4611546069964188e-06,4.954610542628365e-06,-0.006787054300603599,-2.551555951889109e-09,1.943979968499618e-08,-9.020387892365201e-07,7.2715800704372705e-06,1.4554079066106425e-08,0.0001476356019483767,5.797649850155941e-07,-8.395605515528737e-07,-2.2423922476321338e-06,-2.1307401504528305e-06,-1.7500825268559057e-06,-7.800219788868892e-07,-1.61376521058958e-06,7.255376879660646e-06,-0.02902543959668318,-0.0026641092710444777,7.628959402017097e-05,0.009364488930166512,-0.01277553660219695,0.0028899860936423124,-0.00650345978429701,-0.014891007332833219,0.0006382590859968308,0.0006493002598043232,0.00022669393746142872,0.03120223753346905,4.344621283405677e-06,-0.003619428854664385,-0.0002415474238995066,-0.018948661936616224,-0.010575337300545565,-0.02179079409973515,-0.1597677583404466,-0.3033148559534103,-0.15173355531057364,-0.21276004041384627,0.2504840459138374,-0.05852344119023079,0.004457761014281585,-0.0061370385407927665,0.001670618482267242,0.00023296019565550313,-0.015439556648473284,-0.046596511832566564,0.001288103773929169,-0.11658262116054896,-0.317049688553586,-0.09514522219413905,-1.558278404419728e-14,0.22164752579988706,0.031696600873137956,0.1317328936321368,0.1374039844688153,-0.049981072014658186,0.012145464117349453,-0.031810800807511766,0.000719332722962114,0.01308453206523798,-0.07124250608402678,-0.0963418522591213,-0.009198302426054232,0.002130967809605536,0.08075207661829163,-0.04088734142426539
46,-5.324739601124049e-14,-8.166220009791031e-15,-5.609806282734559e-14,-5.0408165394440804e-08,1.2484242063125437e-08,1.1992987685248002e-07,7.689509327945627e-10,1.526890838725009e-08,-8.611736857531285e-05,5.1853883209315934e-11,1.806252071150325e-09,0.00019725423456609114,0.47144883884034344,2.759037441467646e-10,-2.0033461866988738e-07,7.198735354018431e-08,-4.345662342447483e-09,-6.523153729208573e-12,1.1307272864383656e-11,-0.038655163236072494,-0.0580251603763246,3.685058417222196e-05,-6.87258266849725e-08,-8.85571007155402e-10,0.004990789066284186,0.5187475551591465,7.00738824716722e-07,9.608783760355653e-07,1.0265064995278102e-05,1.931581288751333e-05,0.015490593051675862,-3.568729951622734e-09,-1.3820161882166576e-08,-1.372238890761951e-06,9.003254494227858e-06,8.691148625810731e-09,0.0002217431984972012,5.861774022209915e-07,-1.8507099486058011e-06,-1.369668051439852e-05,-1.1945721634666873e-06,-4.0820106234524873e-07,2.4909138056996767e-07,2.378438018206817e-06,-1.623910338261521e-05,-0.005351267022180568,-0.0035608908573924072,6.87058875158944e-05,0.014330446590696617,0.002448558032294488,0.005346500187212921,0.0033736497524030945,-0.018956871566664854,-0.002417783132756381,0.001039119869797889,0.00033190541554406716,0.020664132467344453,0.0001882651026810759,-0.024325701225729284,-0.0005584425878711143,-0.004466031412061151,0.0100638268024232,-0.0022149753623189107,-0.12397194975747358,-0.12082563252849628,0.037211323240210384,0.02232650324003828,-0.021939542078252574,0.08132484384756412,-0.015341630056747657,0.015472920055571932,-0.0018940838419106733,0.26320258936211466,0.12548116763688485,-0.032028037364988236,-0.04187523990696468,-0.04871618864042236,0.2572008702155389,0.22099720158300143,7.713729930399018e-15,0.10708287900680115,0.005126758758000728,-0.09813841663193906,0.18035584518488149,-0.06675042273420079,0.004243228236864061,-0.3643423192737449,0.014589038575014207,-0.019729754354644535,0.0873792770830021,-0.2172082339072874,0.03541637321333628,0.0005751502007230971,0.008305067583560925,0.09749209003829581
47,5.814610425351269e-20,-6.742760257835725e-19,-1.8493578823321856e-19,0.33336636576794965,0.5839406005620225,0.21877381258323694,5.515995066734418e-06,0.00010148317433534749,-5.62167360795688e-09,1.0230631308193954e-05,0.00019967441184941324,3.496531669512382e-08,5.175136319035522e-05,5.845197983667507e-14,-1.060572739181521e-05,-9.2888029167484e-05,4.139881943782759e-06,-1.8139966397368842e-15,3.745796063726897e-15,0.0001029490785648925,0.00010191375517437278,1.452514453047815e-07,2.6526594838267493e-05,-8.830560668563479e-13,9.667780488965206e-06,-8.231687752026429e-05,-2.4431948791068048e-05,0.0014510957436970511,0.019370927768850917,0.03936143668993559,-7.018944680014959e-06,2.3855591728040408e-05,-2.021095301084265e-06,-0.0010139614938486602,0.003651089226609973,6.068737567817134e-11,2.5579317471470773e-06,1.3086443192293232e-05,-0.00027727757678112875,-0.001449655908901336,-2.4973601586877138e-06,-5.551120110376066e-08,9.304285603873308e-09,7.281115956320282e-08,-5.454732903332758e-07,-0.0024054897937221056,-0.07595367775190606,0.0011116960814059186,0.17532993957260445,0.22762526460098473,-0.001032356067816067,-0.34165296155807295,-0.006756359154315784,0.0003140855018746528,0.00047582824705549826,-4.2212167690039116e-05,-0.02293359792069308,0.0022997491518078096,-0.0013651675239211233,-2.084503442598042e-05,0.006863003309188939,-0.1355348916589693,0.13745370649094088,0.0037328426063943177,0.012752037845698552,-0.006988187784585909,0.017110955752777535,0.021226962872974257,0.03005872476748909,0.0012932536860357526,0.02654875052812003,-0.013532406076577245,-0.15438947468936934,0.08158883110266721,-0.023057680890125627,0.03269982778941899,-0.004526877219116893,-0.009824887639394556,0.018942703215301837,-1.45639353319248e-16,0.05127038294087091,-0.1739383541726178,-0.0053576004425244655,-0.1332035411336377,-0.24898463917712116,-0.0689720042901839,-0.10173314509359621,-0.017142636213715746,0.18505257165146438,0.01716667531693978,-0.05456156404669341,-0.17798450679037917,-0.00019563970207934922,-0.12494033916740796,-0.0833220845276122
48,7.059349410316654e-20,4.520504870927119e-19,-4.873856213654957e-19,0.4047294562483136,-0.3913140143386663,0.42779271562629484,6.308868166689074e-06,0.00011577044495107524,-6.817705716823406e-09,-5.645632691698699e-06,-0.00010876894136693224,2.8828160115707678e-08,6.368971823824612e-05,1.1152013112898225e-13,-1.1028228696184481e-05,-0.00012642287903516267,5.873723612890711e-06,-3.0916977946270547e-15,5.471184008738414e-15,-6.47512718800588e-05,-7.315624131301589e-05,3.628564285393238e-08,-9.486391309930495e-06,-1.0097720164075982e-12,-6.24416985355982e-06,-0.0001560501500943322,-1.387583906991775e-05,0.0006799659649044763,0.004900302466939527,0.003757947540070588,-3.1015981998937972e-06,-2.2234153638915295e-05,-9.851209563880874e-06,-0.0007526707075772387,0.0044651770408680415,1.6437661898600782e-10,1.437545996367576e-06,0.0002661638683125689,0.0002842775211421247,0.0026628621357085557,-0.0004266791524397126,-1.6592557495328875e-07,-7.504291023331029e-09,-6.635163282440199e-08,3.934316830892328e-07,-0.0069643332018365905,-0.21176639580628234,0.004382654162910149,0.0668638174826925,-0.3279208055313573,0.001200849328054552,-0.14576552740865764,-0.07263180769674625,-0.00017861014302357868,-0.0002012541135230096,-3.396564545746993e-05,0.11345458111703614,-0.0007889111519580608,0.03294052233304766,-3.128755271172036e-05,0.010089587339293401,0.050796855933928194,0.051285468025110185,0.021935579117973916,0.04659085076689284,0.015265754940014623,0.062340448821704676,0.00016198960787755328,0.01157517939037125,0.0012086270256004643,-0.06696612753304537,0.018798892332280225,-0.18499046246143996,0.1249506209464037,-0.04155777069551256,-0.10366403132017159,0.0007310329959855662,-0.04592912638883362,-0.026759846913749916,-7.783021547828537e-15,0.12654527107525967,-0.006042287256459676,-0.03854228451199318,-0.06626622987145427,0.15116536619400758,-0.005387204752267961,-0.09052360404247146,-0.030886456398622367,-0.13391456425546125,0.27500452610490406,-0.05198497096455682,0.10470903305316712,0.040199647816321134,0.07730510361383387,-0.22722582372383404
49,8.277425790199574e-20,8.846207881775884e-20,1.0803888368749804e-18,0.47456695252306913,-0.07646895817220555,-0.5185197496285164,7.44283494144889e-06,0.00013662599624785561,-7.957100154380491e-09,-7.64589023956836e-07,-1.417541206524063e-05,3.833130798463174e-08,7.397415031418602e-05,1.1583793984122298e-13,-1.3154669819820902e-05,0.0001421899251555873,-6.691221226423537e-06,-3.5283209309930177e-15,6.158143438259029e-15,-8.536330463414646e-06,-1.5829790526009356e-05,5.032762517028622e-08,7.091573674721832e-07,-1.1386299249327614e-12,2.837805531854491e-06,0.0001895643613196369,9.579378806416858e-06,0.0009296963996925158,0.00808232195721019,0.009985024455706733,1.597719065069199e-05,-8.737910867507032e-06,2.2819952493776207e-05,-0.000634460963648048,0.0034090157538653357,1.4193676801056157e-10,2.021910113736138e-06,0.00026760293084369973,-0.0010051433139101203,-0.005629246224432973,-3.881223758595748e-05,-1.5755815704221485e-07,1.3491245075470217e-08,5.1100435438387835e-08,-3.86211012275449e-07,-0.007026993163465278,-0.22385915253475372,0.002984450308021216,0.2186063579965012,0.12179619242610142,0.003337070482788229,0.2245174320064187,-0.17511484387541545,0.0001954856605089256,-0.00017760022957357871,-5.974801817193401e-05,0.040140665237422775,0.0006921976300969647,-0.03534325448558762,-2.987312619674192e-05,0.013081803139291564,-0.02536026188246867,-0.061259984367730794,0.02570762609530038,0.037220975462197534,-0.0008571814827279148,0.03592573447252303,0.01569651236075501,0.0055130260628575185,0.003639034920780071,-0.03575959013162254,0.007816773749131145,-0.26518020033447837,0.08557557323575549,-0.06192478723455533,-0.09885290716777284,0.009784535614134377,0.03777965555594769,0.09651964785198558,2.3817115631222128e-15,0.08322194716113042,-0.04079828398408882,0.03188289718477821,0.14546834371182538,0.05245745454034592,-0.11948758910863638,0.0129156316901578,0.001475238200673595,-0.03482495336297176,-0.25156033740489275,0.0008229420171164264,0.19059316956803796,0.046078053797883003,-0.15411552502490675,0.1297650581174515
50,-5.760431606614882e-23,6.86622963093e-22,1.8708007230344427e-22,-0.0003416141286796822,-0.0005993232146118603,-0.00022495868454619098,-0.0004623299543502291,-0.008240814131264275,2.9085569860538397e-10,-0.0008202078824301542,-0.015451315096692193,-2.7374143591157116e-09,-3.8212898959945035e-06,-1.1128565086440106e-14,0.0004241676790341369,0.006384761007374788,-0.00029964667253606334,4.127636120808429e-16,-8.935575077993168e-16,-9.782991490673267e-06,-9.412177130079883e-06,-2.0631967612718844e-08,-0.0009461234025194385,-9.424385481596354e-13,-4.013341349827004e-06,1.4227806003926419e-05,0.0006429206468769616,-0.02734099763953356,-0.3468986312138645,-0.6921196311710224,-1.0414187746588381e-06,1.3184780991335387e-05,1.7979378895646911e-06,0.011737096533311226,-0.03322726672100884,-1.2990030618494028e-12,1.2685493704780465e-07,0.0005907356911240808,0.00039931137793834475,0.0010930980147615449,-9.636439316933983e-05,2.569293242019004e-08,-3.4283895150393353e-09,-3.1125433184414197e-09,1.4359133952150241e-08,0.0012697998395451411,0.04269397559157514,-0.0006331922715705032,-0.028855991860462477,-0.09160159118853547,0.001142837909677738,0.07158426287446265,-0.04421742736871986,-2.527462569410219e-05,-0.00014657177818175852,5.164996712194182e-05,-0.06189371507814393,0.0004920612982905271,-0.10466286740433726,0.0013828736976899958,-0.1578164622297116,0.34722343308219034,-0.29259302145914434,0.030194171251776838,0.019495901176395256,-0.00862957442347324,-0.006605247048017749,0.005559855825346206,0.031379906869533084,0.0010515511192955257,-0.012673532848948404,-0.010771475039159048,-0.09987077721503247,0.046261203890942584,-0.011065074174263612,0.02792494879850994,-0.0200949343732792,0.0015685178712203857,0.020799585939055995,-3.388142560442912e-16,0.05250745517020045,-0.15518252348746012,-0.005945373164615436,-0.04175022213972911,-0.14259117109138242,-0.05281436705713467,-0.046997944437425984,-0.012273627232104645,0.10105883074781943,0.022525561241193297,-0.019159809635540145,-0.16478249238253376,0.007518703444726915,-0.1361689995853908,-0.08244448559389779
51,-6.971794441903753e-23,-4.581685914556364e-22,4.9115627556294915e-22,-0.0004134061002901921,0.0003996279143690063,-0.0004367853141326428,-0.0005121440203127424,-0.009093367434886849,2.9903081849972043e-10,0.000470358329810773,0.00877238674265674,-1.9803602513620423e-09,-3.6911694484780155e-06,-1.0568823277110992e-14,0.0004081187655876492,0.009638572815566213,-0.0004669324467200647,3.3546699850902435e-16,-6.220543788237565e-16,3.578696311297792e-06,4.283296704003635e-06,-5.020220118353128e-09,0.00039097179715398545,-1.1058234643038658e-13,3.2569369104777705e-07,9.231324739992555e-06,0.0004386174414085827,-0.00859053245589514,-0.04245869430363995,0.0023473820274361977,-3.800921327210628e-07,3.353489762206725e-06,2.2925549898077874e-07,0.007854131179708524,-0.04247743533145259,-1.1369219116399847e-10,-8.420232290180839e-07,-0.002085083564144566,-0.006243528845541089,-0.03916108591131491,0.0028074373768479078,3.42970179757165e-07,-2.1294662196256857e-08,1.1556766028936021e-07,-9.330987324685018e-07,0.01632008548542064,0.5365752251367182,-0.012133972603608307,0.09300407141616543,0.315883114627576,0.0025801931097194294,0.11551276492807898,-0.10364313665607362,-0.0003332254368453357,-0.00046408588606469176,0.0001696673825583333,0.3942530284412611,-0.006580179844271938,0.2846993176276016,0.003089216206543607,-0.35536199119517015,-0.20717666450924685,-0.16917174209264924,0.024008223903837927,0.03678365018840381,0.0164960439388316,0.013122696010313134,-0.03690141528104041,0.009520054239287664,0.000510058025720657,-0.0030516987883400753,0.009568879619668598,-0.10149087457416248,0.05256452435459915,-0.02297220767619478,-0.05965470632126276,0.015144083559539816,0.004231086140686177,-0.0164913623873691,-6.2122785277457885e-15,0.10952243666045833,-0.010514050221364011,-0.04964595189050227,-0.043812796522377385,0.08365308346296557,-0.038082320154731175,-0.045650496796995094,-0.018447040545487636,-0.07211552097881123,0.14527205736221835,-0.021420121233982327,0.10904353712439616,0.04490116683129878,0.06253432843725877,-0.2136765639982753
52,-8.174799749551495e-23,-8.972760330685025e-23,-1.0976474719262921e-21,-0.0004847418165265246,7.809303421322485e-05,0.0005294213469203639,-0.0006006645445245064,-0.010667374694070758,3.500653004098816e-10,9.183427809720889e-05,0.0017055114132600048,-2.5162757906508575e-09,-4.3131138462592775e-06,-1.1568770410356507e-14,0.00048013966523409516,-0.011638847728709515,0.0005647351313217186,3.806642896219942e-16,-7.352632291818078e-16,2.685461655735033e-07,9.475020970369983e-07,-7.414880680604538e-09,6.517643262723335e-05,-1.5404083796314856e-13,-4.992403226244769e-07,-1.0513900544654788e-05,-0.0005129612164115058,-0.010504288515710763,-0.05806701425244607,-0.017024117721142214,-2.1210637583473516e-06,2.219187036029799e-06,-2.562979407044147e-06,0.00283766230366271,-0.016182794018615606,-1.1319630211917289e-10,-1.061770078825418e-06,-0.0021724589771380605,0.010616873334051272,0.05414671119611917,-0.0007583499019085051,3.5632090876244846e-07,-3.221884988333591e-08,5.498509209379134e-08,-5.164058919043949e-07,0.017130674413028936,0.5672320030829452,-0.004136210154097956,-0.08221410220813845,-0.204901433886655,0.0031741143680180054,-0.21385187653595963,-0.13381549740677112,-0.0006604977530013273,-0.0003658151460755863,-0.00030490917102688576,0.14765038430635116,-0.0032260322414561335,-0.5119871966104483,-0.0016926593769581765,0.22304943804906904,0.025594669101123343,0.29901738828453434,0.003967217531480661,0.017258525595140628,-0.0005772343311961722,0.00953991517642325,0.00153555929266357,-0.0025195060145819506,0.00238952480183766,-0.01628645129194442,0.005510739415169759,-0.14567324943546556,0.04873487932061667,-0.02837856738444937,-0.04668148390612651,0.013705354102121071,-0.005863208467661315,0.07790321807101791,1.4212198441773568e-15,0.07826258148761438,-0.04519572425451692,0.038996698475387385,0.055794444836519734,0.030322577855347307,-0.03765724229907369,0.025226914791926923,0.003769479035177393,-0.016948768411539205,-0.1248878683958994,0.01346293112084569,0.17910569587782726,0.049412496585602546,-0.15172071081592364,0.10702590469227172
53,4.8650105197726314e-26,-5.966742535212066e-25,-1.6100968099496917e-25,2.9887079616511394e-07,5.250086030002481e-07,1.97735669079213e-07,0.01909258457781506,0.3284893801550085,1.532654527585904e-11,0.03186982086254756,0.5764910931723728,-6.217016931223152e-12,2.2509682170235387e-08,2.880445525478646e-16,-0.006928726980705477,-0.2156399889914216,0.010713952789223586,1.5317579614201216e-16,1.020173016114683e-16,1.0202149452683736e-07,8.363805239144512e-08,6.022433339764948e-10,0.012238417761882597,1.5221714581965095e-12,4.1086570085391116e-07,-5.884932794041441e-07,-0.004663682208627047,0.05005011765807895,0.2045345104664837,-0.05715172710529527,-6.13628936009358e-08,1.0456338459785082e-07,-2.0054416669721123e-07,0.08018597854606582,-0.37021255553076826,6.379353410026908e-12,2.1697742858280106e-08,0.004094895336591687,0.025094922940506872,0.13800368370565264,0.007012294590565431,-3.096647300597281e-08,3.5935132947483707e-09,-1.1037844801498636e-08,1.0737136384282668e-07,-0.0015490415240935378,-0.052391137952520525,0.002666326860164189,-0.1002204547818968,0.08876557633224721,-0.0016047532348922612,-0.008246869281202655,0.10816446117698308,-0.0005873556303521762,-0.00035833041940141086,-0.00013301381773449014,0.2685878875611087,-0.005789085477430189,0.036501101269593356,-0.0025444109154822356,0.2962655450091486,0.06991408024452767,-0.13607225622502434,0.006195673385943518,-0.0002082933082660606,0.0011522689454625777,-0.024195543998707773,-0.0209394965847589,0.00010307394795490963,-5.905512017525515e-05,-0.04891772551721199,0.0036109521140959616,0.032362682159401454,-0.024816932243449306,0.008220321036811019,0.0027847152981485424,-0.03440385381128195,0.014692315193271036,0.022377842157777064,-2.2447580179242613e-17,0.052239111180252054,-0.12666170262590634,-0.005564223624705791,0.08196927588467746,0.05750466475013881,-0.0004435854375475897,0.0393440337385239,0.0029741923593592833,-0.04830787004085615,0.016961992723701507,0.03057317106190879,-0.13229168064795072,0.01621187907152606,-0.13876742479366092,-0.07413697397045317
54,5.894439051748829e-26,3.978246318164424e-25,-4.234608798870989e-25,3.620844370161513e-07,-3.496557384261224e-07,3.825383061533362e-07,0.02320645053556438,0.398954049849764,-6.801346840854983e-12,-0.021367188444512655,-0.38543790603358213,-4.261035520173356e-12,6.307528398123926e-08,6.339846539167149e-16,-0.00842880116521078,-0.4227836479254619,0.021265164006136386,-2.6318969995638733e-16,-5.309161951805899e-17,5.963764030444219e-09,-1.9313989471247915e-08,4.289157883871e-10,-0.008199193034059051,1.7885807080871478e-12,2.8956293570251654e-07,-3.431292828927657e-07,-0.008975260469808795,0.06099336914688953,0.22690120796890145,-0.12591032942904376,-1.6342166065299557e-07,1.2801797986098754e-06,-3.374788175038562e-08,-0.053759907776742596,0.24628224189815254,7.781310548771663e-12,-5.5313712824673106e-08,0.006929720369748821,0.055166392009501616,0.2712752544851043,-0.010366415898924881,-5.5690983541686454e-08,6.051280066489599e-09,-2.5522175049711508e-08,2.361265515264825e-07,-0.0027958044989571705,-0.09465475547507271,0.01126958952443048,-0.20555580502774679,0.043262513562115815,0.0004145983082652889,-0.02843811382187432,0.0059598878508917005,-0.00023562815016461014,-7.916686852890546e-05,-3.5970075396645954e-05,-0.004821647692509702,-0.0012997994281856813,-0.2363219275263034,0.0008722698922226368,-0.09220861007140872,-0.2466849597976256,-0.17764761999161388,0.006396768158755838,0.0007183500468942353,0.006423391575121135,-0.05280923321016342,-0.05490946470085537,0.002162399931136801,-0.0002031171785865265,0.07195419958311974,-0.005566471311430462,0.02065757452837916,-0.04706062445410074,0.0037441031815905503,0.007284545667134851,0.0310060639881996,0.06327627924543024,-0.004483093583728021,-4.4474528541093275e-15,0.08762463604572615,-0.015717320975311425,-0.058894374576367536,-0.007406452839531557,-0.01761474874915817,-0.0680250544604397,0.019336714739333075,0.003851123478283184,0.019087204203558625,-0.043310007828952106,0.01977734296620656,0.11012397481941397,0.048539152944118986,0.04114342877918379,-0.18772697160936977
55,6.912894056575404e-26,7.736358596185233e-26,9.565973656740466e-25,4.2464977929394677e-07,-6.775917651873374e-08,-4.6298281522289617e-07,0.02720990714332299,0.4679350334331027,1.5226789971413655e-12,-0.004223575797042961,-0.07632718722412783,9.467355871629273e-11,5.955569011798564e-09,3.803616959444945e-16,-0.00992418018920893,0.5121646500855015,-0.025742230252989315,-4.0392833024899363e-16,5.484889034554901e-16,7.133584654350843e-08,4.172089579727311e-08,6.500354113621895e-10,-0.0015491461008880186,2.112969772431671e-12,4.006216268723789e-07,-3.612796878525473e-07,0.010955430746601625,0.07115158304968933,0.27130335930310784,-0.1344974376917056,-1.0951471183287917e-07,1.2863866022772618e-06,-3.931011918285871e-09,-0.008100265774293248,0.04825150359161726,5.8960974053796745e-12,9.867687882965179e-08,0.006870736592874279,-0.07112845454034399,-0.3276026833475301,0.005826866011287663,-5.795745799460482e-08,6.465651021305869e-09,-2.4426637385346904e-08,2.2908481473007795e-07,-0.002917712014893585,-0.0989443671190763,-0.012476326342029402,-0.1738491772062838,0.09979484062987316,-0.0015452708243734834,0.016108761508942814,0.11271999738961876,-0.0004731391378696906,-0.0002660926572973399,7.193280039669749e-05,0.14613190657019348,-0.004530803907270785,-0.04323074050068846,0.0018789105340405031,-0.2145060787082288,0.16179334975177906,0.2349252799978574,-0.007050216633505,-0.005177348455567467,0.001081281079983844,-0.027848619958298456,-0.02248649934303176,-0.0023794827044106874,-4.9927025414462755e-05,0.011949919972488898,-0.0008018503636615873,0.028234553606595006,-0.0007295052514596823,0.01712320776472454,0.02797965442020692,0.016637441926773713,-0.056954828179091116,0.05568049113026884,6.002898829104327e-16,0.07175158778961344,-0.05046695940132791,0.04399126557773905,-0.06498111819096677,-0.012353827103104776,0.06177273989385129,0.027052181487000785,0.0009485056964100192,0.01326598685418809,0.059177437594222636,0.023203044669563928,0.15583162253630461,0.05152887020595568,-0.14450077090753655,0.0729157392318548
56,-1.1654455473698466e-28,1.471399853908603e-27,3.908760305366917e-28,-7.419424191280007e-10,-1.3050202512109754e-09,-4.945096833630324e-10,-0.01991303478177891,-0.022023197916795658,-1.18207697273821e-12,-0.03531469388396767,-0.03878377301147314,-2.2949596745034997e-12,-3.413669586680835e-09,-1.0011325361094178e-16,0.001119689483588219,0.014593236407980376,-0.013508590315631798,1.929475566601274e-17,-1.0726440964932884e-18,-2.340998469307278e-08,-1.76428070868803e-08,-1.8768511893792607e-10,-0.001989601036314123,-1.0736772206127784e-12,-3.3855765057643184e-07,2.6396389999961513e-07,0.0007697589461524616,-0.09542489264571943,-0.13733518619100213,0.061536172863863224,1.1153094408091858e-07,-5.368423133125109e-07,1.2403072265975897e-07,-0.16596737207312454,0.27464894466044276,2.9508425039962047e-12,1.6299567243124245e-08,-0.37823614010316076,-0.0530933820082164,-0.11285909439220362,-0.6700351620855481,-1.9537574493083606e-08,1.468338444413632e-09,-6.101694461481454e-09,6.027477652812063e-08,-0.0010044423555163023,-0.03455949969242822,-0.24298826051674996,-0.055783642398193715,0.05760391170868212,-0.001090676849107407,-0.009708051480160455,0.07012161421554186,-0.00034810800008453483,-0.00020151342936724752,-8.1858597074517e-05,0.1627148842254838,-0.003473019003833406,0.028107754552721815,-0.001594516750963676,0.18541726136244288,0.012994273856341996,-0.060712323724684714,0.0018111230454850554,0.0017533278212208997,-0.003916018059432379,0.04386918787467953,0.04274939491914977,-0.004010574185381246,-0.0006303939410235012,0.10103327296882783,-0.006836054235477051,0.0413921025048507,-0.011566739178498686,0.013363723273567238,-0.0018090990392173089,-0.03766320695295707,0.01802552036795414,0.023003027529855564,-8.854078939440705e-17,0.053532629746977034,-0.12512613084791732,-0.006012163232255046,0.1077700791933984,0.09981435070352748,0.05740706159074136,0.05776868943646832,0.0022194985562888556,-0.07933069021505695,0.013675264484034964,0.04084545413085706,-0.13038978750675861,0.01804624328666506,-0.14207212866321334,-0.07545078910325406
57,-1.4130602006233582e-28,-9.794158248301797e-28,1.0320396684882695e-27,-8.995334293556466e-10,8.671970047264701e-10,-9.51348533849663e-10,-0.02443131940506046,-0.026738559107261736,3.5277610954080504e-13,0.023008814383865005,0.025962634279160866,-3.791790848818793e-12,-7.32603878682664e-09,-1.4206250194526794e-16,0.001363019805813296,0.02867049738235129,-0.023366903770966656,3.642838279525976e-17,7.097461096525461e-17,-9.344447566047845e-09,-1.8088474317136988e-09,-1.7279718053668987e-10,0.0013266754094847144,-1.265032588287103e-12,-3.7044626674643486e-07,2.224373497725851e-07,0.0014529990505912729,-0.12683690462752442,-0.15671728810714133,0.09616656509979146,1.824847153735065e-07,-1.183046837896824e-06,4.8581349552070954e-08,0.12410396428209663,-0.17000616467556565,1.159301042272568e-11,1.4611440927258898e-07,-0.46159970295889563,-0.10173202958026319,-0.19041767706248386,0.4362961080208296,-5.613767650677205e-08,2.7751970144743562e-09,-2.0477589163760467e-08,1.7567854980919294e-07,-0.002773436945087009,-0.09334203854734482,-0.4858842585449064,-0.04154898535156467,-0.02592316001033861,-0.002682745922418039,-0.0013678852476792058,0.14695082193119088,-0.00028478962700999164,-6.653799140275014e-05,-3.8650272688767885e-05,-0.012193570956788224,-0.0015994734213309995,-0.21595175882776727,0.000519518668772935,-0.05334892543683992,-0.1616804049797994,-0.11375646060216746,0.0035743650318465743,0.0014629253257306316,-0.00011999612422202342,0.006704053593607125,0.005483828601429777,-0.0014717655600814373,-0.000299157731774303,-0.014964740324412525,0.00012568398331706178,0.04381776684244729,-0.017871773915142927,0.016714850326257996,0.03557034156971892,0.03543588705009551,0.07932470085050186,-0.0030744916058320342,-4.117856384040519e-15,0.08658856027124923,-0.017042286925402887,-0.06377556945280975,0.002508533522658857,-0.04860933585915162,0.03455161244553238,0.038769669027275445,0.003368069498159716,0.04617621911701446,-0.09414634211532631,0.031211777111955507,0.11318367279272949,0.05086999784535442,0.04005537201005964,-0.1918104484020158
58,-1.6572493895855054e-28,-1.888703262907341e-28,-2.368826081645086e-27,-1.0549899352331617e-09,1.6631228875430496e-10,1.1470121226288926e-09,-0.028502605933400274,-0.03137385411983967,-2.389388368144871e-13,0.0036749607523501727,0.005223010099624419,-1.1259427461200269e-11,-3.726416602332802e-09,-1.895020461477643e-16,0.0016047997433953816,-0.034615745076555474,0.03200196619098388,2.699486762526774e-17,-1.3559107165197069e-16,-2.0051721946339242e-08,-1.1294611356678913e-08,-2.2666875889057883e-10,0.0002549900730750929,-1.5094712643583622e-12,-4.362718537680773e-07,2.653792913624628e-07,-0.001782709028079838,-0.13953229805632444,-0.188633246142215,0.10755480533301638,1.8369313148802902e-07,-1.256988173302034e-06,6.472289374469383e-08,0.015985714877679854,-0.03400607988563684,1.468219538796361e-11,6.281176921693192e-08,-0.5377908299599815,0.1734423614795422,0.22963303199436033,0.09119485962420806,-5.930635674756044e-08,8.409716969156974e-09,-1.9039690482440623e-08,1.8108467730044357e-07,-0.0028797727929914378,-0.09555561423684336,0.5909816295472833,-0.11359125871118331,0.08144633033081185,-0.0007595963109917901,0.02184614307184122,0.05811579876002088,-0.00021731159894408599,-0.00012742446302356305,6.428523351266432e-05,0.07507577531421715,-0.002337869321482663,0.014715951186330746,0.001214951649500767,-0.14089107403119416,0.0911128269320281,0.11471504281968016,-0.0037756792612894164,0.000604058292895669,-0.006192364942862347,0.062282607350508015,0.06226547367187811,-0.005343842496020615,-0.0006728595766712372,-0.013528433063336964,-0.00022343578886202647,0.09210892288622882,-0.07381390754408888,0.021151587549067256,0.03412782534835946,0.017171661537073217,-0.0700860424525565,0.05392399703945331,4.842203106366757e-16,0.0721707332687886,-0.05247876522428911,0.04728071074181414,-0.09206099491602601,-0.016609566674350585,-0.033197379853217336,0.02301741670335678,0.008135319900048798,0.015375677094212706,0.10516530242961579,0.02332818937814183,0.15637021320146957,0.05297340532419962,-0.14822737445155043,0.07207385439859364
59,-8.5502833350476e-28,1.0799448929040322e-26,2.8662489893142265e-27,-5.446705981609575e-09,-9.579644287288136e-09,-3.630256321762569e-09,-0.018137847820693054,-0.33406089634295544,-2.704397235931931e-11,-0.03006774285029346,-0.5852613065393756,1.626675866614325e-10,1.7823534889832024e-07,7.92145214560283e-16,-0.0007825047358213044,0.2181646255709517,-0.010010165022129904,-3.189196471619375e-16,1.384687308886307e-16,5.03122118831153e-07,4.750119360305542e-07,1.2955750244696807e-09,0.0014093582875648943,1.354175167153335e-12,5.041287611172643e-07,-1.042832842688672e-06,-0.0005794907720344582,0.05052850528241567,0.18905176830347403,-0.02729499664301112,-2.0381865505714374e-08,-3.3418320747873284e-07,-2.3481592394502422e-07,0.08029267227588596,-0.3215193468917881,5.9405875807707755e-12,1.671565851171751e-08,0.056310210902092775,0.024560846253174187,0.12177467360379132,0.09973481913815473,-3.178516180686678e-08,3.85027503115356e-09,-1.1193443923391431e-08,1.0939950885409337e-07,-0.0015888396006279895,-0.053699644256551285,0.03600214039844048,-0.10222582355416238,0.09362475171041837,-0.0016691618818116913,-0.010654376010536312,0.11175069445871517,-0.0006016236005239339,-0.0003635346189106417,-0.00013813307569845366,0.2773671179453371,-0.005950818071945949,0.04059842802735541,-0.0026554317852349684,0.30908729236373195,0.06222686575599544,-0.1315487205088215,0.00536988948061453,-0.0014454032302621772,0.0022986405116941834,-0.033909132188670504,-0.030551556631814546,-0.0008368253414888723,-3.213934546217463e-05,-0.07047047255730325,0.005675096401678277,0.036990679098407274,-0.02972534797422374,0.008346119249431516,0.002195652779943624,-0.03459015236322902,0.014892542826167475,0.022280442082195852,-1.601407134924127e-16,0.05195295183596713,-0.1255766067888397,-0.0055498472296663225,0.08396830651735628,0.0607120310261141,-0.005890715914059868,0.040623037049696706,0.0037677339344906837,-0.05075794744825576,0.01701061969374648,0.0313262437589032,-0.1313435093746769,0.01626533272479462,-0.13821006852344528,-0.07370290402170997
60,-1.0366782048334162e-27,-7.188311864234551e-27,7.571914404399958e-27,-6.603523906175611e-09,6.36548711036075e-09,-6.983909865933038e-09,-0.022028161445646812,-0.4055609644417979,-5.627961278512249e-12,0.02026307891715704,0.3915477526513865,1.4293362029893936e-10,1.4737217379440118e-07,6.120036377912449e-16,-0.0009495303137406457,0.429374461316252,-0.020240646543328803,1.2032965349141767e-16,3.2811440771113563e-16,-1.4369318192376962e-07,-1.9056618082681298e-07,5.473161769018835e-10,-0.0008823023962214084,1.5580711575921554e-12,2.5899757871623754e-07,-7.025702102761219e-07,-0.0009809958366087982,0.06182998775219946,0.19845900250963663,-0.10943880051884049,-1.3117676854352806e-07,1.0034195730045068e-06,-4.080214037427349e-08,-0.05570782006630033,0.21452446613369547,1.1460318069094503e-11,-1.7091413566784133e-08,0.07038584715277944,0.053131305071643,0.23571354987353188,-0.06965223934883023,-6.697952105873065e-08,7.066434326796295e-09,-2.988977855722474e-08,2.726643470104376e-07,-0.003332070089773707,-0.11223645081848467,0.0784559889189354,-0.22259868243751468,0.03822051814856399,0.0006350200461889159,-0.03505604013061748,-0.0049341748267679965,-0.00021549141033365171,-6.302879400847862e-05,-4.10034669367977e-05,-0.017689798938690743,-0.001020264854141328,-0.24442915497441492,0.0007852729082333158,-0.08217016537847882,-0.24391206439537422,-0.17525387016215613,0.005582846701616412,-0.0011972800617984093,0.006651674054415912,-0.06275381657379818,-0.06257026109022532,0.002243483493968817,-0.00021952671634071006,0.08602506045622565,-0.006955105208755614,0.023075375768107653,-0.05511548629363477,0.003237155057392689,0.006568371339264532,0.031013238598435206,0.06357552468890926,-0.004163432623343063,-4.2206047947992656e-15,0.08665771276556011,-0.015766398170098613,-0.0585243177769543,-0.007021526150455696,-0.017976696413201772,-0.08234146584775319,0.01964053130095389,0.004925252664973408,0.019505776279853507,-0.04485539700879181,0.02004821323622577,0.1094383374473054,0.04827618327704673,0.04026748476148283,-0.18573072564877458
61,-1.2158137735410184e-27,-1.3854592935815812e-27,-1.7387960593682513e-26,-7.744662321774255e-09,1.2200611723562927e-09,8.41818670681996e-09,-0.025827468906356038,-0.4755733594682694,-1.6412314863300494e-11,0.004056025689311301,0.07700300617943963,7.74242824084324e-11,2.4538403367231727e-07,1.2277283762855668e-15,-0.001070911985335225,-0.5191440948782421,0.023910111791029087,1.7969958500329225e-16,-4.84270796172395e-16,1.6319891268814695e-08,-3.1076122678097334e-08,7.293751560800211e-10,-0.00020314536569268553,1.843702104529569e-12,3.7850704762888295e-07,1.6013515660326865e-07,0.0012532849723782562,0.07124824110008016,0.23752353761132175,-0.11761776943967509,-2.6390650676201495e-08,1.0645214371895932e-06,8.333348409854653e-08,-0.008417507978453236,0.04316855148229662,9.726284686472625e-12,1.2180329777571255e-07,0.08114420618162312,-0.07595908851380541,-0.2854618180478233,-0.0077608296371779635,-7.017534954342525e-08,7.298369420478681e-09,-2.6396750611315994e-08,2.477005945705772e-07,-0.00351365739997115,-0.11887600771158255,-0.09336820811868259,-0.17402310499393103,0.1076582561896813,-0.001718433001987335,0.023136703119472274,0.12151410105441442,-0.0004687075881994394,-0.0002631450527502116,8.247532545480564e-05,0.14580240850395843,-0.0045715715966127566,-0.030658747413668017,0.001980264355453682,-0.2269113236496707,0.165717702188139,0.2338822514901533,-0.007612891041397369,-0.006863724609335159,0.0022004411222892066,-0.041865197463297414,-0.03529263495093753,-0.0018908054595934947,-8.115756994850973e-05,0.01694881165585539,-0.0011968539666469447,0.027401612162100672,0.006793284843618501,0.018551672643943008,0.030399890618102658,0.016747255013953518,-0.05740585310969054,0.054952928571648754,5.038320990215398e-16,0.07137752315504878,-0.0502420589378145,0.04375207246127031,-0.06677174919125928,-0.013747907714059952,0.07852236110022413,0.027513842539881043,-0.00017564830751032716,0.014364668608306316,0.06115879875338388,0.023520730674414694,0.1550007832706668,0.05141615412830565,-0.14348163689483473,0.07163126831017005
62,2.147275940127953e-31,-2.7958923442726833e-30,-7.194521219961894e-31,1.419238138424315e-12,2.5003074274525093e-12,9.58793507110072e-13,0.36219223715734905,-0.020556839536461348,-4.885967694017382e-13,0.6420227035713538,-0.03466097373423142,8.601894627647984e-13,6.831051444633448e-10,-7.263841455029999e-16,3.345296746339237e-05,0.012235037421530023,0.25021104861680193,-6.387471082133693e-16,-3.7504822717183103e-16,5.520851658650824e-10,2.8207226315188536e-10,1.0145492123464148e-11,-2.1123129519435515e-05,-1.8934916222622292e-13,2.6042848965041165e-07,-5.066702489783135e-08,5.380967337692841e-07,0.1313285590834034,-0.02655005049022945,0.00868496079816833,6.103480015239685e-09,-6.963026567920154e-08,-5.101049517988321e-09,0.24120595867155617,0.0459285293699982,-1.0958785671576227e-12,5.584832125354406e-09,0.032210718643192075,0.11025145381382705,-0.019673793354744062,0.0419466809387433,7.94148994035702e-09,-9.595622786103574e-10,3.5193960517824717e-09,-3.454849486168728e-08,0.00040511597757849504,0.01384683294386374,0.013426086185651328,0.040713967863070334,-0.03042845834198972,0.00049426558113513,0.002802030595181844,-0.03618447399406857,0.0002319465655968555,0.00014931381710601898,4.9609568152384384e-05,-0.102356921503661,0.0022321860542537713,-0.0031877038629215823,0.000866596015596989,-0.10152045139322209,-0.061940713358049224,0.06932872617283521,-0.004817287115340251,0.0038781381829636956,-0.009882522414040853,0.1251876940276137,0.11863166763637072,-0.008840500651480199,-0.0012904500232356582,0.2842143301176304,-0.019589310263486568,0.04849268103240208,0.007273719151573474,0.018897835077623295,-0.00807811815885698,-0.04284967781493842,0.023622915641152667,0.023216924251081676,-3.548940757562834e-16,0.05480931838841121,-0.12668502865338457,-0.007602477547035687,0.14133161195152785,0.15021934098140527,0.1283627155098838,0.07909088246251807,0.0009696740969433993,-0.1164351869792424,0.007762829092878646,0.05260455005628151,-0.13688722886800384,0.01918000472081796,-0.14707869459577474,-0.08051035646106386
63,2.604718810784688e-31,1.855653715684207e-30,-1.9203875830530377e-30,1.721527946253937e-12,-1.6550993640130407e-12,1.8277613783544967e-12,0.4475083744275624,-0.025484027769887972,3.0655503093052776e-13,-0.42720129149028346,0.02314488944156933,1.4466029166023418e-12,1.0466618767779155e-09,-4.561982077102996e-16,3.755491340642582e-05,0.021814941277571817,0.4471638010624648,-2.3896221501365576e-16,-1.598045013685428e-15,1.0497591453600609e-09,6.08032789850043e-10,1.584718770774246e-11,-1.6160524205124211e-06,-3.168472616574482e-13,4.1114759667938415e-07,-7.53394167571316e-08,-1.5629675468076375e-05,0.20957899278713846,-0.044639489718037564,0.012421520733507775,-1.1565798818733445e-09,-3.814077242440361e-08,9.275849730588267e-09,-0.2060529501118774,-0.04388769795618022,-1.942208085359387e-12,1.4587118351450578e-08,0.03512766521132537,0.20128177484351925,-0.04058457996194272,-0.02896052557771128,1.748668355711088e-08,-1.9514892972122876e-09,1.0101930730991269e-08,-9.649899916852097e-08,0.0008942316053115836,0.030600913192922727,0.04127792046589612,0.18433284741168757,-0.05536382426709193,-0.004139671106748238,0.04342882860284798,0.19612259343479874,-0.0001448379049811993,-2.6848119952506435e-05,6.468567310015302e-07,0.012331652616504006,-0.0011753514976161428,-0.008164295102780907,-8.631841102877084e-05,0.009131573069969192,0.047209532907935586,0.03480336725194906,-0.0019853641914263235,0.0020298139451441965,-0.009261447265440856,0.08888763655117692,0.08913831978590893,-0.0062909288323553005,-0.00040290720048434097,-0.12779578465368285,0.0076208780996260715,0.07130472493816495,0.02088121388382591,0.03255690744481862,0.06996500813646668,0.04062427949026202,0.09913904166773377,-0.0022710818837195536,-4.138270369382491e-15,0.0860374818285001,-0.018250379113909806,-0.07061269468780841,0.015156730310664912,-0.08551207637521842,0.16519585824374597,0.06204532185385543,0.002523462565660411,0.07836512261172152,-0.15529911925594356,0.044738283422861645,0.11627669814490833,0.05361202612155954,0.041028481228802774,-0.20014388381908807
64,3.054714660223741e-31,3.5350320319243787e-31,4.5359960749402184e-30,2.018956517087228e-12,-3.125382233764164e-13,-2.1819758251842593e-12,0.5190417688673447,-0.0295007603811076,3.6941956941307593e-14,-0.06838468293986845,0.0035787055324668577,-1.855280158334825e-12,-1.4986813335192415e-09,4.922900405237793e-16,-2.8220314429041605e-05,-0.02825401732262389,-0.5768373895953459,1.0681055277161555e-16,1.6047429122788564e-15,7.433353734080639e-10,4.068527553617228e-10,1.3413231115423994e-11,6.139728766142029e-06,-2.77330378447561e-13,3.681218180653664e-07,-6.890194926194713e-08,-2.6222915612976287e-05,0.18697063454673785,-0.03902634273071271,0.011378082911699373,2.724917484471935e-09,-5.288235655653455e-08,3.919829983892571e-09,0.0010400325894933447,0.0019130828751253916,-2.1277272658192043e-12,-3.601406436830478e-08,0.027142950909320188,-0.2279415768305771,0.04365386944346508,-0.00845199566536289,1.6245113275187277e-08,-2.0502502095390664e-09,7.584409074469907e-09,-7.26061076887538e-08,0.0008194198461924757,0.027809849853903154,-0.03197536046752401,0.08059515644089393,-0.040318707396146,2.2754833004524906e-05,0.0018044193267512604,-0.01619601225188781,0.00019170829819253557,0.00012257487244918115,-1.357595843941218e-05,-0.06715811664813609,0.0018016755332948384,0.029700994625199276,-0.0006302912845608133,0.07046535342964276,-0.07227358571219167,-0.11230289231000376,0.0025184980999103405,0.008293300562292116,-0.014309378030858048,0.16649522557628077,0.15938406457402918,-0.008374427768331527,-0.0013984051855582447,-0.04478576428891874,0.000511542305892054,0.1661973755121597,-0.1627424190423272,0.02494600355344209,0.04027893164857856,0.01896377944655473,-0.08774832193008662,0.053626221169088724,4.264552140442785e-16,0.07353925567212312,-0.05337190999044148,0.053027783408067554,-0.12761246217518965,-0.023271854088617747,-0.15430519431415077,0.016454287403767958,0.01675600693452125,0.019115388618930834,0.16079240914829254,0.02242693854890625,0.16512194994136373,0.0556277346333476,-0.1543142257737672,0.07687406475400473
65,-1.2077580990534914e-33,1.623372066185913e-32,3.9051786694778235e-33,-8.290655038963248e-15,-1.4637939481313437e-14,-5.743368024861541e-15,-0.06045999471639955,0.0035588312894046536,8.851084897354747e-14,-0.10744667339300777,0.006027250392624515,-1.6007164879150388e-13,-1.0811659527354619e-10,9.635152005762168e-17,-8.198687948096208e-06,-0.0020900351734380934,-0.041151862074969535,1.0108074323344334e-16,4.2208610798671836e-17,-4.919419804356429e-10,-2.621823283596353e-10,-1.0498736084721483e-11,9.607312103618018e-06,7.258838941706088e-13,-6.155360432158727e-07,9.531619018422986e-08,1.390945085425901e-05,-0.32194427431336375,0.09814287158503703,-0.038704488408085366,-5.2405422171495056e-08,3.6789355007177557e-07,-1.1252381393885752e-08,-0.5970742997651307,-0.1806476432705049,-1.3858248847957735e-12,-3.434075435701767e-08,0.08912767972924554,-0.2805612337908686,0.07820122168405338,0.1912957352684144,1.1559655404918876e-08,-1.1949459945648399e-09,4.7814168082203816e-09,-4.6920020023009146e-08,0.0005932234419320312,0.02035941986433144,0.07050849146452644,0.05373937698899283,-0.04180402776423681,0.000672423104775079,0.004963647444083792,-0.04847615186239422,0.0003032252218275756,0.000192245913280919,6.616321555908913e-05,-0.13532115172899994,0.002935125454502745,-0.007260751159728747,0.0011765949964796397,-0.1376599175889898,-0.07021465921548582,0.08490796724809047,-0.005589684855318797,0.004102046939082573,-0.010533417328702978,0.13408756835110242,0.12693171139186468,-0.009365961801737916,-0.0013616116440467653,0.3043302741162686,-0.020989654627058516,0.049119427524508485,0.009464675644364278,0.01947649022567093,-0.008777691121495552,-0.04339069086461557,0.024232082759284998,0.02320013445973469,-1.4368030228096386e-16,0.05485260667428752,-0.12672985711275486,-0.007776570044527343,0.14491614386211865,0.1556119684096463,0.1361947733519767,0.08133825705557177,0.0008184490645641833,-0.12039814867681516,0.007045728487514116,0.05382572519269322,-0.1375764789640873,0.019252113292494728,-0.14744763216174028,-0.08098116122422698
66,-1.4654877519269237e-33,-1.0724733284351536e-32,1.0722625934175643e-32,-1.0059619853002467e-14,9.631224664360345e-15,-1.0787593192832138e-14,-0.07418470678585061,0.004375420355380679,-5.202568111765783e-14,0.06985069492572546,-0.0039225631586457,-2.4999566412401637e-13,-1.471915414533653e-10,6.896385898601107e-17,-8.225926333878189e-06,-0.0035872765615570994,-0.07085228387197273,3.1235652109450105e-17,2.3987438562842286e-16,-7.49424270847219e-10,-4.2580344904609106e-10,-1.4352334106128068e-11,1.1382378065878194e-06,9.661754526328127e-13,-8.207158859795446e-07,1.250937760557873e-07,2.9302836413012467e-05,-0.43037398573488406,0.1310580365423177,-0.04890330442764109,-4.950046626941763e-08,3.8235849594047443e-07,-3.515139151909722e-08,0.3876654661947649,0.12299898240696293,-5.131291653663567e-12,-8.739482167611247e-08,0.13899060892034965,-0.33840903145566387,0.11040676043874592,-0.14718025375556867,3.538268562378454e-08,-3.1809252232923314e-09,1.8255155717606085e-08,-1.7083875605665663e-07,0.0017904459083603907,0.060980195879440015,0.17284814921854022,0.2943170656574583,-0.0822032769717766,-0.006600366383849735,0.07129389312690433,0.313878356853569,-0.0002523720051420514,-5.993759073347236e-05,2.933102912652232e-06,0.030355168345895623,-0.002112578644319605,-0.01597327790483479,-2.9595042467810458e-05,0.0025753581862843315,0.0624694639999815,0.04776022611377845,-0.00242631103532123,0.0019334560770588023,-0.009752390436524776,0.09267983597041514,0.09318007716381013,-0.006585682208627196,-0.0003998643366659751,-0.13597191585426655,0.008179940246575873,0.07250405939657241,0.02461155225886825,0.033690649802377334,0.0724756724085957,0.040998688612215534,0.10069208478640862,-0.0021499642019255504,-3.966388922170977e-15,0.08601849759855375,-0.018411694285502538,-0.07110686067866316,0.01632339449312699,-0.08826963865201298,0.17594542084134826,0.06382816625835012,0.002372702961286716,0.0807812121194142,-0.16027464392452534,0.04575822642503323,0.11649208737405949,0.053824255656988895,0.04096283024802751,-0.20067179798829354
67,-1.718587184038793e-33,-2.007610835705046e-33,-2.6733769387085027e-32,-1.179704546538541e-14,1.7779264403248588e-15,1.2590740726165982e-14,-0.08650646962061462,0.005097172833582228,-4.388498457716473e-15,0.01079043581006689,-0.0005880441898644405,3.341881231283779e-13,2.552902286477061e-10,-6.563837360045971e-17,1.3004892682405657e-06,0.00502377296038217,0.09814459923250715,6.3395754367024105e-18,-2.805312245935947e-16,-7.308299795706349e-10,-4.0475291246736035e-10,-1.5080172506528197e-11,6.684555675214919e-07,1.0677053984381603e-12,-8.990604776734257e-07,1.3722002194168317e-07,3.573390303820704e-05,-0.4713503455356089,0.14458800973800642,-0.05516487139691557,-6.385606868390931e-08,4.65363562180215e-07,-3.2628771922838006e-08,5.958514950499674e-05,0.0018435228836102572,-4.394949727084865e-12,4.432620555598935e-08,0.17481021783367967,0.5504566567976814,-0.16093667994988095,-0.016389968706494513,2.2832453325712317e-08,-3.2931654686444937e-09,9.077219021058938e-09,-8.735296531135315e-08,0.0011309067344359306,0.03795613554206055,-0.17690431681457863,0.06861143033593693,-0.04579684108351801,0.0010839080870006903,-0.010868048612284707,-0.0723311592021313,0.00029014254869112044,0.00016704964448551108,-2.304001493463954e-05,-0.089881310379139,0.002696730457352295,0.0434116932843507,-0.0009134436322814022,0.10267680537419616,-0.08860928113566756,-0.13776313387380396,0.003200559940689254,0.009205573582168574,-0.015358760603733042,0.17957742781708813,0.1716477613742034,-0.00876636723554515,-0.0014807923529603154,-0.04981415620736211,0.0006960759421042188,0.1747142296357869,-0.1721911807001425,0.025506442141443587,0.0413024091689606,0.019223444840747544,-0.08935906337209258,0.05350932713504086,3.935422208630926e-16,0.07358139815018896,-0.05333586874128687,0.05349578794779771,-0.1313258584351015,-0.02446959298239712,-0.16643812630953986,0.01591268832689807,0.01770518753382006,0.019920996552908195,0.16609463399159383,0.02241801370784202,0.16600244404155026,0.055876201547679534,-0.15464960511750658,0.0771785234744456
68,-3.753191167292334e-33,5.046690477131626e-32,1.2118083342027926e-32,-2.577586020775693e-14,-4.551073273787839e-14,-1.78674218826796e-14,-0.2842611631604729,0.017068144958939366,4.3922494881564786e-13,-0.5029094587173977,0.028785980139077925,-2.781139301682867e-13,-2.157146399199117e-10,5.061132221172748e-16,-0.00012961392379702547,-0.010244922841827054,-0.19682347335710565,3.287603412232003e-16,2.5248601130588716e-16,2.999787402348237e-09,2.13719285180106e-09,3.082477834502218e-11,0.0001982500959331378,-3.174568525516115e-13,4.861474881729785e-07,-1.0521608970510726e-07,-8.89320282663022e-05,0.24184558059957284,-0.044638870246479764,0.01500924214130689,1.1360904788438905e-08,-1.319123902253097e-07,-1.3327280900278906e-08,0.4463531357585308,0.07720632872638629,-1.2662488785754914e-12,1.3491028614208098e-08,0.04689064766929251,0.20422579435767907,-0.03367288902840746,0.05684077072562454,8.812084519559624e-09,-1.049778618485803e-09,3.825651920903793e-09,-3.7590010093913135e-08,0.00044945866487748745,0.015362897783943185,0.018187977126666813,0.04389584540739362,-0.03335835068925861,0.0005447161342650803,0.0031852637947615272,-0.03960234218381114,0.00025108770027430777,0.0001610192296765746,5.40035782734576e-05,-0.11120440566930916,0.0024211764274979374,-0.004383651963043235,0.0009499121146887555,-0.11122762619609941,-0.06464009744229525,0.07379191362859036,-0.005046573140149518,0.0039506162558483205,-0.010085140754872636,0.12797750872053815,0.12123100277309622,-0.009008530698978274,-0.0013137169991566493,0.2909096291765483,-0.020053502546637687,0.04868307319192478,0.00798418180443103,0.01908234185578037,-0.008351812877851736,-0.04309182212638301,0.023840483793966295,0.0232254501245075,-2.3712244977330124e-16,0.05485064909401373,-0.12683128753071857,-0.007663375241992092,0.14267625532554865,0.15215733402806395,0.1309180765909334,0.07987371848884939,0.0009196728394460021,-0.11787448908444238,0.007562199733907778,0.05303610807747188,-0.13734374797314142,0.01919845370887449,-0.14734211427541447,-0.08073093286359076
69,-4.558826388587945e-33,-3.3392687496914445e-32,3.339898345617272e-32,-3.1309355106378137e-14,2.999060055051285e-14,-3.3627701967027073e-14,-0.3614855426343524,0.021775384795274473,-2.605482152861979e-13,0.3512695591059909,-0.020220623477634925,-6.139694388702347e-13,-2.87599257304145e-10,4.3093002279540995e-16,-0.00016618611466125559,-0.019796986795066616,-0.3778013180133564,2.8193730524726056e-16,1.300137766141535e-15,1.8007536737674928e-09,6.55237848148705e-10,3.348060891655004e-11,-0.00013765819802461494,-4.831537536994414e-13,6.733016190333407e-07,-1.2891075732713286e-07,-0.0001775626657807462,0.34154257089555445,-0.06845316542854038,0.018035499971279047,-3.479191327666664e-09,-4.3187654144582256e-08,1.4912713421978577e-08,-0.3315395333868701,-0.06544336824085498,-1.965536763904619e-12,2.5610772073246155e-08,0.04260074689107825,0.314458681917565,-0.057443785451313366,-0.03192012696146892,1.67840276665967e-08,-1.800787310050775e-09,9.306088979620033e-09,-8.823860271695408e-08,0.0008556127297705315,0.02923197121472215,0.04386736146965597,0.1511576504538265,-0.04416745393735698,-0.0030106675786856856,0.03381354850662411,0.1399411236372595,-7.433179111141857e-05,-5.703684110010227e-06,3.6545953466797706e-06,0.0057011743263787685,-0.0006466662679145501,0.0175849780281217,-0.00017572956597602615,0.01868876970141459,0.06023860280320713,0.04285363892198817,-0.0023051311998799175,0.0021353768574788414,-0.009895357699756161,0.09491873425735746,0.09517973142517726,-0.006601638323594751,-0.00041439723254615583,-0.13446375564033816,0.008055954099380891,0.07331833318131242,0.022625293000864598,0.03347183677456208,0.07193696353538952,0.040926306532324985,0.10019410474028217,-0.002281128638722283,-4.0539090699018024e-15,0.08594849069582118,-0.018221193045883256,-0.07099931612595167,0.01570750894298262,-0.08762526401759699,0.17202242187220615,0.06329695576895802,0.0025225564176246137,0.08019604334806497,-0.15849776151507924,0.045468170477941716,0.11645476343808175,0.05373634375666291,0.04123392176955236,-0.20062184273459882
70,-5.340641208602282e-33,-6.239219789976361e-33,-8.31400735722548e-32,-3.667742147016528e-14,5.525275455957899e-15,3.912973435953936e-14,-0.40742091780042017,0.024488478773602506,-1.0967884378309042e-14,0.05428179740054261,-0.003065619587387233,2.3906220273248405e-12,1.6285938056165392e-09,-1.7364986160506198e-16,-0.0001258010960605382,0.02346845880546747,0.4497855555382764,2.2809694001180527e-17,-1.1404337414904785e-15,3.018874045889243e-09,1.694508261641177e-09,4.0652715795406776e-11,-3.060170659952119e-05,-4.862155815054193e-13,7.141826627108083e-07,-1.40734319625717e-07,0.00015508368168178164,0.3597127387751811,-0.0689447566107616,0.019065863513740205,4.438512712135316e-09,-7.886514745107645e-08,8.19947648254507e-09,-0.008407276884099526,0.0029111200691327305,-2.7657636339458442e-12,-5.84221628751897e-08,0.033736149481059845,-0.41234251252395787,0.07187109052191541,-0.014144310312730895,1.9968918717967866e-08,-2.4924763809480342e-09,9.185734377548629e-09,-8.781635025769377e-08,0.001004853981608682,0.034060773526425184,-0.040752673566631065,0.10230934017015064,-0.04884023677278106,-0.0003781714669913386,0.005286362035244526,0.0022195759787097874,0.00018241339492813355,0.00012416298343405683,-1.670275716240762e-05,-0.06937106219758389,0.0017598097315046763,0.023859951952737244,-0.0006686655717376803,0.0750063247744965,-0.07977237379860302,-0.12109674011374469,0.0027782701029263742,0.008535348512864863,-0.014495346669653493,0.169153721223477,0.16180821059193587,-0.008436548389856312,-0.0014216281215934103,-0.04512486659698872,0.0004883547008268333,0.1685417008515766,-0.16609799970181707,0.02497108961971616,0.040273888964333544,0.019014517033041262,-0.08858428225728128,0.05366488368448492,3.624300110816534e-16,0.07363059918800396,-0.05341393893038299,0.05333864891860035,-0.12905765789719803,-0.023309460650921245,-0.1594397868110219,0.016056822702766618,0.017059406078869698,0.019072441237459367,0.16322954140979193,0.022302990769740415,0.16558179361345543,0.055740059284622605,-0.15466040426400002,0.0772437736889875
71,3.0648957651477204e-30,-3.9900402754470436e-29,-1.0268270080912378e-29,2.025439198076972e-11,3.5680906032336583e-11,1.368032104766873e-11,0.0018953542571169427,0.036162708441480965,3.993560008862742e-12,0.003136608901170637,0.06346692744333907,-3.781571547712409e-11,-3.00516063358047e-08,-4.2416041458802587e-16,0.03307520457958754,-0.023673923572481995,0.0010468169162075633,2.6165661235720173e-17,-5.167285561987657e-17,-1.0552649621961931e-07,-9.207287084586617e-08,-5.647894216796152e-10,-0.058301955033450474,-2.2426576794190447e-12,-4.514886514356331e-07,5.822300926399488e-07,0.022109960102004056,-0.061099345507724195,-0.2916744936553938,0.11775820711361809,2.0755975385109655e-07,-9.354886865966534e-07,2.533929073712877e-07,-0.10054462763289995,0.5640885627557106,-7.245969159810311e-13,5.985327732182274e-09,0.2398627743929935,-0.040488676026787525,-0.2051032924110933,0.42444655046721996,-2.1181697421495043e-08,3.273733553993339e-09,-8.025677493586578e-09,7.974952932332388e-08,-0.001065451474327525,-0.03604840666716798,0.15014281664513693,-0.07557247682449726,0.07626159421847187,-0.00129473220019302,-0.0140128217386195,0.08482498133658142,-0.0004414747058667578,-0.00025657774687045656,-0.00010552015304805481,0.20946297641491504,-0.004426801063462969,0.04000867398116159,-0.0020822259103543445,0.24194920216498172,0.01738042414220728,-0.0706195231250101,2.1296427173162346e-05,-0.007419267047240521,0.007576330811164835,-0.0771588247554717,-0.07363704906145685,-0.00531532696660457,9.882141960859335e-05,-0.16655225986572034,0.014977590668357977,0.056619806961259005,-0.05102047268411777,0.00866498320747614,-0.0003400579173888882,-0.03462428803762361,0.015208454184004643,0.02182079744319659,-2.2458805305243286e-16,0.05050826842885113,-0.11991168627055192,-0.0052601506920978034,0.09002909095490401,0.07256918741970322,-0.030522256217250143,0.04513099526012118,0.007281274616632218,-0.0596601278532577,0.017076365123412145,0.03387136233163802,-0.12495423604162602,0.01649464220806561,-0.13461935305897055,-0.07079922364719897
72,3.717780092582638e-30,2.648288543291241e-29,-2.7417031942164755e-29,2.4568169100479767e-11,-2.3620046565526133e-11,2.6086590847509374e-11,0.002302170992244312,0.043914915261842505,1.818261164062273e-12,-0.0021242972756867922,-0.04248961527366743,-3.553560071830118e-11,-2.6421133473187744e-08,-4.48315206162226e-16,0.040262063015370095,-0.04677317258075469,0.002145320842165046,-1.4641121894322484e-18,-5.100359253563335e-17,-9.541555842214062e-09,1.3168082453301438e-08,-3.866197786474061e-10,0.03903915574148276,-2.677253053174366e-12,-3.765436659257625e-07,4.0807288528765716e-07,0.0428527087584524,-0.07452864855614343,-0.33638030214399633,0.1940942524511341,3.451063078883958e-07,-2.259228624271432e-06,1.0082649412110737e-07,0.06315040854742174,-0.37225587600242727,1.7985942321399645e-11,2.549076863518172e-07,0.2895068126378888,-0.08548550287055028,-0.41907591880967415,-0.266776886843659,-7.631404952351271e-08,7.657446738461308e-09,-3.2820523490792486e-08,2.8866178185285153e-07,-0.003715716775361242,-0.1235984172269458,0.3040689543303553,-0.1972301505508929,0.011573320825108348,0.001025933617393377,-0.04196257015874709,-0.032922904236046074,-8.740018926259301e-05,3.823554650727693e-06,-3.955160124564305e-05,-0.04736273962921192,8.761463442555874e-05,-0.18219559980534436,0.00028079940656383493,-0.027022942882991275,-0.14927164792182487,-0.10533423041613567,-3.132061459103195e-05,-0.010605518535336885,0.0068035313649264005,-0.10256653206269938,-0.0911461484526869,0.0022784524547683283,-0.00027505194933702827,0.1445293734914658,-0.012862508576301019,0.03336716099219932,-0.0890252817506443,0.0009891012691984186,0.0033216780746881808,0.030358494922167363,0.06273326911583764,-0.002542191343053919,-3.8671810252662316e-15,0.08165149665144258,-0.01600923287508071,-0.055442675535648606,-0.005669941423414533,-0.0187971190521938,-0.14247658655134612,0.020526885506476116,0.00964698209129293,0.020570150665350128,-0.049334543470304845,0.02076291680992969,0.10526768690110062,0.046521851573515204,0.03501863842002998,-0.1735916850259084
73,4.3600355956105016e-30,5.043742311387089e-30,6.473035171804406e-29,2.881257629776901e-11,-4.45920973122235e-12,-3.1140548374867663e-11,0.0026990702231211726,0.05148979852650875,3.212369943642999e-12,-0.00043036973395836056,-0.008330976941218987,-3.300909399872664e-11,-3.937213847173215e-08,-5.539317309345532e-16,0.04715504632896972,0.0564397844207794,-0.0024696391047341337,-7.567253051532025e-18,4.377583993540789e-18,-3.930191820247129e-08,-1.541409129658353e-08,-5.06040765431198e-10,0.00747698442287825,-3.1505672581779567e-12,-4.880955976457785e-07,4.083839113859556e-07,-0.052166248563421155,-0.08695902928387829,-0.39859615143037463,0.2154804880925854,3.294951776067669e-07,-2.4138665962008504e-06,9.947586211727134e-08,0.007447243443498664,-0.06936059204824442,2.109539520043622e-11,2.9664345116558372e-08,0.34058175995300183,0.06873241595582232,0.5036555891161328,-0.06523426633453096,-8.363984401500211e-08,7.184471888226918e-09,-2.2688823700820048e-08,2.1477953138002563e-07,-0.004139404509014785,-0.13939112407037627,-0.366093582626985,-0.11686540504838219,0.09477877143652755,-0.0016305400074203779,0.03521192243428707,0.10567129862183902,-0.0002991587803221845,-0.0001649408852192241,8.343072302796028e-05,0.09536813032111735,-0.003148476427139484,0.014659901371997746,0.001568748938683298,-0.18206064974703529,0.12061422256734294,0.15264708814110672,-0.00804326272026029,-0.013812185317505362,0.0076328608915405645,-0.10661935029510787,-0.09522472888673017,0.0007751999414053165,-0.0002305461450495263,0.04052263347040082,-0.0030786008641557165,0.02203488368440659,0.0404931144132443,0.02418931399529036,0.03994605345539342,0.01691289479642762,-0.05728913369663565,0.0512333571637131,3.7995917118282585e-16,0.06935511226379842,-0.048956085189290316,0.04144575033588149,-0.07202138992787864,-0.019199250936073685,0.1503273324066903,0.028943804753696685,-0.0053711028336048,0.01855498948078093,0.06729626986098915,0.024472253947142968,0.1489914715878308,0.050340817620966864,-0.13692647775945752,0.06370640318550364
74,-4.0929614824375404e-33,5.501428652336092e-32,1.3230494158249788e-32,-2.8097474565521807e-14,-4.9606866206938573e-14,-1.9463419508264476e-14,-9.60584928761937e-05,-0.0019283198724820714,-4.685129824816043e-13,-0.0001573728515227222,-0.003379631910668039,-8.972076140228526e-12,-1.5079333955187627e-07,2.8734552327009636e-16,-0.3447988184854121,0.0012297283643494976,-1.9703585812597603e-05,1.0809470654530893e-16,-4.5779670387833066e-17,-4.387727438237151e-07,-4.215557251601953e-07,-6.86918256310416e-11,0.6046756312069707,7.092064566284938e-14,-1.0846857431449425e-09,3.2927145353830433e-07,-0.22753688490547547,0.0010536227088640058,0.00843544250571725,-0.006537404212614912,-1.464636986104218e-08,8.983441740562472e-08,-3.295021967372421e-09,0.001895653092392354,-0.018678898573972133,-1.2510002159282621e-12,-5.2834820146394556e-09,-0.02775015279785516,0.0016942102009128582,0.005926239615113139,-0.048156147717740974,1.2409669694633453e-08,-1.6517768706235293e-09,5.6241475888077636e-09,-5.527129519105696e-08,0.0006309910816483473,0.021512690682192435,-0.016251869359591418,0.06407696375614745,-0.04895700740799168,0.0009092766276618504,0.0041523981778123645,-0.06445944320636163,0.0003929548179761909,0.000251668114922462,8.339392552998034e-05,-0.17023940364015172,0.003752783752436568,0.002557961777060821,0.001385131814095894,-0.16283039478661232,-0.10075097302522172,0.13584071507037435,-0.015015371003689335,-0.02228208964219929,0.020498582592279196,-0.18123016062683914,-0.1777113270715761,-0.01663957415525177,0.00043301891600769636,-0.4065724126242671,0.0382002852729607,0.1061752953977004,-0.10617421575121835,0.009445286723389604,-0.007175071831015556,-0.03908189695713969,0.0189465844834114,0.022344403455397427,-1.6348996506416235e-16,0.052126997105039215,-0.12212434892308753,-0.006268394635642335,0.11430915048910754,0.10609039639123187,-0.09523154356306289,0.058808468873025724,0.016307650290810348,-0.08541810489618278,0.01738052254902604,0.04232667628046243,-0.130664636725673,0.017726751743194463,-0.14038185939304834,-0.07499418248176677
75,-4.966478313442711e-33,-3.6345085061078446e-32,3.634870292019906e-32,-3.409329726863343e-14,3.263954166257902e-14,-3.6568748548174376e-14,-0.00011675590782329969,-0.0023436160998492844,-4.016373569269686e-13,0.00010867858774062915,0.002268152625660089,-1.2348857255284232e-11,-1.846631942255626e-07,4.577157570783417e-16,-0.42013868126924947,0.0024823975379648787,-7.244410720056743e-05,1.160050163053308e-16,6.095551312025651e-17,2.9137817351666664e-07,2.814947086408247e-07,2.6872596678823653e-11,-0.40566413263021656,8.924278440313113e-14,7.805278298480931e-09,6.06385796960479e-07,-0.4424297319545168,0.0012786486031287425,0.010936064040649266,-0.006949088785408881,-1.7696233185869254e-08,1.0155566767353722e-07,-4.518035607248677e-09,-0.0008039127634784678,0.012151943906793644,-3.6244585141323113e-12,-2.3333452137978947e-08,-0.033888146402248596,0.0031426566187360027,0.013421632625243159,0.03114463007847707,2.4354133363891975e-08,-2.798282814615481e-09,1.2241247811760217e-08,-1.1390442814073279e-07,0.0012233428152732561,0.04142230006922677,-0.03449627594471966,0.11579177346867815,-0.03208900804344773,3.349444200112663e-05,0.013187866127403386,-0.02143603153496402,0.00024459781328830193,0.00012195736087563878,2.022640606883951e-05,-0.03893615851547139,0.001771694162132828,0.1649206709926999,-0.0009357205849264652,0.100234552513768,0.20654866840004066,0.14985376053254731,-0.01610174453570406,-0.03414161723495115,0.006230616445983657,-0.19343238621496162,-0.15387715095929183,0.0020835338698019703,-0.00039915952144041255,0.28811885545243915,-0.027381227101630306,0.05963293705459718,-0.1772146698449253,-0.005029807855812383,-0.005421193949585597,0.031990751219629736,0.07050458175088377,-0.0016871003086601287,-3.810511133638403e-15,0.0794187352861716,-0.01657010967389756,-0.057543793807026816,-0.0007170971476172778,-0.02147002114295634,-0.30010341904079363,0.023554316861567958,0.021834416181694145,0.0240825437097782,-0.06673187965023589,0.023652599504129526,0.10433327618523436,0.04682461100626554,0.03416265972471243,-0.1733401536909305
76,-5.824106686149936e-33,-6.801365177736144e-33,-9.059897334884279e-32,-3.998082514620535e-14,6.0231900790465905e-15,4.2666390898865245e-14,-0.00013682400427884214,-0.0027464895740769097,-5.297544326616426e-13,2.3186508981522566e-05,0.0004445715729260127,-1.4645881203296295e-11,-2.1558726017455928e-07,5.734043484318778e-16,-0.49175950011031183,-0.0030310030167614316,0.00016725707247801225,9.790769549221984e-17,8.570839873956678e-17,5.231424187745694e-08,5.153074414718877e-08,-1.5251578320169877e-11,-0.07761136009777034,1.0372224400168426e-13,1.2574985891449512e-08,-7.570500099538e-07,0.5373825914655247,0.001599766817648093,0.012873216567816198,-0.007667209072263109,-2.34289078672552e-08,1.0701961370941651e-07,-1.3002858252790033e-08,7.618490580552916e-05,0.001988203301870992,-3.821094387270643e-12,-1.7254306117970343e-08,-0.03958661539691348,0.0009751816481732592,-0.015903257873911017,0.0064287470783535175,2.634195443644707e-08,-2.932193543656862e-09,1.137205891643008e-08,-1.0881254878642791e-07,0.001331466881007658,0.04528446444392844,0.041102061944410566,0.10567760079119828,-0.05825720639339092,0.0009025405072485549,-0.00510845153176266,-0.06995721685869903,0.0003789724151275505,0.00022690694594060801,-1.878565582038417e-05,-0.11915874920684966,0.0034513615605913637,0.07648378677551523,-0.0011900808456490701,0.13225462896543713,-0.0909960997112025,-0.15650150312275174,-0.006043120916849165,-0.029714371830332997,0.0212967718690751,-0.2657989633246946,-0.24349959626080614,0.007793279142096311,-0.0006107324370028556,0.10041074551390153,-0.007857217054465203,0.00753730389063566,0.12858652320116618,0.03926958037855053,0.06568222924427915,0.01918586765281502,-0.0669711784682818,0.05050181881794504,1.8532805203207064e-16,0.07056869596209867,-0.04958270912645827,0.044380701343495296,-0.09392624023828701,-0.03458510533211619,0.33860296374895105,0.033591535545435425,-0.018866469505459584,0.030640871608191386,0.08985690339367927,0.02790960469926851,0.15606186269302919,0.052822755799063086,-0.14029891041850104,0.06444654831747597
77,3.7444419716531926e-35,-5.206979771159216e-34,-1.0637456059789772e-34,2.673219298963875e-16,4.735563010722543e-16,1.9453983124286617e-16,2.893327091402194e-05,0.0006045168425277709,2.568364055354698e-13,4.6894227335422184e-05,0.0010592564135514294,1.0883327879522907e-11,1.42139454833852e-07,-3.096420883602103e-16,0.3182987539884778,-0.0003684102796266105,-1.535431845275144e-05,-5.786794040254724e-17,2.5881079400530384e-17,4.172973456216794e-07,3.997170081844596e-07,1.2262686639360108e-10,-0.5593317948655172,3.525692383502526e-13,6.961906313745435e-08,-3.830760672640716e-07,0.2105472756736881,0.009200510744304304,0.04561988125842353,-0.019274782085252695,-3.8087309569805196e-08,1.7182553557461368e-07,-4.0205136989105915e-08,0.015186592083338783,-0.08876293987130607,-1.1426463844533804e-12,-6.206726460153843e-09,-0.05340946676049856,0.006952197707227494,0.03168686958586025,-0.09349444585363141,1.4954674335562087e-08,-2.045399930582834e-09,6.6914542661694555e-09,-6.585245467058295e-08,0.0007598342062542577,0.025887645930092587,-0.03229328701656867,0.07510558820932121,-0.05889212793125801,0.001082431704856699,0.005711271651550016,-0.07617759650420955,0.0004583814080176275,0.00029131967936780816,9.820881047888739e-05,-0.20003493059716174,0.004394447342880373,-0.0003537165292711694,0.0016563854389213982,-0.19450048326574793,-0.10944326122205515,0.15150412689311274,-0.016145117267422154,-0.023398481314326938,0.021449373645155877,-0.1889864963770734,-0.1854405675627756,-0.01745439833958027,0.0004567469605647986,-0.42362322295733956,0.039854142628827034,0.10973222806590853,-0.11011759049414803,0.009511481853896843,-0.007630659863908161,-0.03932501831129943,0.01918324788818022,0.022384878983293825,-3.2172968800066897e-16,0.0522591972986617,-0.12215900556816893,-0.006331515569610423,0.11586690321662474,0.1083759079117904,-0.09982878393157736,0.059765210365368346,0.016953194242494182,-0.08716138074454714,0.017404908208066287,0.0429184565773375,-0.13074506077684517,0.017850598471176298,-0.14068642294209024,-0.07523775352541175
78,4.544509549487085e-35,3.414714843229433e-34,-3.1677941808384685e-34,3.244357313669987e-16,-3.0860584471363645e-16,3.5645975396548537e-16,3.516942848431081e-05,0.0007347888822840132,2.579963752958993e-13,-3.3209306728505943e-05,-0.0007123013154583845,1.4034895696490169e-11,1.7353153122228118e-07,-3.511501251598506e-16,0.3876548399158304,-0.0007677257859002449,-2.4782498472084594e-06,-1.4232772609994434e-16,-2.4954959399930955e-17,-2.6887257140739104e-07,-2.61986544433653e-07,2.360984377185413e-11,0.3749194987065009,4.2140067744348293e-13,5.816954898150632e-08,-6.26934780706062e-07,0.40881021104659526,0.011236654822750696,0.05282379041549589,-0.030828128150409546,-6.005172347110617e-08,3.710049862308199e-07,-1.9349093739071335e-08,-0.009326352380931477,0.058414231254585954,-5.509338926882164e-12,-5.265640121604369e-08,-0.06483175154841603,0.014189349305938525,0.06571912028714948,0.05952552111758869,3.2780930890168026e-08,-3.668569052211054e-09,1.6001760717773307e-08,-1.473089905204405e-07,0.0016353987430707633,0.05516216759155445,-0.06700852240401026,0.14111399822404558,-0.035235838738708725,-5.418438853218306e-05,0.01785052903518889,-0.020054064555394185,0.00026998803345941946,0.00013073023978745974,2.515440681030994e-05,-0.037883252603329136,0.0018941037575260168,0.19233797258824148,-0.001026218347496563,0.10965058782599571,0.23393728450979118,0.1695123002144688,-0.017329077416207924,-0.03592597511725798,0.006203485191154962,-0.20037873939720982,-0.15871259467884097,0.0020627569449773253,-0.00040834755949862125,0.2985455158281125,-0.028437025086034507,0.0616221572805322,-0.18365583363220225,-0.005441071549818999,-0.0060232938838521285,0.03209587737600109,0.0710098312459049,-0.0015756261797359992,-3.6842416768107424e-15,0.07931149937659261,-0.016702299989171082,-0.05764926834438605,-0.0003677933575719566,-0.021631349887165446,-0.31149057050794554,0.023823119920634097,0.022727183898452956,0.02431262460892582,-0.06791262852605034,0.02389882145821341,0.10428952527223442,0.04688138820397758,0.03391628941631229,-0.17325803295976072
79,5.329059441564602e-35,6.220556870490844e-35,8.845111500217301e-34,3.804464353514881e-16,-5.49657609506027e-17,-3.947620697898199e-16,4.121425288450946e-05,0.0008610850366746957,3.2130710464560875e-13,-7.580536331927003e-06,-0.00014019529878412458,1.6383999841051825e-11,2.0296624813515614e-07,-4.579103875145546e-16,0.45388803339525335,0.0009670030295222883,-7.900424012547592e-05,-9.96727994601937e-17,-3.079869202388415e-17,-4.3837235048554764e-08,-4.563972650936709e-08,7.63449572792111e-11,0.07180176855269504,4.954118512913076e-13,7.023066866892908e-08,6.330270384310411e-07,-0.49695899440453467,0.013027352637387617,0.0623426407601061,-0.03478722586577951,-5.8677401813960746e-08,4.0634637868161877e-07,-1.6949230562885292e-08,-0.0009503741695903877,0.010714079582062887,-6.103000925612439e-12,-1.8097465266417285e-08,-0.07601602828573437,-0.008695629652263621,-0.07883651249244283,0.013517550232684559,3.562104961189053e-08,-3.75907571220689e-09,1.4091785425345708e-08,-1.3471351903802998e-07,0.0017922511784822022,0.060828520113259836,0.0802291446150269,0.12291146493033657,-0.07061500517025986,0.0011094863967195917,-0.008644284361724014,-0.08412644416308464,0.0004317949629160198,0.00025744099128137366,-2.713317307250692e-05,-0.13595002808597137,0.003969477430171152,0.080766021832081,-0.0014082638616621402,0.15714497192260712,-0.10751471054588901,-0.18020314848338953,-0.005884278034620333,-0.0309059019776521,0.02232227054000258,-0.2777263431046746,-0.25461265213826884,0.008303323703001476,-0.0006385810388162643,0.1046627633751837,-0.008194939920434303,0.006552674586858872,0.13486669098744875,0.040361031836467484,0.06753016531429852,0.019328388418173206,-0.0675786865046235,0.05043021122868404,2.1362592616203402e-16,0.07069371645900621,-0.04969504873516286,0.044526732091935306,-0.09538440872449538,-0.03563051441092176,0.3520952571569481,0.03396604558469026,-0.019833635141781103,0.031461346540704455,0.09142673519032556,0.02818718850174029,0.15643467314183235,0.0530081862196632,-0.14053433610452948,0.06430099423618517
80,-6.200712089740776e-20,6.848622247823756e-19,1.9148630220572617e-19,-0.33326405299088585,-0.5839854059991028,-0.21889075388013718,6.009880782149555e-06,0.00011027603028142194,-5.350370031529858e-09,1.1100961063241373e-05,0.00021604700089902963,3.3666084120029795e-08,4.9855226724269014e-05,5.748147966562953e-14,-1.1050202813762213e-05,-9.95997774164005e-05,4.45543779401199e-06,-1.7148887523120844e-15,3.649698400367617e-15,9.920756103054574e-05,9.814664600723222e-05,1.4102525019030142e-07,2.750692139398083e-05,-8.691782389699751e-13,9.46791822369638e-06,-7.932782642518297e-05,-2.5091678640823466e-05,0.0014793012905873293,0.019727165550819596,0.04006986537449033,-6.845179791446449e-06,2.430699873993228e-05,-2.137489555589108e-06,-0.001025965199459492,0.0036852426786116253,6.055985303345931e-11,2.53977702261949e-06,1.2554045327352976e-05,-0.0002778672506866263,-0.0014517894038615748,-2.420554712047331e-06,-5.554508676102012e-08,9.289664012371134e-09,7.260354640531162e-08,-5.43968911067937e-07,-0.002407626907961689,-0.07602974963661509,0.0011127130635978839,0.1751854487690983,0.22738074938253228,-0.0010299692558396621,-0.34091820709838533,-0.006801312693016649,0.00031383658272048315,0.00047544386983004586,-4.232440706223864e-05,-0.022743430000401636,0.0022858177517500323,-0.0011708376595660648,-2.3672623641136836e-05,0.007188661903908689,-0.1362743605236134,0.1380882067913354,0.0036819237347698566,0.012733151773441666,-0.006977203489783285,0.01714986166604621,0.021239133005419113,0.030031944281418362,0.0012933204380784246,0.026598910626091432,-0.013554888370303445,-0.15443792301531156,0.08162487998968514,-0.023077657898190485,0.032681508676858956,-0.004493951244277249,-0.009844976126532927,0.018938818023199338,-1.1961481167335742e-16,0.05126648032140638,-0.1739700512225563,-0.005355135484294312,-0.13334523493621991,-0.24908983811083643,-0.06898099586989188,-0.10180707563823709,-0.017156780682391695,0.18514491197646993,0.01713493566212381,-0.05461661862767206,-0.1779945975537374,-0.00020019865465502532,-0.12490920462250701,-0.08331443164169941
81,-7.528135069120628e-20,-4.590085193888537e-19,4.994354316856131e-19,-0.4046056411108381,0.39134463453173424,-0.4280223059093774,6.855142939206878e-06,0.0001254584651028888,-6.488534197834009e-09,-6.144681395513892e-06,-0.00011806315105948262,2.7959623552547936e-08,6.13341766981718e-05,1.0878109619230564e-13,-1.145582460962134e-05,-0.00013656949378108182,6.366136757982915e-06,-2.936905402129216e-15,5.45625682029421e-15,-6.231084158688921e-05,-7.04869407325138e-05,3.5687541662800255e-08,-9.890325669824242e-06,-9.96276579105475e-13,-6.062822612880934e-06,-0.0001502893520795422,-1.4324776937158835e-05,0.0006890151303276651,0.004946123553561474,0.003759099732078468,-2.9543429941868154e-06,-2.2605422630465338e-05,-1.0164462352054657e-05,-0.0007607710866774297,0.004508663392891579,1.6375713161861554e-10,1.4329858704915314e-06,0.0002683124828080299,0.00029011403705250213,0.00269909498797292,-0.0004293229030421411,-1.6609763740569685e-07,-7.397366692332311e-09,-6.620673289004584e-08,3.9297451391244207e-07,-0.006976977884568018,-0.21226479097865794,0.00439281436271059,0.06682459818878093,-0.3275132437967568,0.0011972289302773812,-0.14537738114343854,-0.07249111661987537,-0.00017739884981487662,-0.00020018496074188566,-3.433684665573927e-05,0.11251776683164977,-0.0007832261878240167,0.03228757379042319,-3.7593293568441e-05,0.010818217525963991,0.051200357891467145,0.05161607843837804,0.021909108561361326,0.04656333199207426,0.015244918509938523,0.0623790686901294,0.00024356091385102126,0.01157052007350999,0.0012099862965410139,-0.0670475326140697,0.018824284915767295,-0.1850865602584966,0.1250356617713573,-0.041583515942780654,-0.1037140392153611,0.0007020450416997067,-0.04601983579329697,-0.026779727778564313,-7.557287757074112e-15,0.12657607912330807,-0.006033042781049562,-0.03851352080773036,-0.06627935585836055,0.1512388169034774,-0.005341556315478787,-0.09057804519626243,-0.030921221283945116,-0.13398500814208117,0.275149521867986,-0.05202944987946517,0.10469357783625936,0.040196905836528726,0.07732619038493026,-0.2272297943405634
82,-8.827007377295901e-20,-8.973399284544928e-20,-1.0928784370484095e-18,-0.47442139896789987,0.07647485008513913,0.5187971436793347,8.083042708782258e-06,0.0001479824096442358,-7.575282864152901e-09,-8.627416576396387e-07,-1.5995661674232138e-05,3.7081457789865155e-08,7.126379341986784e-05,1.1329385801191842e-13,-1.3657443478530874e-05,0.00015444221663441312,-7.2868016153734686e-06,-3.149953859516047e-15,6.0836436082789995e-15,-8.181730962605248e-06,-1.5301155741163087e-05,5.000762759949783e-08,6.426664165152902e-07,-1.1243005057960897e-12,2.766218519244203e-06,0.00018255822133835716,1.0099373629230666e-05,0.0009408165218032434,0.008145783766340951,0.010009675694636361,1.5651236020751604e-05,-8.86553473877847e-06,2.3318197824125932e-05,-0.0006376932908109434,0.003427038713349619,1.4163172590000356e-10,2.0147888525070297e-06,0.00026983452313954063,-0.0010155093151783651,-0.005680956809368539,-3.8217917713360223e-05,-1.5786473520465167e-07,1.3488807550643538e-08,5.072948786572847e-08,-3.8345341107214566e-07,-0.007042622682298067,-0.22438620412451862,0.0029887377673904836,0.218416377458185,0.12161878147617432,0.0033237743750658627,0.22390340556239408,-0.1745550853088286,0.00019651772215898298,-0.0001764754426288138,-5.9121552962807005e-05,0.03988202857859192,0.0006881191852114114,-0.03422395357434745,-2.64309622297286e-05,0.012627442349713983,-0.025433988739865878,-0.06180971033021873,0.02572195798107805,0.037232675082324536,-0.0008528394207631246,0.03596219252133329,0.01571117755583975,0.0055328186621263105,0.0036388299844563954,-0.03578100620813137,0.007822685739362161,-0.2652960845228182,0.08563060044789661,-0.06196751939203768,-0.09891833092715005,0.009774548844208497,0.037857580923212134,0.09655543887718174,2.3428966631924066e-15,0.08323065159851173,-0.040788696904564534,0.031862524697416794,0.14559264964710125,0.05247661158955182,-0.11958761247370613,0.01286576604393812,0.0014995805262865247,-0.03484786994411371,-0.2517012969605331,0.0007873669406726376,0.19059670647623575,0.04607551036429471,-0.15410660073807084,0.1297942126566805
83,-6.708805507741935e-25,1.2260709767249195e-23,7.087695600031296e-24,-3.977958810183902e-06,-1.0700406084030562e-05,-5.675699880602243e-06,-1.6423363263609032e-09,-3.1170824030186254e-08,2.7444052010172727e-12,-4.647598404592486e-09,-9.371170444859267e-08,-2.4446335943924526e-11,-3.292160748283452e-08,-6.163166466645264e-17,6.660816403554939e-09,6.198154366412428e-08,-2.6643632518383658e-09,2.0817309301537402e-18,-4.441884270332238e-18,-9.925104783788085e-08,-9.814745894257812e-08,-1.5666866027169917e-10,-2.5424516519485157e-08,1.5550855339464118e-15,-1.4380709248430798e-08,1.1259048433287361e-07,3.368853918478401e-08,-2.2249727986936286e-06,-3.2854487785975925e-05,-7.049836404920939e-05,1.3780362590433762e-08,-0.02444605908238904,0.0021704598849595635,2.472619603681137e-06,-1.0413510979787623e-05,-3.571334186456097e-13,-9.84953636991604e-09,-9.605901413576266e-08,1.0728447840032636e-06,6.445580959597433e-06,1.4566989689729993e-07,5.728550898447213e-10,-7.648465124473571e-11,-5.940860858852715e-10,4.725202446706348e-09,2.5648248127630092e-05,0.000820167437002144,-1.4454588632366016e-05,-0.003729579201229755,-0.002426684554663313,-3.315790175959439e-05,0.005163096982597441,0.003697400680594118,4.999996126537192e-05,-5.504336082342457e-06,-8.757146820043518e-07,0.006619366912617744,0.39226349485764633,-7.57345929942857e-05,-5.385740878974661e-07,0.00021529814346456217,0.003278426157721957,-0.004122725171776813,0.0006147180307438086,0.0012261514995291376,0.0012186473657914152,0.001979347689097243,-0.0012406920069371974,-0.009194434347494299,0.00038496073388775883,0.06968130821645042,0.7844243022349925,-0.008786213538231759,0.0004719336575720755,0.004464894909192873,0.013305749396984983,-0.0008435809215163408,0.00035157046726500083,0.005828945473336206,-3.7241675420714685e-16,0.02079643314055408,-0.026275446862678485,0.0024633214108071323,-0.008236596620771733,-0.022013110213767933,0.008758530076949775,-0.001811826522175474,0.2660547706531986,0.015921006441212738,0.0036070624365095796,0.00025400561013255734,0.06406922669698628,-0.37645768221029446,-0.057012763118084724,-0.054093824969979235
84,-8.1445880300487915e-25,-8.219457981883293e-24,1.5371425310292215e-23,-4.8292806387776516e-06,7.170258524753691e-06,-1.1098040379272006e-05,-1.877206928936574e-09,-3.5536651008635706e-08,3.321750498338255e-12,2.555387624123852e-09,5.0846902623122534e-08,-2.0270237134962155e-11,-4.0400271883808816e-08,-1.1505510128194005e-16,6.929758435988859e-09,8.419725028613338e-08,-3.7734533204915954e-09,3.505021048284643e-18,-6.460370692274158e-18,6.208619273851764e-08,7.037871858990226e-08,-4.110842940590361e-11,8.896102028186932e-09,1.774533298253261e-15,9.039816871782522e-09,2.1309358675504596e-07,1.9261710965369297e-08,-1.0821356012841068e-06,-8.962524891646723e-06,-7.970974578661032e-06,5.777458138359311e-09,0.02143972215808083,0.010062146179024364,1.8824339064402087e-06,-1.2551415194037012e-05,-7.980724466256235e-13,-6.030708772776747e-09,-8.078594101032304e-07,-7.338825266982373e-07,-8.618634688822799e-06,2.004621212984728e-06,1.2253990357309118e-09,3.1882309077922015e-11,3.8871217283758503e-10,-2.0558390080598906e-09,5.3125607572508374e-05,0.0016478756521603871,-3.563962705082387e-05,-0.002771291363253836,0.0030915536532595284,-6.120254645953302e-05,0.0030719571131362783,0.004646276431230113,5.899690878036697e-05,4.541535408424994e-06,-1.0872603471224693e-06,0.004994623957109092,0.4096607505862943,-0.0006277421872586482,-3.796765522206045e-07,0.0001675052178676468,-0.002843618476112046,-0.00014035009729029797,-0.0003341376935145009,-0.0012996645554186246,-0.001399323564020544,-0.0027208050768325587,0.0011096063115296699,0.005234109149642105,-9.832459850081235e-05,-0.05084919825436028,-0.5888082872736303,-0.041840166128672064,0.013022867373923459,0.0033317007625971026,-0.0011544952850977566,-0.0006078339315589596,-0.0021042977442694,0.003437594390959751,-7.622038784218332e-16,0.024320572013063927,-0.01862254832371005,0.0005143464819521849,-0.005600834168649393,0.014938692744272028,0.027438354294279658,-0.00225502613443195,0.5692722398149362,-0.012432294961389721,0.026418977430053343,-6.290593383137976e-05,0.07756219740987504,-0.3758915702337437,-0.04674724280358783,-0.06239147728934047
85,-9.549795617598787e-25,-1.6082476101283002e-24,-2.4497059681376373e-23,-5.662514355523304e-06,1.4009816190380315e-06,1.3451025658621173e-05,-2.213792541577131e-09,-4.192216598432828e-08,3.875089263689364e-12,3.3961582831375184e-10,6.48603370393631e-09,-2.685234271459626e-11,-4.690025529016222e-08,-1.1990393795364617e-16,8.258104066528504e-09,-9.41379963630309e-08,4.276969581025209e-09,3.866442092376195e-18,-7.315498969172252e-18,7.983237185123286e-09,1.5200569394927513e-08,-5.6618888290383704e-11,-8.542577441706879e-10,2.004435341679562e-15,-4.306481031289446e-09,-2.580728473426133e-07,-1.2297759251632714e-08,-1.4669986402936543e-06,-1.443977271531489e-05,-1.941718297492053e-05,-3.2823796853115085e-08,0.008074194785817416,-0.022236729389684236,1.6385282191080681e-06,-9.99539816144592e-06,-7.181499269092893e-13,-8.187791023055686e-09,-8.176894353297045e-07,3.428471521542574e-06,2.174296166914146e-05,3.511056772042612e-07,1.2090887546619984e-09,-1.0410107200353799e-10,-4.3864162605396825e-10,3.6000488725167838e-09,5.489921408891438e-05,0.0017634668871453747,-2.786732532146977e-05,-0.004470016285602693,-0.0012839508000747327,-8.966664450045353e-05,-0.00045789160369636485,0.006225283245870182,6.094052683840375e-05,4.174328694505734e-06,-8.470697420868221e-07,0.006770905584934759,0.4588904157808755,0.00040611618370140835,-5.16313742228393e-07,0.0001574367089663257,-0.000553380979042314,0.0036875567050740294,-0.00035799740277364395,-0.0004085757397361825,0.00013536837965586818,-0.00013478397399401185,-0.0001949659894978879,0.0028243791959485136,-0.0003471431347950276,-0.01472925049775062,-0.16463168469352235,0.059877703986339126,-0.019992693041247938,-0.0031952616742675923,-0.005460697714666091,0.00011972194754070957,0.004476777634732252,0.010502654090157345,-1.0069726076490781e-16,0.022210500122116048,-0.020167718382938113,0.005332262072832561,0.01685614368903233,0.007964104886369536,-0.028266854629149674,0.012944039650980644,-0.770644349772332,-0.0036091812706297616,-0.030325400357941453,0.006505968647618145,0.0861762399748794,-0.383729268485713,-0.06161458249403692,-0.04087381397767998
86,1.0043551405989099e-17,1.4823868225515818e-17,-2.381089779852114e-17,9.580768632058514e-12,-2.1874149438025576e-11,4.797494924146742e-11,-3.6100535171042436e-12,-7.392567405057272e-11,6.640226935079419e-07,6.584455320362168e-12,1.3799674225941902e-10,-1.7571342084903165e-06,-0.004745731485696261,-5.281217999130231e-12,1.9938298590129503e-09,-3.532329663094671e-11,1.4435063225197735e-11,1.2436675624489303e-13,-2.1316047351107429e-13,0.004770600788799248,0.005223652724433325,-1.2024615186928688e-06,6.782743651114532e-09,2.5744443425213905e-11,0.0003420483350672129,0.010862717084985447,1.473920898695475e-08,1.8692752413080437e-09,-7.50586207972401e-08,-1.5974805047637861e-07,0.0002589088197662389,8.968372466996276e-11,-6.902148477756245e-10,3.829199411739332e-08,-3.4814358994766564e-07,-1.1259705691376688e-09,-9.416798900417238e-06,-3.008034686948883e-08,5.049028728324312e-08,1.530415820778366e-07,1.716062525132454e-07,1.8533874947471594e-07,9.289623732620606e-08,2.0883185772904646e-07,-9.609859123175303e-07,0.0031268708040689966,0.0002896061593282591,-8.86984578304379e-06,-0.001650254178070371,0.0022962201638285023,-0.0005925749110991257,0.0012527604019622184,0.0031022537641267793,-0.0001526234152126027,-0.0001682291653936336,-7.163921107622246e-05,-0.007725912096002374,-1.0254320205046454e-06,0.001043538574072936,7.944110479974316e-05,0.006215059479869157,0.005710636674270067,0.014810252782289892,0.1293004232948271,0.33233490826478745,0.23231219985631563,0.30155317530118153,-0.3639371422707392,0.19737367803562395,-0.0174499828464331,0.03467502958610244,-0.007633015346215926,0.15295113045511474,-0.14521460769550898,-0.21148744804826872,0.005305236026235107,-0.15791799698165096,-0.44238386102394484,-0.09796321341342851,-1.6137677859825816e-14,0.2321382759395755,0.03364810286101457,0.16014630298529134,0.23637439270431324,-0.14114974156869367,0.08683525160420241,-0.07210163507664978,0.01669392429059178,0.034057547443015465,-0.1354343628583751,-0.18808074426769783,-0.01058675476901154,0.0024964739937035716,0.09109274139149076,-0.04625562785156772
87,5.040366566245408e-18,-8.910842115934172e-18,-3.772706637462038e-18,0.00025848896728810386,0.0006960561523094091,0.00036953994853669537,-1.1715180163755723e-07,-2.218134628348454e-06,3.4296685969621915e-07,-3.355373880629735e-07,-6.7514484947746694e-06,-1.4882049328291115e-06,-0.0024306011948756344,-1.6652036947656527e-12,4.5951330799254246e-07,4.470712432897327e-06,-1.926986969387374e-07,4.5219407207780044e-14,-9.227488896038032e-14,-0.003117881580577542,-0.0030865360429562323,-3.9556018715330925e-06,-1.800518783550994e-06,1.5860665057615556e-11,-0.0001856396684394228,0.001735676746817401,2.3974764094312107e-06,-0.00015558539405168323,-0.0023215359954376963,-0.0050129549134299055,0.00010001482564614667,-3.337273587239674e-06,2.8730907276991194e-07,0.00017593218762405365,-0.0007297186651575827,-2.9857996468696e-10,-1.9025756712030562e-05,-3.197118359592654e-06,7.358721407437758e-05,0.0004523604410778216,1.7419322058786152e-06,6.31530929886484e-08,-1.9444560668029906e-08,-2.4162671089931754e-07,1.7806540637322173e-06,0.0018933651236599028,0.04698464126956506,-0.0007723750214174434,-0.26112908021716463,-0.33366077634178726,0.0004286600425678988,0.582640697073998,0.04529601650737454,-0.00014426145097223543,-0.00025015400719670454,8.429057659751804e-06,0.038149693449556134,-0.007903212626859548,0.17583696034334373,-0.0011848014121888962,0.12971435171063242,-0.34458799373613647,0.2776096939536267,-0.02185995168235896,-0.0037858509695514733,0.001560019807447579,0.030281837856345528,0.019365736758483094,0.006016457295541545,0.0007867901631917278,0.03329803504066952,-0.016497147894271556,-0.13532233159625026,0.07943367350196834,-0.0304535309362191,0.006254797211789763,0.009189576252173044,-0.013155471608181434,0.018324047855712695,-3.5923383090747716e-17,0.0468273750489543,-0.1706801031618123,-0.004472904783070162,-0.15990816923763918,-0.22686290813463575,-0.05884932384066621,-0.11833431493239974,-0.01646544709510005,0.17524594747963285,-0.009595704275836706,-0.07309576271503733,-0.16221663090893304,-0.0026188271529978,-0.09513269565464591,-0.06777435699078951
88,6.11967584022731e-18,5.855817642648218e-18,-6.942344861986597e-18,0.00031382350840355886,-0.00046644631488242414,0.0007226040302143068,-1.3363828457599256e-07,-2.5237152753571706e-06,4.1598333860074926e-07,1.8568308041471758e-07,3.6884446118740815e-06,-1.2264341394760618e-06,-0.0029921775861341876,-3.2009694899103816e-12,4.76754107251016e-07,6.1271695766691214e-06,-2.752198716719715e-07,7.832183314863671e-14,-1.3687810884201958e-13,0.001965220545838886,0.0022170664487667895,-9.698654691870766e-07,6.474308817735192e-07,1.7301248839299317e-11,0.00012375883987402627,0.003306898995008263,1.3710624614283454e-06,-7.285042487763704e-05,-0.0005881633902601009,-0.0004823138400764465,4.6919924214907577e-05,3.1127345503343993e-06,1.3976684956723465e-06,0.00013089109209248962,-0.0008922969538311017,-8.300634063983692e-10,-9.281677242600096e-06,-5.848585400891089e-05,-7.216298457983643e-05,-0.000796345344055659,0.0001619451160132126,2.2385063039806418e-07,6.019413932292663e-08,1.0985677269259071e-07,-3.627215893654836e-07,0.006238671672987867,0.12605500564810213,-0.0028778625047278135,-0.11645395682860414,0.4645211961778809,-0.004328761567554339,0.23968699074328886,0.1944261717359682,0.000779964660487456,0.0007186394730355452,-7.271742098922491e-05,-0.5085025978952884,0.0019053698343644032,-0.13906840054562206,-0.0024377956727468964,0.27207809308415776,0.14784485163760314,0.10537001950329968,-0.005642065226794847,0.005926105422077473,-0.0015050724190329523,0.05083619523142071,0.0391951676381569,0.006051043519338859,0.0012614911711855015,-0.07674096246193345,0.022126158555835107,-0.17873870252277538,0.1303750211795052,-0.047334053882831004,-0.10536584935862404,-0.01256915683062134,-0.06908658871574494,-0.02846932511974251,-7.962502341520565e-15,0.12992459910366083,-0.0011566139603845407,-0.023428387920391845,-0.04678734147099048,0.14299796907262508,0.002400270261374199,-0.10316579979146158,-0.0326754274631251,-0.13112274765950782,0.2600417454531091,-0.06769416816373441,0.0857525186062583,0.033602436889400136,0.08063876642020017,-0.19925744181744398
89,7.17449887916907e-18,1.070203561435237e-18,7.241661909955816e-18,0.0003679745726544526,-9.115089069621521e-05,-0.0008758536684261792,-1.575760870353797e-07,-2.976812805135663e-06,4.855357826975759e-07,2.6023429548965536e-08,4.986740672401688e-07,-1.631166176255464e-06,-0.003475325523515732,-3.3225378229882067e-12,5.68344086114474e-07,-6.9253351187277674e-06,3.1490722483670814e-07,8.615559918172143e-14,-1.548657858726857e-13,0.00026096038481924165,0.0004796564341644595,-1.346332684587212e-06,-4.299824608633952e-08,1.9597901439985096e-11,-5.419353833009626e-05,-0.004020977946791965,-9.586325391874272e-07,-9.945821742116164e-05,-0.000967103662516446,-0.001270390659896822,-0.00021819974265451842,1.2244861642179766e-06,-3.2378518963366727e-06,0.00011056439857992209,-0.00068413163781433,-6.751324748643379e-10,-1.3484620784193075e-05,-5.8846776887471515e-05,0.00026254689513591835,0.0017175974545406434,1.6837909464293512e-05,1.613568104174058e-07,-1.146977955681209e-08,-2.493092143610696e-07,1.927464226962055e-06,0.005223317543381507,0.1335399058782111,-0.0020098022981562195,-0.3240005478879123,-0.16476042905570454,-0.008871188591378703,-0.3436397400275395,0.4000458149878543,0.0005039269175142135,0.0007080531095388145,0.00023758204164715213,-0.25196970258610374,-0.0028351429456318477,0.4484250757536633,0.0004008688055871802,-0.07449382729043588,-0.05249536787987524,-0.15341030917756981,0.004909272882548299,0.013410893825951235,-0.00025840562623190164,0.04140337588553501,0.02624593011637592,0.008723319912562906,0.0021462901761129293,-0.037129245999525766,0.008512426250334808,-0.23945825066577345,0.0975326954879468,-0.06827656669215015,-0.10827223343896264,0.002907882653340874,0.05244762074535105,0.10128831249815717,2.6182039084367837e-15,0.08356044408622104,-0.03439905912483834,0.022787894670269343,0.15729562187077,0.04727392490111201,-0.12059147986289384,-0.027895373142812055,0.005727435550678872,-0.037158531187909655,-0.2444945005748064,-0.027297388309710294,0.16693330780788965,0.038537905906893474,-0.12690586190558206,0.12876877744179804
90,1.7907788777819093e-25,-3.3738405882488455e-24,-1.9517275864873732e-24,1.0994289270272453e-06,2.9678095316136747e-06,1.5802720537525253e-06,3.9536489577623696e-05,0.0007285622870642758,-4.258506529989619e-11,0.00011266034085727748,0.002201489746882771,6.071283077376394e-10,7.54999584141278e-07,3.990970082639645e-15,-8.279770611564789e-05,-0.001368589566733943,6.155169170817202e-05,-1.728785541228114e-16,3.802921596567468e-16,3.3133427764459847e-06,3.1899090392679263e-06,7.96283331326258e-09,0.00031655432160984556,7.103190038332219e-13,2.4812314021015815e-06,-7.919077201101641e-06,-0.00035325655117624915,0.017166572672691414,0.25759573722954776,0.565710420772565,1.1700385925749298e-06,-1.2612482944419218e-05,-1.7531770140705397e-06,-0.016635179337922065,0.06388023815499182,-3.978942819558123e-11,-8.005683809379793e-07,-0.0014473292252779053,-0.001779138206086465,-0.012530985890938864,-0.0014168321711665363,9.359478178132651e-08,-9.876125399753871e-09,-7.907847326941692e-09,3.5372759339224785e-08,0.004445691619288136,0.14650153258098791,-0.0019017492533105165,-0.05381978254869892,-0.1684296236107383,0.0019319637921713978,0.12564878499987975,-0.07408038480881039,-3.950350813658826e-05,-0.0002213448665091141,7.269898405864509e-05,-0.0952568865831384,0.0007736914912013793,-0.15182798041018142,0.0019231692944874628,-0.2196510320184981,0.43316156598365985,-0.3533619646740921,0.03575843468157857,0.02249133264934045,-0.00975269466563191,-0.0074957302912146626,0.006300822832643479,0.034498421158996,0.001152441998200038,-0.013807039969163984,-0.011772160634774938,-0.10735339770230375,0.04934126974987566,-0.011702972484440645,0.029486152740639364,-0.02047461087412801,0.001600595554671406,0.020848905089669162,-2.0838938565885703e-16,0.05269220183492949,-0.15586761583469666,-0.006021777374408105,-0.043016725967482246,-0.1493442872996245,-0.0561911382232119,-0.04891394015108649,-0.013152398398470164,0.10561386038817473,0.02330101613702076,-0.019839052098881257,-0.16635873326016412,0.007598752614819014,-0.13730182400422397,-0.08314514265633015
91,4.5921477897458314e-36,5.33310508724692e-35,-9.479034193874073e-35,3.278831232350483e-17,-4.8269332499198366e-17,7.66721357575587e-17,0.009534972615126477,-0.0005927209997511321,1.13328386336264e-14,-0.014409528404723964,0.000857721992729768,3.86629809967449e-14,1.636619894513159e-11,-2.3633030195295217e-17,9.356420657714e-06,0.0012102277150659521,0.02224902511524514,-5.317504683936493e-18,-6.930209771219516e-17,-1.6213884809438826e-10,-5.902972431411533e-11,-3.348885695623539e-12,1.227195834158483e-05,7.89209862824507e-14,-9.602137607734333e-08,1.7048455767748077e-08,2.3262547804865938e-05,-0.049242203605539464,0.011073754895329479,-0.0031075939254212826,7.276580260661645e-10,8.21432432177704e-09,-2.8696235921142934e-09,0.07864713081841647,0.017944622942185857,1.0071045679697815e-12,-1.0091695842349944e-08,-0.012895535851315509,-0.11475952255176276,0.024766742259624126,0.017316636739767938,-1.3870175480663787e-08,1.823829705086635e-09,-1.1014619835467861e-08,1.0933385108568855e-07,-0.0007275596001205861,-0.025238662830198346,-0.04255372640153285,-0.37073659626494576,0.11498391229572692,0.01265579785643175,-0.1109309661151442,-0.6317717501076919,0.0008270061577916207,0.0002684081977424662,2.882366414629353e-05,-0.09602417565908747,0.006366011181285549,0.28339592522265417,-0.0011474127978016845,0.12344205255496161,0.14827023976786885,0.08793990337195194,-0.0042886539714455585,0.0035221880489429702,-0.014958319561576814,0.1459456838725522,0.14552340778077585,-0.008951743777418718,-0.0005553352320096321,-0.1762486865198118,0.010684250346112997,0.0915412494372306,0.02748296505421055,0.03949367927251889,0.08440246288407359,0.042729106502482586,0.10511153920824126,-0.0022643269178912236,-4.17221368358635e-15,0.08561267766762239,-0.018199432338143803,-0.07276266288595806,0.016992331226330343,-0.10002781200534108,0.20715834021213497,0.07075806467256888,0.0031151008101376705,0.09088233923509553,-0.17367345166552897,0.04998247076983373,0.118153965625541,0.05470074379288473,0.04167681064754898,-0.20288756596302956
92,3.9508194229595584e-28,-4.1805572475879924e-27,-2.1510952486256925e-27,2.424888093878219e-09,3.6780594528474897e-09,2.133385648231506e-09,2.3726070962964586e-11,4.6365046428411576e-10,-6.49453812916553e-14,5.265199195507621e-11,1.1092480618404722e-09,7.35959868126918e-13,9.964781883272339e-10,2.9268372700766834e-18,-1.8960693489294476e-10,-1.000588079355251e-09,4.0217022583988224e-11,-1.00126632920128e-19,2.1371880831587396e-19,3.398677289108333e-09,3.3190604412031783e-09,6.689125388601987e-12,8.763433440514402e-10,-3.2389678313967923e-17,1.4778104058115681e-09,-6.068104312553787e-09,-2.1604517892724444e-09,1.5971319023953173e-07,3.847839090431746e-06,1.4355549492463305e-05,8.03794133847149e-09,0.7809633290339524,-0.22780997350890866,-2.0811193267547815e-07,1.762366032054537e-06,1.636360504871055e-13,1.4054203208010072e-09,1.4246620266320797e-07,-2.417904593876283e-07,-1.3585659155812399e-06,-2.452285476241594e-07,-3.55927909962031e-10,1.78600398822914e-11,7.289354218005741e-11,-7.832256992358864e-10,-1.6107256632916585e-05,-0.0005145577574264441,1.0194331948206064e-05,0.0022838965849067594,4.2832776799194155e-05,4.910929014352177e-05,-0.0016337746063741906,-0.003903256893131708,-5.520937676190484e-05,-1.6167464776831037e-06,1.4622195760136186e-06,-0.006253933994974851,-0.40055106553708736,0.0001108473191688121,8.0656539522919e-07,-0.0002993948092194403,0.0008440934285299222,-0.0008806820642906695,-0.0003663117803195905,-0.0007174575509672385,-2.4486858193315554e-05,-0.0008863575889905301,-0.0003418685128382339,-0.0006495590468372343,-5.889339901404353e-05,0.0024177040608460935,0.01795401471489182,0.00838030371665143,-0.004340466951945321,0.0020319399315217,0.002998257514617686,-0.0004823856316133925,0.001166327666481537,0.006826637543475238,-4.06134287485646e-16,0.02290529161453936,-0.022335124926326697,0.003089704680167639,0.0017336534271991855,0.0003618933264109268,0.00241522277099187,0.004203129165113317,-0.007816217840862238,7.532477675123196e-05,-0.0014329679134270836,0.002938748702594963,0.08060577344762397,-0.403962084670169,-0.05827128562472733,-0.05480337673641874
93,4.4220538089603985e-28,2.392785177250437e-27,-4.806831680011442e-27,2.7141843631994505e-09,-2.1025560652997144e-09,3.891129876987042e-09,2.6436277407003364e-11,5.163814744937719e-10,-7.556997235863095e-14,-2.2185152732567732e-11,-4.5815002772576813e-10,7.072703115790621e-13,1.1900720176795693e-09,5.340703106542615e-18,-2.0657654136072412e-10,-1.1951392990808241e-09,5.02937142675605e-11,-1.8478330337263428e-19,3.5053803165407277e-19,-2.074819483513822e-09,-2.427434275127755e-09,2.094213805568812e-12,-2.589050313868232e-10,-1.3132538420714613e-16,-1.0915952846340497e-09,-1.1926469508307596e-08,-8.194619762536631e-10,4.3221791856296336e-08,-9.094879535121285e-07,-7.284663449107012e-06,3.596043229496255e-09,-0.5931062820903132,-0.5591045832736368,-2.9050926222192014e-07,1.3754168473601135e-06,1.324000887798307e-13,1.6199463361071143e-09,6.166069935213721e-08,-3.550529672591936e-07,-2.214117991355538e-06,-1.3516680529939347e-07,-3.17031358791612e-10,2.2310938520379944e-11,1.1458644125719303e-10,-1.0650403481087164e-09,-1.4459261098103089e-05,-0.00046448725029577274,9.042845214464601e-06,0.002297333015170286,0.00026057426907671725,4.74905836502588e-05,-0.001715122478814302,-0.0038290345477005453,-5.44598988581628e-05,-1.2161290008258925e-06,1.4468381002532133e-06,-0.006270236890217349,-0.39686993020227257,9.172297163731546e-05,8.079489646767145e-07,-0.00029963942905645707,0.0006260302289690788,-0.0007270534821979296,-0.0003988136811682503,-0.0008016708542590549,-0.00011118137233172,-0.0010409588118340436,-0.0002630259135431504,-0.00016219019943175837,-7.584830615346095e-05,-0.0015941955363425826,-0.027778743724374284,0.0074923110221002875,-0.003990651230299179,0.0019769618454916604,0.0025015433768745474,-0.00047281183159426704,0.0011000860639514968,0.006764264682725337,-4.130285960901488e-16,0.023014216704309476,-0.022086684439895827,0.0030360515522627274,0.0018715865740028988,0.0015777607680886694,0.002910694821967272,0.004220669605767722,-0.0007133337284167244,-0.0008489100443363196,-0.0008063645655727777,0.002941661681218436,0.08105458689639107,-0.4038890235159039,-0.05796063225322645,-0.05501830291363319
94,5.065761575779215e-28,2.433490976254769e-28,8.008968790678582e-27,3.1093746916639015e-09,-2.1202245404106522e-10,-4.02055821322661e-09,3.1109169413945756e-11,6.08325514724653e-10,-9.013897070487527e-14,2.480996152325441e-12,5.904795949988962e-11,9.312973438658085e-13,1.4417430810017233e-09,6.369699621042289e-18,-2.548425255125831e-10,9.575156305135462e-10,-4.223485008948925e-11,-2.340473552557852e-19,4.604888997761804e-19,-1.9825336526740108e-10,-5.567769667266546e-10,4.055123062250065e-12,1.2942905667096294e-10,-2.7716670795300493e-16,2.8847932194530106e-10,1.5777957030533635e-08,5.111717289437089e-10,1.426380618039832e-07,1.545350420555613e-06,1.0720621131049645e-06,-1.0039916025222524e-08,-0.19286977478010217,0.7968087912525309,-1.8493590347666014e-07,1.1650321284941687e-06,1.2451559418031846e-13,1.278781706797467e-09,4.712900483612018e-08,-7.29277149428599e-08,-5.040395126774904e-07,-1.95524612327175e-07,-3.013589849925576e-10,1.6454490227063213e-11,8.030136379154697e-11,-8.206565210678852e-10,-1.3671485714251592e-05,-0.0004373638702205272,8.903330663623057e-06,0.002174000009325246,0.00011043413029894494,4.5538837942929274e-05,-0.0017572602101385694,-0.0036886703244783307,-5.319376577381143e-05,-1.233255791893142e-06,1.4281515166121044e-06,-0.006079307676079008,-0.38642974091436316,0.0001185502567847306,7.901870564499465e-07,-0.00029462358110169637,0.0006941310340297153,-0.0006405585586023266,-0.00039287002593941525,-0.0007667858144083674,-6.650104078896256e-05,-0.0009589555398897336,-0.0002991114824654548,-0.00026160488914771257,-7.971251881322525e-05,-0.0003856903155831516,-0.013654346991213808,0.009885291936099756,-0.004765903215703858,0.0018268769473233659,0.002441334781357089,-0.0004568747121401964,0.0012528355595969472,0.006926439973309113,-5.766592941956635e-16,0.022952287898134076,-0.022138459854371545,0.003146725890371613,0.00236268807680702,0.0013036830386021893,0.001579519060855087,0.0045545565544122535,-0.03215613330515413,-0.0005616252459739259,-0.0021455757403261062,0.0030844212796390063,0.08116248327462197,-0.4038327112303345,-0.058294500570835225,-0.05449149736451432
