,0,1,2,3,4,5,6,7,8,9,10,11,12,13,14,15,16,17,18,19,20,21,22,23,24,25,26,27,28,29,30,31,32,33,34,35,36,37,38,39,40,41,42,43,44,45,46,47,48,49,50,51,52,53,54,55,56,57,58,59,60,61,62,63,64,65,66,67,68,69,70,71,72,73,74,75,76,77,78,79,80,81,82,83,84,85,86,87,88,89,90,91,92,93,94
0,-2.886085172718408e-16,-2.208683229071282e-16,2.1834141495428773e-16,-3.8775854871748226e-17,1.1201186022372695e-16,1.1390133631477673e-18,-1.9920986225965446e-16,3.9528660790732786e-16,-1.158764428429398e-11,1.967375164495646e-16,9.354129606718092e-17,-0.07258825257916007,0.3087256677350202,0.0011152769706115136,5.92753986874258e-11,-3.1682922326024475e-12,-5.749192509612133e-17,-5.966423353476646e-11,6.309383739822474e-14,3.335155757247251e-17,8.38928827007909e-12,4.906751092214229e-18,4.417229665005092e-16,-1.2253306655286199e-08,1.1550798246572865e-16,-5.807504945379854e-15,-0.2502046963214256,2.3951374990090926e-15,0.13031568328546236,-0.6860845306843225,0.10745968039596716,2.706795967886221e-13,-2.8816626137980213e-09,1.86737350751827e-13,4.2454500525308266e-07,4.965241118006169e-11,1.2215934273600877e-12,-1.5196301880980093e-05,-7.311176749908053e-13,-1.0760519786100767e-08,1.0327849502115671e-08,-2.420241945423662e-05,2.8023345014688676e-05,-0.00015066491219668993,1.375634770489366e-09,3.954305732307428e-11,1.9495521368151152e-08,-5.986012472523239e-05,8.653410682291702e-08,1.4517294356959267e-05,3.9648897703899945e-09,0.008808502243122367,-8.34555092294357e-09,7.234676572991694e-07,2.498026721495169e-08,1.654115866174694e-09,-0.06256298664387897,-8.267471475612434e-07,-2.578737510964616e-07,-0.012967189804599695,-0.002071628046978896,-0.00020822546996685767,-5.4498604060842876e-05,0.00010014924896716483,-0.005706991717384773,-0.0006339461270866474,0.00031416300252836555,7.224848644890281e-06,-0.0007615733580756099,-0.002061015595285264,-0.0001379683039354173,-0.001095412914246363,-0.0002925434615806207,0.0007572571849678508,-0.0009057151758594775,0.0005549805991111273,0.0005216148525454036,0.00278995954875221,0.00324740044228725,0.5773502691896288,0.0022707183262505645,-0.0006487016388937666,0.00019422969814930353,0.0007573927212801092,-0.002712891272782737,-0.00019079641023766393,-0.0007406767483546076,-0.0002407922946251225,-8.861687582117538e-05,-0.0003411606597998994,-0.00015639386511769155,-2.0500139360276415e-05,-0.0009203967471891816,-0.0013275663042522767,-2.4953734365451865e-06
1,1.7814332806292908e-16,1.1631767926868905e-16,-3.2706852881095053e-16,-1.6928545524777178e-16,4.2967838699411693e-17,-4.461594141843051e-16,4.753893419490805e-17,3.391636667038691e-16,3.4865128594959166e-12,-2.701605173761097e-16,-2.3485653822580283e-16,0.3109171870641585,-0.09318668182775731,0.004914769785764746,-1.423871608561408e-10,9.827286266568725e-13,3.336542022703728e-17,1.9184800967437093e-11,-9.904051310899691e-14,5.337065763897749e-17,-6.237773708550247e-11,-2.4021413987901453e-16,-7.448323115826472e-16,3.1926509014459754e-09,-3.4159166043518055e-17,1.7094810523156031e-15,0.07524080285176714,-7.012467241617919e-17,-0.551511042347219,0.2050759020266354,-0.4550084847693815,-6.974892142073028e-14,8.708753162760014e-10,-5.697680782237752e-14,-4.999865051879257e-08,-1.500154074423456e-11,-3.6949125969738086e-13,4.253763993046002e-06,1.3203653111600097e-12,-6.624316793228781e-10,-3.5044259262595517e-09,2.0052746625572603e-05,-5.465480781767238e-06,-0.004331983223753851,-3.411169687721586e-10,1.1741303551737807e-11,-7.339623403870149e-09,2.2329282099271876e-05,-4.905143035138195e-08,-8.396282433504625e-06,7.317265168247084e-09,-0.005346131030835483,6.241129933161136e-09,-3.9519515090963676e-07,8.386048346106821e-08,4.682933294971296e-09,0.017134252480620827,1.5285691790880417e-07,4.324695768449638e-08,0.04362682170886054,0.00873352053412237,-0.0014420834314309312,0.000799623464792585,0.00010370952717530141,-0.000852237423827745,-7.329800183708286e-05,-0.00057930865194426,-7.805452977534709e-06,-0.0003189076540772774,-0.0008751357490794126,-0.0035287794511946664,0.0033159968545567126,0.0022648458882250345,0.00047620733184766277,-0.00012409182015838042,0.0001961776572962037,-0.0015543795975460305,-0.0003270131599167187,-0.00041742185028196925,0.5773502691896266,-0.003396642939771274,0.0006321659626238995,-0.00019298728472462635,-0.0005811353065148643,-0.0011908703110705236,-0.00039310776998830507,0.000229596614982468,0.0007291176525647374,0.0001141005191345708,3.623607946169177e-05,0.0003051391339583403,2.4930150244078192e-05,0.0007140771144521583,0.001729143244489536,6.089327388409048e-06
2,4.425893410046899e-18,1.620100095082218e-16,3.0052252355555214e-16,4.1508438843911044e-16,-1.4281542649716891e-16,-1.4322095649409902e-16,6.40522881714049e-16,-4.3595072361269095e-16,8.101192550935354e-12,-5.406864027467628e-16,-3.7382774076604195e-17,-0.23832893448499964,-0.2155389859072633,-0.006030046756376547,8.311464059552048e-11,2.185299769927387e-12,-1.2008623334254297e-16,4.0477648340554425e-11,3.566435243812153e-14,5.8374479122847605e-19,5.398813655413282e-11,2.8379292239821627e-16,5.150662696112442e-16,9.060649487768164e-09,4.78506801122073e-16,4.314441283455581e-15,0.17496389346965815,-2.189687221768176e-15,0.4211953590617532,0.48100862865768573,0.3475488043734083,-2.0061900789387764e-13,2.0107869357892866e-09,-1.3000989274239214e-13,-3.7454635426252345e-07,-3.465136191454173e-11,-8.519708797351822e-13,1.0942537879393575e-05,-5.894561142223436e-13,1.1422951979599903e-08,-6.823422980113838e-09,4.1496728276546794e-06,-2.255786423435383e-05,0.004482648135973393,-1.0345174869078043e-09,-5.128441422253158e-11,-1.2155898052606305e-08,3.753084263669331e-05,-3.7482676173746245e-08,-6.121011923468238e-06,-1.1282155484626391e-08,-0.003462371212285032,2.1044213091992022e-09,-3.282725060086488e-07,-1.088407502122759e-07,-6.337049357901872e-09,0.04542873416325956,6.738902292391664e-07,2.1462679422243403e-07,-0.030659631904290562,-0.006661892487147034,0.001650308901398658,-0.0007451248607318832,-0.0002038587761419858,0.006559229141180769,0.0007072441289209758,0.0002651456494165357,5.806043326595512e-07,0.0010804810121492032,0.0029361513443594716,0.0036667477551305303,-0.0022205839402955406,-0.0019723024266380352,-0.0012334645168454324,0.0010298069960638506,-0.0007511582564384093,0.0010327647449628037,-0.0024629463890019406,-0.0028299785922809013,0.577350269189622,0.0011259246132440612,1.653567638509923e-05,-1.2424134537960339e-06,-0.0001762574148837683,0.003903761584115476,0.0005839041802621019,0.0005110801335360051,-0.0004883253578832618,-2.5483643302491473e-05,0.0003049245804166057,-0.00014874526880474857,-4.430010876807856e-06,0.00020631963282109013,-0.0004015769401110914,-3.593953953195367e-06
3,4.876312983915613e-16,2.4839463155706286e-16,-2.3513354843804904e-16,2.275995813908269e-16,1.4706966247442368e-16,-9.432702814611934e-16,-5.146067516689941e-16,1.1259624837000687e-16,3.808728133209812e-11,-1.3087771234054773e-15,-3.4783075073351895e-16,-0.21155767814256465,-0.7128006228475467,-0.5841935578043753,3.2417772741774566e-11,7.235903868825936e-12,9.465698143661333e-17,6.209898808030586e-11,-4.3466923877730834e-14,4.1704549492541574e-17,8.797857720242616e-12,-1.88880362015342e-17,-7.667581576442967e-17,1.95624170807609e-09,2.8769864122301945e-16,1.1970862674834996e-15,-0.045834062347433105,1.372281615633647e-16,-0.06711728868294102,-0.30031896350119053,-0.06771114445478683,3.779577998600718e-14,-5.60805784531053e-10,3.539807691198974e-14,2.226514552426902e-07,1.4609941033054338e-11,3.75270615228394e-13,-9.636953549793114e-06,-4.748782553176326e-14,-8.365597028472522e-09,6.636211960568052e-09,-1.3230557069839976e-05,2.311202396620936e-05,-0.018646715015265637,9.867126424249763e-10,4.1136862903862444e-11,1.5268023691466557e-08,-4.57628767391649e-05,5.2941660432432365e-08,9.685951782259676e-06,7.482293019850028e-09,0.006069948554156358,-5.0429457220977216e-09,5.217281797585351e-07,7.5154576137256e-08,4.681109880041616e-09,-0.061412443651594435,-8.555521897951044e-07,-2.6704795623156705e-07,0.00860441467675578,0.0023155424298135644,-0.0010050779101950602,0.0003652288336419913,0.00016954173980147873,-0.006069017304290058,-0.0006879623515610528,-1.8570582822763145e-05,2.8250848314859335e-06,-0.0008758520351933096,-0.0002819189187609982,-0.012650006772946554,-0.0011692539616149453,0.00021151217026988466,0.00123790496789063,-0.0013175823194270602,0.0008480222655799297,0.0004281790587072915,0.003819654350259086,0.004677681622112741,3.570947223625115e-15,0.0011438792331082076,0.0002642697024751924,-5.9440407181623325e-05,0.00015682519281432644,-0.0036270380082779755,-0.0010577745154939935,-0.0007277751398656592,0.00011751054653594477,-0.00017986072531834063,-0.0003998799700728098,-1.2521951215075102e-05,0.00015441555281993846,-0.000900255622953153,-0.0008042847081433794,-6.972994464240292e-05
4,-7.47654992810493e-17,-2.96369304624876e-17,3.2753388433055455e-16,-1.4297222777231493e-16,-2.553915209178859e-16,-4.835952121862103e-18,-1.131887283139271e-16,1.748189088416341e-17,-3.007114395950733e-11,-6.533003634681393e-16,1.079824475185964e-15,-0.5003851959610351,0.5525582273086805,-0.5807885269662464,2.538764629588443e-10,-5.6671967669084365e-12,-1.5388905436941032e-17,-5.3082537494441334e-11,1.146005028541604e-13,-2.5341254293389654e-17,1.6635289834516106e-11,3.8076162769723076e-17,-2.1620809130742914e-16,-1.896448083064731e-09,-2.85282283193289e-16,-1.104652559200651e-15,0.03277516478532789,-7.350974070221708e-17,-0.15370483580525568,0.2292456224181172,-0.16103155399606414,-2.4063384968303843e-14,4.056043441906023e-10,-2.5804944892045484e-14,-1.324743715157706e-07,-1.095563268759471e-11,-2.824126015387523e-13,7.277598929553778e-06,6.056667523857455e-13,4.050103460083601e-09,-5.514411874040254e-09,1.7803384110438645e-05,-1.3293271197420723e-05,-0.018443752889507923,-7.138068377403603e-10,-7.389193332648523e-12,-1.0344145831786501e-08,4.1326296081441364e-05,-6.877351652905839e-08,-1.1982660298298226e-05,1.6820321586167345e-09,-0.007830614290445454,7.892652862578745e-09,-6.178640546628013e-07,3.4399455987067775e-08,1.948763087897473e-09,0.046357226632744046,5.57642042397583e-07,1.7417885092880696e-07,0.03154623162734669,0.005982693163287847,-0.00063519022224973,0.0004618581014359608,-1.0810927681905103e-05,0.004335704673400383,0.0004650345126849718,-0.0005864412464502884,-1.02489989323135e-05,0.0005174590570286686,0.003502643111454065,-0.01239655715542344,0.0008545406671041697,0.000753273437933912,-0.00017096682169633106,0.0003728578739158654,-0.00018816087576461354,-0.0005496598017995628,-0.001396053710506941,-0.0014255159224520475,-1.1735584343474947e-15,-0.0031503117773126416,0.0014985292769502372,-0.00042786684719625586,-0.0012811624460007905,0.001482333082066689,-0.0006951312683612091,0.0006846805808296611,0.0005767672034757668,-1.2093076469022642e-05,0.0002519877068192767,0.0002863153531361247,0.00019356662567282073,0.0008316163358340554,0.0016953640598889109,-6.496125017724202e-05
5,-2.671233096391883e-16,2.0721709479766403e-16,-1.0526994353326463e-16,3.1120950327450943e-16,4.1591270640230695e-16,5.744503315868426e-17,2.828541519727461e-16,7.921381847767242e-16,-9.565552692612005e-12,-8.579515425341359e-16,-1.2692555926387013e-15,0.7367494118587512,0.17061851548449358,-0.5657833371131173,-2.7811299619652067e-10,-1.6655749252551884e-12,-4.434117720596543e-18,-1.604931315714751e-11,-1.3473744896858613e-13,-5.00146189322603e-17,-4.164002365291494e-11,6.446251430902276e-17,2.7837481559102356e-16,-8.926138921500184e-10,1.3092819461023166e-16,-4.442573968381206e-16,0.009136034713093,2.782609947113481e-17,0.21274367724979298,0.07095472635251539,0.2341080740669179,-7.823411581695675e-15,1.1354245532023597e-10,-6.735524098362203e-15,-9.065121511757664e-08,-3.231361521789339e-12,-8.351223359587574e-14,2.542860508976003e-06,-5.741042733460708e-13,4.814430317803553e-09,-1.3914854023563376e-09,-7.90957241752207e-06,-6.193032415979488e-06,-0.012608097387619893,-2.9212778592557035e-10,-2.1797806925433648e-11,-7.017426102146766e-10,8.83991694004351e-06,2.2012963964643862e-10,5.496878442915622e-07,-9.022438506238625e-09,0.0006060334299600313,-1.781094214726468e-09,4.639689187089377e-09,-1.0241829979040085e-07,-5.786727246116372e-09,0.016842127698673295,2.9635717953792625e-07,1.0018249866279599e-07,-0.04563923205936897,-0.009477194184369197,0.0019264988274167573,-0.0009559218811053729,-0.00019757508280417535,0.0058894643234804886,0.0005983461028371854,0.00046069793282101475,3.875746243457754e-06,0.0011009059004714633,0.005109620533081496,-0.005914142160693559,-0.0052718218540806746,-0.0034409949036956137,-0.0010569472906281022,0.000604464681524145,-0.0005544367087060926,0.0023642387710522375,-0.0007847168276502484,-0.0006410090356876547,-1.398964760166867e-15,0.003273132913280477,0.000295731495734816,-6.179709087383693e-05,-0.00017781755811409894,0.0037251794508203063,5.204147980239285e-05,0.0002468444358397274,-0.0008138592537335568,-0.00022810583531332075,0.00018275015483009243,-0.00029674432228634533,0.00014595513820529933,-0.0005120326227503831,-0.0015604061165258214,-7.659804224847516e-05
6,-2.7782183114447867e-16,8.346946855121861e-17,-1.6531423274133806e-16,2.516060008899735e-16,8.748079439190746e-17,-9.071721699680592e-17,4.1175900970470315e-17,-3.827161065080033e-16,-1.768682943546545e-10,4.0510947107838404e-16,-8.828655165135397e-17,0.012038796244821676,0.06412364434680548,0.01866107687865333,8.340735175152359e-12,-1.3857810304059748e-13,-1.4808732484639428e-16,4.2586999750673546e-10,-8.840167043374593e-14,-1.859977400997612e-17,1.9320529299442833e-10,3.3742886406230738e-18,1.9424167181771817e-16,6.136921078101906e-08,2.2289441730316224e-15,3.1461881145937666e-14,0.5903641143657153,-9.311502855648409e-15,0.10794573035115089,-0.14155854149510655,-0.10432764595265226,-7.732992679904527e-13,6.492963986947921e-09,-4.2847781343753577e-13,2.93787701087283e-07,-6.456620466591778e-11,-1.428910214319727e-12,-3.7915744550428945e-05,-1.0339796180703277e-13,-3.469096237576847e-08,2.7978362184016667e-08,-8.721563318633245e-05,0.0001548094398408846,-0.49012099943876225,4.816237500821956e-09,3.07617460024841e-10,1.1530263367468426e-07,-0.00025310578158002113,1.8249682884724043e-07,4.61893771574333e-05,5.703810288969235e-08,0.0306609569124236,-2.238425010535016e-08,2.7499512567624247e-06,7.158356978485355e-07,4.771071513464182e-08,-0.4636308067076138,-6.709584746315732e-06,-2.0418247913068905e-06,0.08398816459955973,0.021159423436414266,-0.008022679623435934,0.0030620891851095384,0.0012732119026789544,-0.021136334563416036,-0.00309086243112143,-0.002030923378011885,-1.3560868944799111e-05,-0.0022350143900357793,0.06083091740110706,-0.3538189395256602,-0.04888986450659792,-0.014215404558664178,0.011587885532952985,-0.014394631280143904,0.008549574973698557,0.01898819655005827,0.0458830841998022,0.06107703885774789,2.8870660057655725e-14,0.015134817421743609,0.01930484104146673,-0.005080582595421273,-0.00957017301535562,-0.02158887598802942,-0.023266501307618998,-0.004609324994928703,0.0011935395872244225,-0.004703666401583403,-0.003270955129616412,0.00015800786599388063,0.005269759881113575,-0.011467571256133282,-0.009860014419256108,-0.002263165670804857
7,1.1011701226501774e-16,-1.9673099114803991e-16,1.7357956627560296e-16,1.1424995097676818e-16,1.413615529310402e-16,2.3260355520272705e-17,-2.0599742594629342e-16,1.329229884676964e-16,1.407903043694588e-10,-2.0202320963605748e-17,-5.081860809139472e-18,0.03011875864631763,-0.05059620878099795,0.019432417898874333,2.0276887315828233e-10,1.2788958748689038e-13,1.6396380103282582e-16,-3.503221010932442e-10,6.997490225560096e-13,-2.356531607551835e-16,3.5717061911296805e-10,2.266358065186739e-16,1.27166412881588e-16,-4.847851443985091e-08,-1.7869543233865298e-15,-2.4183243829559515e-14,-0.46845349912464024,4.555276009315428e-15,0.28355308220894426,0.1146345104878189,-0.2866702600482171,5.689497772224149e-13,-5.150054060229455e-09,3.3907094173337575e-13,-1.7148721969605134e-07,5.113827885769464e-11,1.1309073119423566e-12,2.9271452515756293e-05,1.2739666386512772e-12,1.709959604508994e-08,-2.6284544774463304e-08,8.026819708786213e-05,-3.62858432952964e-05,-0.4870557309362565,-3.4334950849640653e-09,8.37045352875376e-11,-2.357291534599405e-08,0.0002898074339091439,-5.532492244838725e-07,-9.560687627391022e-05,2.705050888881058e-08,-0.06684457512622367,6.745187255492621e-08,-5.188215887153389e-06,5.125317668464246e-07,3.30151843359817e-08,0.34739287918882705,3.7639046987648114e-06,1.2260954137842386e-06,0.30794778226217423,0.059031049672437906,-0.006909338134034033,0.00472717911006174,1.2450206900734036e-05,0.0584651603477896,0.005743732867421025,-0.007097990943410876,-0.00012369764270912816,0.00818985894537313,0.08859401350757373,-0.3530680976836126,-0.02818130904751506,-0.0068172824201360215,0.0009980400539182166,-0.0010442020879542116,0.0005283562559188379,0.008917114064098699,0.0036531155139372684,0.011289681333427934,-3.3987215784710707e-15,-0.024142336537137314,0.02995934138942352,-0.008263166371250888,-0.021861448789559604,0.017774938381224622,-0.020674271591119467,0.007170955747834072,0.005922683216109623,-0.003153903283158196,0.00208835458400334,0.0030080311586843603,0.005571451493367638,0.0034380653008134273,0.012564057368463862,-0.0021942943122761956
8,-7.176090838191501e-17,-3.769646918002631e-17,-1.797818917993806e-16,-6.884017977418837e-17,-2.356208853974589e-16,1.2249335327867033e-16,-1.21569371987146e-16,1.1695736748521482e-17,4.516493261770039e-11,1.2819501959948255e-16,1.670577465843859e-16,-0.047345450279643445,-0.015972746809771288,0.022378084188387343,-2.5370679038565013e-10,4.20843540710134e-15,6.579342839359896e-17,-9.556360631733977e-11,-7.266187473775761e-13,-1.9110565533968055e-16,-6.578695525363697e-10,-2.070882135113006e-16,-8.073799305502251e-16,-2.1368342198955532e-08,-4.437291025965144e-16,-8.593204953966667e-15,-0.15013018357571645,5.78697394299194e-15,-0.46173742976136156,0.03734964405403569,0.48319477661753935,2.501725107717528e-13,-1.625866160555029e-09,1.106143018776167e-13,-1.2498125131968885e-07,1.613985428965074e-11,3.5554801610026055e-13,1.0845740901249684e-05,-1.4336115109573815e-12,2.630028339432977e-08,-7.126295483971578e-09,-7.866336680555918e-05,-8.827675038244491e-06,-0.40429802548863153,-1.5245351239093484e-09,-4.1452651425115066e-11,2.8302726924440632e-08,7.202025121858504e-05,-6.59862080556806e-08,-5.006754320967354e-07,-6.739664790181456e-08,0.002174478169424762,-1.2004982275027763e-08,-1.8676914883103512e-07,-8.497179498670247e-07,-4.5822041479353516e-08,0.13268975199615168,2.275139867546278e-06,8.316326317139721e-07,-0.4847384668718907,-0.10056788941761895,0.020407301979965244,-0.010124875198978919,-0.002128205873411461,0.08116241805298896,0.007902193152506959,0.0038622597804289656,2.088594910745729e-05,0.015195710150374237,0.10243849575665442,-0.254455090955395,-0.08930213086020469,-0.05071799796818712,-0.01018566362812395,0.0034030689045506574,-0.004618773976806949,0.03878826464420706,0.004252235948334504,0.012165791676263192,-1.4347426694749981e-15,0.043550397759356374,0.015581082937377096,-0.003960868226027746,-0.00950251564240733,0.04645987999408824,-0.010316603119103289,0.00331756248680251,-0.009437217731494658,-0.005077769264627614,0.0018804950715416513,-0.003367429555353849,0.004625876287743572,-0.009598284946563096,-0.021272673516157026,-0.002135888887904268
9,-1.1353617832497106e-15,4.4061484062782446e-16,-3.4898551807984293e-16,-7.131358380988034e-16,-2.0284803498779678e-16,1.4598363660243655e-16,-1.0211526711228356e-16,1.4436821636869904e-17,1.7828344816894385e-09,-8.799287982313853e-17,-1.0332632831365553e-17,-0.0010120360752974243,-0.00786508152086307,-0.0007245366891654729,-2.8027806819519993e-10,-3.791484404483491e-12,1.7007417741841138e-16,-1.8191457890116316e-09,-2.4271770272281413e-14,2.217527612805676e-16,-7.802979504211745e-10,-4.213735793034979e-16,-3.5840161698711806e-16,-9.871295703728625e-08,-4.8280945853301185e-15,-5.771201464494119e-14,-0.42563283859775786,1.2260705205676238e-14,-0.06729234219498778,0.20772563225764215,0.0929456690102643,6.90099745576366e-13,-4.466045189332839e-09,3.011658189811857e-13,-1.7194805122176881e-07,2.072045473691291e-11,3.7415313294972036e-13,-1.0595277186998577e-05,-1.660956794126815e-13,-1.3598715063909662e-08,1.404066304341754e-08,-1.2948875355143622e-05,2.7643141997301073e-05,0.36665885394205944,2.2807089141222533e-09,-9.364464755446852e-11,7.971682675978744e-09,-0.00026129170834531326,3.556509888420737e-07,6.388266577648507e-05,3.426568440595516e-08,0.04414186912871889,-3.6007042378814475e-08,3.7784899274265716e-06,6.560846799278864e-07,4.454469352704553e-08,-0.5974097726061427,-8.311454460875449e-06,-2.5687124208527934e-06,0.10868472008902431,0.02784630873836487,-0.011012210092975983,0.004132396978366392,0.001826355926055392,-0.03727843054196641,-0.005079378104042089,-0.002354717884674641,-9.201361473988365e-06,-0.004316434284885422,0.07730589127726091,-0.47320780379155286,-0.06674116555258952,-0.019051195043064535,0.017350226479199315,-0.021571481389693937,0.012871743366579102,0.028246607904733576,0.06887442981816148,0.09323732723479776,2.620646346975443e-14,0.023598884608307273,0.03127982860155407,-0.008092416091702357,-0.01540221890317892,-0.03357767948020624,-0.03721834267799065,-0.007203459374188488,0.0019058990820056143,-0.007390841021804549,-0.005193281759528755,0.00027204160144148726,0.008668097971542787,-0.0175797821132126,-0.015144348262171278,-0.003732340360189929
10,1.0459435756262957e-15,7.289681994175663e-16,1.4531947948464662e-16,-1.1309048465045178e-14,-1.1067344303908944e-16,-1.3642794618648472e-16,1.472923874542432e-16,-2.9789489757877417e-16,-1.4251677116968188e-09,1.374720563352906e-16,-2.431815377861427e-17,-0.0025930451942574083,0.006237000113543216,-0.0009362083458575067,-2.1158981755668317e-09,2.824508670290047e-12,-3.546074051537873e-17,1.5322968022323839e-09,-4.9409733243715835e-12,2.6648712903276615e-16,-1.632092932995898e-09,-2.97546157485947e-16,-1.2976649211343826e-16,9.202312976803804e-08,3.494919719835671e-15,4.521849043432815e-14,0.3380036650877831,-3.455379474827433e-15,-0.17839188222585445,-0.16561378340288863,0.2522631287953298,-4.635884014815885e-13,3.4917048812191125e-09,-2.3922840331494884e-13,3.88271787347205e-08,-1.5892454850177256e-11,-2.82552189784494e-13,8.534401196055542e-06,-7.922322266338912e-13,7.455327890869e-09,-7.248414044321348e-09,7.41764047762226e-05,-9.00292912579559e-05,0.36458908918429295,-1.9028126394742727e-09,-2.1675613320001676e-10,-7.804909841420546e-08,0.00020551893952330837,-2.0763099396467197e-07,-6.479383283071134e-05,1.937035770752989e-09,-0.05798953487134858,5.317942922827807e-08,-4.524111593107119e-06,3.7406867540029445e-07,2.4630856515838265e-08,0.4521261703800835,5.0517844373093295e-06,1.611639053711362e-06,0.40359368248270905,0.07739496655084176,-0.009074877101033364,0.006203426882198758,1.1916638764808794e-05,0.0787646254902441,0.007737218144872278,-0.009501622038346985,-0.0001658442399705054,0.011009662747110684,0.1184987123023744,-0.4722374921617543,-0.036191417660601855,-0.008151123697635926,0.0013211970535917461,-0.0012700457126735845,0.0006626990108466401,0.01282214369883412,0.004481801574893222,0.01655616106502266,-1.5543681465168916e-14,-0.03775909555111967,0.04811188782922249,-0.013090413357573478,-0.03472992179437946,0.027263552168471327,-0.03316848378252052,0.0114540145235758,0.009462856981433895,-0.0049650266375173115,0.0033190367167923616,0.004831253045473264,0.009146502842956827,0.005441666982704648,0.019550765629036772,-0.003620990321612497
11,3.1136023875094284e-16,-1.2649387896727628e-15,3.95034772653593e-18,-1.1594074034627937e-14,2.1401080753236305e-16,-2.9398116421405387e-16,4.3516173229086557e-16,1.561119778467379e-16,-4.581883500609749e-10,-4.4984556497280806e-17,9.613966152265843e-17,0.004202794592542517,0.001984814136092984,-0.001412218293945692,2.8287680534628867e-09,1.2240503774293154e-12,-2.1025462266200326e-16,3.8428003430497203e-10,5.832810197961694e-12,6.279293544123784e-17,2.851218661239762e-09,2.025628947557218e-16,7.210929534116619e-16,5.1313376768351056e-08,1.7193881018714866e-15,1.6665417857504437e-14,0.10844395102124654,-1.0579393478420574e-14,0.29392047580978636,-0.053273086752739396,-0.4198875590325245,-2.747713322467789e-13,1.0659699146528177e-09,-7.787076813375923e-14,7.777080350412194e-08,-4.7029245216102095e-12,-8.024950327721006e-14,2.5401841501657467e-06,1.1491159513125062e-12,3.0565300212292135e-10,-1.2281659423604294e-09,1.552669425316751e-05,-5.412998330208059e-05,0.30082835987766987,-7.122132799997934e-10,-1.7067906480226216e-10,-3.996127530200401e-08,3.667539103416188e-05,7.203120370155788e-08,8.347199041847105e-06,-5.3207490250351816e-08,0.006732595328041751,-1.567786955893769e-08,1.8097575722465777e-07,-9.587586143882454e-07,-5.564555927580903e-08,0.17145786266737637,2.9601039777705185e-06,1.0455571757785476e-06,-0.632584756398022,-0.13143319774842663,0.02691353230484701,-0.013291121199859776,-0.0029106409588498905,0.11121772662154124,0.010781025616414188,0.005677933568313071,3.50942343928745e-05,0.02112722147146437,0.1402227064168754,-0.33653283237359194,-0.1273187323749938,-0.07364560310775413,-0.01541796061703415,0.005388267794637196,-0.007104015456343274,0.05877734698920663,0.005642686324507888,0.018076608992567914,-1.3495715834908459e-14,0.06831978326812622,0.025212127315305068,-0.006303238316334614,-0.015191781279509767,0.07188150311209872,-0.016676337705467482,0.005337838806485862,-0.015140808778223656,-0.007993349624272776,0.003017793998844199,-0.005424201497837997,0.00760386411300252,-0.014752554779938485,-0.03290801318207027,-0.003515682105695966
12,8.920095541944339e-12,-2.778405459758731e-12,-2.1553285948292305e-16,3.4262516584285816e-11,1.7854538512446823e-16,-2.1082589165080883e-16,1.2439646316810765e-16,-4.7527020376604445e-17,-3.555509507497841e-07,-1.4250759248592866e-16,-5.1414041371093187e-17,4.327936798749101e-06,4.642492193556353e-05,5.413417717375409e-07,8.52506973919036e-08,5.750444323006154e-10,-7.023713881734795e-16,1.529675102808213e-07,8.197088586753027e-11,5.280033937623434e-18,6.666498303489234e-08,8.90459553514795e-16,8.264938502320608e-15,1.7640644083528371e-06,1.9220802978353264e-13,2.0016202845377486e-12,0.00977038018299884,-2.892243351305782e-13,0.0014121209023495885,-0.006819860545731647,-0.0023620512326940637,-5.667824953956637e-12,-4.857657482283691e-09,3.041694763427627e-13,-2.0049507781842655e-06,7.586326988015709e-10,1.8656138234619952e-11,0.0007391564804271389,6.524376503734438e-12,7.563803240150667e-07,-6.204814056686736e-07,0.0006971453568143772,-0.0015945414269374852,-0.008399907442216014,-8.635637491088491e-08,6.415137081430049e-11,-9.605862760922742e-07,0.0031911183924158916,-3.42382660964532e-06,-0.00039481739127510216,-8.099411404039947e-07,-0.05521419123643994,2.9206134763899555e-08,-8.41208092641305e-06,-7.580955663254214e-06,-4.930574242123958e-07,0.15516769347711146,1.3508293248294315e-05,2.88542123916229e-06,-0.05833093562943439,0.005593102097812653,-0.021860124020420844,0.005283282535773561,0.006931308541298998,-0.4547931758567533,-0.047719642456683226,0.014654135091132843,0.00040169588726705517,-0.06806509735331497,-0.21515597544060777,0.024060917600006813,-0.037602000729508374,0.015168919121013149,0.09214205564308718,-0.11127504760999225,0.06998414299103498,0.11218540757254246,0.3526521516132803,0.5321218348352862,4.9740668053295535e-14,0.15456455233347322,0.23052724695314644,-0.05368832097020155,-0.10348588704982417,-0.25496846295994674,-0.2690815209936389,-0.05531066310151284,0.014907980018341531,-0.04731078715174544,-0.04092218344847744,0.002386798363567246,0.07100790503054744,-0.10372839115069753,-0.09109563869084716,-0.031053460295633065
13,-7.171233084178868e-12,-8.077588492806579e-12,-4.4879627446383954e-17,5.6774193864894476e-11,-1.8803564095027998e-16,-6.858267167291738e-17,2.8517313488045073e-16,-6.643967147279309e-17,2.8758166834117063e-07,3.639868025727758e-16,1.1285242223593792e-16,1.1473088822694729e-05,-3.785874846541918e-05,2.5338312355790255e-06,4.09300174175498e-07,-4.211936890790755e-10,1.8962765455388532e-16,-1.3496261989884893e-07,7.055948671050852e-10,-6.480187762322736e-16,1.4910463430425684e-07,-4.2441710951273924e-16,-8.677856117956333e-15,-4.41138850122391e-06,-1.427968021142212e-13,-1.5876928081218939e-12,-0.008698105234084623,-8.393668483871516e-14,0.004411648382472425,0.006451751404154678,-0.007875696264186546,1.3090553060099173e-12,1.0904277746789032e-08,-1.8488779287169173e-13,4.6312940427198e-06,-6.584984794786651e-10,-1.622630596857388e-11,-0.000572415033541272,-8.354549683141415e-12,-2.523504819899744e-07,4.184706162660675e-07,-0.002316475574380824,0.0016891459736524178,-0.014364435273189787,6.548011618540729e-08,4.1460232934212055e-09,1.4043209971071396e-06,-0.0038660183429498683,7.505638278940546e-06,0.001295517281809178,-5.543665902716769e-07,0.7558805502133102,-8.526472205621478e-07,5.794110782265213e-05,-8.157098301492385e-06,-5.23046514679335e-07,0.02842914803194376,4.911182263560323e-06,6.083830790186282e-07,-0.004774458864004116,-0.0017224290850885227,0.00164708818930847,-0.0004325928874194164,-0.0005674613499674503,0.06906347824764666,0.007620605843810822,-0.006659181054315813,-0.00012965177005826113,0.0068253183492310385,0.002445739761957947,0.027194283169050686,0.10253534330368735,0.06119301399831366,-0.004979103464815949,0.013946149648321774,-0.006177805073519102,0.018251087908215398,-0.0491645113058201,0.02321433450216472,-2.2462048756077156e-14,-0.2780735486265895,0.35835696684306617,-0.09041325022357759,-0.24683870715461215,0.1630644589849212,-0.23896569380146113,0.0892605801313539,0.07409490475934158,-0.03004211873336005,0.026226403776508145,0.03874388173292989,0.07479965422243887,0.04983688792015771,0.14080956060490532,-0.03016623498146407
14,-2.245783421620787e-12,1.2867960583571213e-11,-2.2543920228914676e-17,5.777991707596555e-11,7.898249518024997e-17,1.7202038903967476e-16,-1.1673549883362546e-16,-4.320682690917037e-17,9.32118191394703e-08,9.491737187823783e-17,7.995256413466594e-17,-1.8378216845360278e-05,-1.1771447184479633e-05,5.139568996194512e-06,-5.708576431986061e-07,-2.0414421755176388e-10,1.1869975889027136e-16,-3.010117020316993e-08,-9.001330076225036e-10,7.277039206202098e-16,-2.481190128256058e-07,-3.7834978201962504e-16,-8.355539241667114e-17,-3.37468584129975e-06,-7.142309397526576e-14,-6.33417411897896e-13,-0.002484528689677381,4.0456953201895813e-13,-0.006242793496320046,0.0017328163354530855,0.010724623383438037,5.001331680118104e-12,6.692169198537535e-09,-4.184217334164748e-14,1.8714943641161145e-06,-2.3128516054806848e-10,-5.703556546460482e-12,-0.00020830263247727712,3.0843864266911917e-12,-4.136487130654621e-07,6.749591922424256e-08,0.0008955754446860126,0.0010927494166968353,-0.006950965400350821,3.0596215865263085e-08,5.656970875287969e-09,3.017778106944675e-07,-0.0008068945874299298,-4.931811020544174e-07,-7.428287658847801e-05,1.157664361412975e-06,-0.012153381425612517,1.649640513758152e-07,2.97094540889512e-06,6.464480134699325e-06,2.38536397253618e-07,-0.054110801691907774,-1.3529979160898296e-06,-1.5948925709584414e-06,0.17608076174764914,0.028452826840425712,0.004264706717015174,0.0004340301148192551,-0.0045630313708382025,0.16137518830064462,0.014313477508295992,0.024798059185023077,0.00032177682001904157,0.042175275210035904,0.15186871674460614,0.2280486241083244,-0.35411712418180913,-0.26588615766663404,-0.08758992655751786,0.04462870358791917,-0.046282151862218984,0.3065204927458788,-0.02205336173222461,0.053075585382983195,1.2647133727089419e-14,0.46437561838797015,0.18602449041175576,-0.04188173242648755,-0.1044165493428469,0.4524165601115499,-0.11738992502679045,0.04180470597303145,-0.11904344828932086,-0.05245067826938607,0.02417224843178995,-0.04367441965710718,0.06228808394192649,-0.08397439967248814,-0.20414343006319813,-0.029189109346085047
15,3.5296212066460953e-15,5.326612984312568e-15,1.5080264630766213e-16,-1.0615176689584602e-13,1.476185180809165e-17,-3.4222299866708436e-18,2.6757654037087154e-17,2.014992061223917e-16,-5.750519495828461e-09,7.414761795755673e-18,-3.769897351155397e-16,-3.054808238135108e-07,9.874264539817902e-07,-8.044823630099836e-08,-1.1379555197091743e-08,1.1034596781019845e-11,3.0879978087786995e-16,5.5889974958069905e-09,-2.517097030955405e-11,-1.6410754160821036e-16,-8.459260827977057e-09,-6.284754007669557e-17,5.1931773018712e-16,3.25111135323043e-07,8.937793039412484e-15,1.1394205764657417e-13,0.0009200466291053978,7.033340433922567e-15,-0.0006160562484493471,-0.000999043534228146,0.0013518531175597788,-1.3036063046256593e-13,-1.170577552708784e-09,1.970048030636934e-14,-7.674167500994197e-07,8.08952813349403e-11,2.031594774300947e-12,0.00013550329046766067,1.4754711003504768e-12,6.376331029317866e-08,-1.0985779112121863e-07,0.0007432248348034696,-0.0005618212734706967,0.005335340505337855,-1.9154442216499503e-08,-1.1922555693341704e-09,-4.824656938280496e-07,0.0019457980046033733,-3.258834044941404e-06,-0.000744602466126205,2.8659762439251305e-07,-0.6403974334427659,6.25025337433268e-07,-4.831078936659784e-05,9.819345470042454e-06,7.499160039534408e-07,-0.12125489447904912,-1.5294776597352008e-05,-1.9616971148972553e-06,-0.06737540645311363,-0.02233062612462718,0.01398980336466219,-0.004506430560626564,-0.0020423912861743053,0.16291818291582227,0.019284611211332174,-0.020688142594583795,-0.0003868004707246926,0.014660181484519873,0.004798236269699058,0.05284105181642978,0.1757533146693422,0.09997334607716897,-0.007449910137543742,0.01972280408717464,-0.008684693416675751,0.023985055319844403,-0.06762476238712198,0.02930447002546997,-3.839348369637604e-14,-0.320065352645036,0.3794618774993083,-0.09974963319160779,-0.2689427599216171,0.19932539901733048,-0.2565598830427869,0.0917703411785349,0.0760282772771397,-0.03404930810507128,0.026299153127131752,0.038834982583418276,0.07547270795606664,0.06176401897321913,0.17279484892255725,-0.03019457973600254
16,-9.127922889158069e-08,3.05858349761369e-08,-8.129933162844741e-17,-3.3891055811933484e-07,9.09439001855082e-17,-2.232625049830414e-16,-1.8711631806706415e-16,-1.5212949360709384e-16,9.081454173864568e-05,2.66532371237428e-16,2.104227264422586e-16,-1.571156790492697e-08,-2.3708030532424013e-07,6.552475721915433e-09,-2.6376097845806343e-05,-1.1363781317786104e-07,8.30509741674392e-14,-1.899325739054044e-05,-2.5205344101114638e-08,2.4143601211936614e-14,-8.232882997482475e-06,-7.219550109157385e-14,-8.313126579269408e-13,0.00011740917892564593,-1.5918822236212368e-11,-1.4812145361820052e-10,-0.00019800343577539478,2.0627532103408625e-11,-2.1357121978431664e-05,0.00020051303566411463,4.018750884152882e-05,3.35867133306723e-10,-1.0487937520784484e-07,-1.9422826259151035e-11,-1.2849464430207918e-05,-3.3434484177090014e-08,-8.074692871302582e-10,-0.020453507363486514,-2.4401462725929815e-10,-2.18432537102783e-05,1.7956809111656637e-05,-0.009108051866344153,0.024032492478922102,7.136262862354399e-05,1.9960706832095156e-06,-1.115573255969337e-07,1.4186340879021486e-05,-0.04758317851499343,4.277708401853208e-05,0.003437193632799022,1.2781984963782177e-05,0.028532342842247767,4.545590490635866e-07,4.368060342979134e-05,6.078577111471133e-05,3.6340606274676254e-06,-0.027611829337258264,-5.993678809410349e-05,-1.1473751727205815e-05,0.040192504123731015,-0.05074045088356996,0.07146454149809167,-0.019186267557422317,-0.014883454508214558,0.5856620168777604,0.06923451430980763,-0.026169622712204393,-0.0007078703725842292,0.07082625450510674,0.14505642707412938,0.09207173751888932,0.08528129256894493,0.03944639019291438,0.005582276743623109,-0.005423880621716716,0.012715103001938432,-0.23579708466405286,-0.009212638686903444,0.03483938886215989,5.926149984770273e-14,0.2599521822884191,0.1816459318003806,0.008813002323321146,0.03784685839708813,-0.5542835602967912,-0.24081158523263432,-0.11856447350214563,0.020897456129921024,-0.004266831462806061,-0.08206720984609783,0.004453670656333019,0.13167676422887756,-0.06922861865767345,-0.1471545585798857,-0.06215981003460738
17,7.425930628402353e-08,8.525024243911106e-08,-4.76753248627738e-17,-3.9367452423478303e-07,-1.5194646785881302e-18,1.3174726774818868e-16,-1.7847486644624535e-16,5.809129910912845e-17,-7.230586367061638e-05,3.7427045140935684e-17,-1.6763070648484098e-16,-4.2592013176095366e-08,1.9074749843948398e-07,-7.3965838021604184e-09,-0.00010004976159423739,7.781877345709659e-08,-5.855153067872608e-14,1.6502245304725123e-05,-1.317519270133846e-07,1.2919122390791808e-13,-1.8379964446203758e-05,6.913133963480373e-14,9.20325097279421e-13,0.0005240680755529732,1.0458024466851978e-11,1.0458350174124185e-10,0.000166016975154914,1.1105618675877657e-11,-8.005766622240629e-05,-0.00017292795516560454,0.0001727407787622828,1.6697461243314739e-12,-8.297926199724658e-07,4.791513500399704e-12,-0.00020733444231816944,2.5121897689464757e-08,6.061161504229208e-10,0.007507840271498919,1.967611930163646e-10,-1.5141102166600022e-06,-2.3649591243334775e-06,0.03517417116778764,-0.02230870222781301,0.0004082743727735144,-5.89639258134088e-07,-1.584845740593697e-07,-1.7930924972157248e-05,0.013373277946174652,-6.50815258244908e-05,-0.006320680368120962,7.58768320012268e-06,-0.058313455536684135,1.8756670603179453e-06,-4.939099162967011e-06,-1.9055058942807713e-05,-2.411369166582317e-06,0.006631000036205901,6.707462497737636e-05,5.895643292930994e-06,-0.010089303757041283,0.03430535074071204,-0.04762990117312248,0.01388749988891686,0.00421248823190774,-0.3842017183402251,-0.051917346989197,0.09369653530068599,0.0016046869000808648,-0.015246404433701616,0.06427627091207616,0.006779272243604131,-0.42453519001985696,-0.2342479174857154,-0.027346658076576293,0.033928908436665524,-0.021529527878403454,-0.3025717744681418,-0.15721367515845824,-0.4790921628527247,-3.13484166077787e-14,-0.05074728624852842,0.2886532530112176,0.0033092332399804135,-0.06987632145666241,-0.26068020591383984,-0.0949927180915968,0.13896800263577674,0.11998622312715956,0.03959889455419801,0.05190653789205585,0.07680089301571605,0.1357782705788401,0.012427839435951825,-0.10082117154613783,-0.060309816206215075
18,2.3212287524006668e-08,-1.3503869629097374e-07,7.954002049034904e-17,-3.731477286922024e-07,-1.3728368869185413e-17,8.770225624623317e-17,-1.6505516653794922e-16,5.91582679096522e-17,-2.4289360912283204e-05,6.555999289816165e-17,-4.11566873099773e-18,6.907299853420066e-08,5.95170993234833e-08,-1.8501914779254137e-08,0.00014641407231117336,4.473518382214244e-08,-3.078645522870423e-14,3.3327320115079915e-06,1.8166966564881574e-07,-1.7748893181665686e-13,3.159870335254885e-05,5.024760860091342e-15,-8.814476672596331e-14,0.0004732185773726296,6.600585080404553e-12,4.9702824004464793e-11,4.768698715132976e-05,-3.189160825723401e-11,0.00011535559545007341,-4.672622078906721e-05,-0.00023942904486074044,-3.404105228709588e-10,-6.594859119540146e-07,-6.952911198096705e-13,-0.00012868183086131642,1.1029787407155716e-08,2.674556737474479e-10,0.003912575701895476,-1.924067988278468e-10,9.524562969507452e-06,1.8179460258740431e-06,-0.02476015376041736,-0.028708689205402628,0.0001111667047110062,-5.651191475248785e-07,-2.3477427141758784e-07,-7.2937937303364045e-06,0.006778801666025041,1.38108340463465e-05,0.0013514827414985904,-1.9650784570870504e-05,0.006230296641197196,-2.152449982375166e-06,-4.608915969433728e-05,-5.967546153027298e-05,-1.627030321215528e-06,0.01444928692123617,-8.317552702521151e-06,7.644206970503697e-06,-0.04594211278815788,0.01573107652906625,-0.03395221095466723,0.009825415030602304,0.01353189026746474,-0.2022508739485253,-0.01725036208001875,-0.08828044254162071,-0.0012058289636261228,-0.06225854205800377,-0.2301383414085012,-0.18527070746715898,0.4835217769924714,0.27490782818116266,0.014386189259941493,0.03773681552903341,-0.0169154174848842,-0.13144465782172804,-0.1783423964356602,-0.29789558238987063,-1.661531155903881e-14,0.49394276106518614,0.170528463682307,-0.0018986339877849836,-0.029561981425542738,0.16281485903451212,-0.051993501371841826,0.06829014790817155,-0.22139171587238626,-0.021675574656124533,0.04814657761842859,-0.08746707601408717,0.11654945736255788,-0.014926316821923398,-0.14386402024194123,-0.05847549428540283
19,0.0007344047094932886,-0.000271240396659434,-1.6575503172280924e-16,0.0022000677279699595,6.762202513052059e-18,1.819195144427232e-16,-1.0183920622931164e-16,-3.860551812855331e-15,-0.01828864945334003,-4.470647153320526e-15,4.431771178699313e-16,8.064252527025937e-11,1.637829724882445e-09,-8.274349072162583e-11,0.00626912775912386,1.7812441818243024e-05,-1.3143768610554615e-11,0.0018573257908756661,5.257301318236599e-06,-5.147738602595703e-12,0.0008232703729934098,5.999628851892572e-12,6.530611033955298e-11,-0.0462166608901888,1.0512626345693026e-09,8.78537887743372e-09,7.2715681970506175e-06,-1.2869837022288845e-09,6.936775407708115e-07,-1.408181783219413e-05,-1.76537104614836e-06,-1.704344080590972e-08,4.441650720703802e-05,1.1993157391633813e-09,0.006447838946098034,1.1577029611015798e-06,2.7459567971654172e-08,0.5328042409981545,9.35219836150803e-09,0.0006183463785105222,-0.0005344864966945256,0.030040970359966907,-0.12856310350276198,-1.5457275409822753e-05,-4.358778572055506e-05,7.214327236092059e-06,-9.528887161484573e-05,0.7182740174150062,-0.0003600157615025894,-0.01573599466791157,-0.00017847809330374318,0.005226492458683462,-8.893198010455186e-06,-0.00033320959470108666,-0.00032299060389072974,-1.778366249555594e-05,-0.0006984269147680726,0.00018880307834520077,3.7174822867736305e-05,-0.02343333559506218,0.10306409220316202,-0.10306522141274685,0.025731231234023343,0.01258862030265687,-0.015510735836237239,-0.011916622976050804,0.0004902958539082919,0.00016825190546624255,0.013816119946454208,0.08408378631357824,0.011857785286328729,0.04358098115914189,0.0009450072470157887,-0.059463621014728,0.03963124526334495,-0.03043415399888539,0.1336376992692054,-0.06309222358893214,-0.007122081183522868,-7.526057289570906e-16,0.004043623706272619,0.010097076682057162,0.052255297788739996,0.14978543054785823,-0.03542349048305424,-0.08091599465292099,-0.161034944640005,0.02453663362301213,0.025171245673743813,-0.1136656488003167,0.005883133164320101,0.16569373762789585,0.04735004125794097,0.09716955625953913,-0.08581376380040112
20,-0.0006162228245912344,-0.0007209956963959259,-1.6286650208277603e-17,0.002295967174766959,-3.2475338923687316e-18,-1.3305397258364954e-16,-8.968074771813084e-17,3.307506798006754e-15,0.014791451239943113,-2.413294438811291e-15,6.224038935902859e-17,2.2341130313865578e-10,-1.3118982094194301e-09,4.646092800221862e-11,0.02028878422212949,-1.1567356256338572e-05,8.919842549388115e-12,-0.0016857883037493524,2.0653942578105364e-05,-2.0461941365447725e-11,0.0019035564212585162,-6.193957489410306e-12,-8.240108725132722e-11,-0.06825377452739294,-6.332367549333942e-10,-5.749125573865256e-09,-5.8042407968506434e-06,-1.0508563490294455e-09,3.182349787645118e-06,1.0907511579166384e-05,-1.0029094562125815e-05,-4.728343975501867e-09,7.231471248601212e-05,2.3423123484625354e-10,0.011548774406101176,-8.716604312272765e-07,-2.065598798433814e-08,0.0053562488888474384,-2.353079892773819e-09,0.0002810669779359401,-0.0001797533234437237,-0.6937615751031445,0.4957928089995076,0.00012683133464431,-3.611450997932426e-06,7.729391428279583e-06,0.0003493985988694518,0.11249201469466273,0.000926440008127577,0.07761651601803338,-0.00015922871713165677,-0.0028663776774532656,-2.2396671262063323e-05,-9.140493863978749e-05,7.451187417473553e-05,1.1910261170708032e-05,-0.00029821638456053263,-0.00026952453277087824,-1.7653808834773798e-05,0.012832403319657229,-0.051461502216741145,0.07899158262229447,-0.02833777743162207,0.0016338400546201221,0.05102578837561623,0.02101591182240938,-0.1329003553340959,-0.0019902897651837112,-0.030161627768136856,-0.13465033088437744,-0.019451140023807132,-0.004488454688610154,-0.03450579250387587,0.006382480427119426,-0.03294315842984889,0.007391676088259453,0.16046773205581938,0.1421514338823773,-0.09894004906211108,2.599511908852349e-15,-0.019357272292789017,0.0759949680848114,0.07337064736836638,0.10612661126432331,-0.024062618432199857,0.1174920274995754,0.15743200751777367,0.1417604110690869,0.0671857882472171,0.07158094877235822,0.105781734983133,0.1699573175493645,0.007797379439860064,-0.04296963291020914,-0.08321962814949882
21,-0.0001944109694528359,0.0011180152948764524,2.364823283950917e-17,0.0020565206645261893,-4.7280112413054185e-17,-5.768344863826053e-17,-1.369292414846142e-16,9.99640827860394e-16,0.005110733762571142,8.671947207437126e-15,-3.376483265431471e-16,-3.6291762892758873e-10,-4.098644221410902e-10,1.0419318919177924e-10,-0.029547635266782866,-7.992154357766297e-06,5.479174138496605e-12,-0.0002751389495764952,-2.8810535065911148e-05,2.8468880948707277e-11,-0.003184022643666889,8.55016103854094e-15,1.707620021061474e-11,-0.061898820776050474,-4.946491511111412e-10,-3.0985620296047725e-09,-1.6660911303736193e-06,1.9481769612555757e-09,-4.481923400469369e-06,2.9338301883743115e-06,1.3438694911270775e-05,1.804636824281828e-08,6.112035534908835e-05,3.6780402151230136e-10,0.008445950085468546,-4.3089247483799367e-07,-1.0279618785363344e-08,0.01506861136700128,9.683644300242693e-09,-8.51181790603912e-05,-0.0002090593212252169,0.5102878878710244,0.6914582100188041,3.709400779442516e-05,2.9373204084420057e-06,8.911869072073807e-06,0.000182942674949024,0.09006606253356172,-0.00023657729711752058,-0.014942172401272004,0.000254662985934916,0.0004980042767450331,2.226065683532496e-05,0.00044410655173100116,0.00047862661613843054,1.0188438801331084e-05,-0.0002720344180582186,8.109467181014864e-05,-3.6679610043747335e-05,0.014403639701358226,-0.051615473296719394,0.08389058824210253,-0.029450736927709175,-0.02330644494271543,-0.005856331678312793,-0.003930142968220861,0.1731603413292191,0.0024092377768860146,0.02339725326789518,0.05957217418855499,0.016433705150442495,-0.043691017727644776,0.07555215191658321,0.07254137392671803,-0.056440501898526806,0.04253918234223241,-0.03879216128129929,0.10591839647251604,-0.007951671574696765,-3.3802132782607754e-15,0.010948146951914388,0.04721020510714739,0.028930051420048272,0.049428167482947455,-0.0006916227312609684,0.06737732603356324,0.07666657887939105,-0.26870975487632787,0.014219213708519689,0.06633246524684296,-0.12082872389379333,0.14758925885793728,0.08236457666375402,0.17080391738537584,-0.08080639527393253
22,-0.5400235438361236,0.14779858748643662,-4.405205080565127e-17,-0.42373488609846716,4.359287996233798e-17,-1.9676492050839782e-16,-4.605781237159309e-15,1.0781230093259779e-13,0.31656993398250566,9.941978547559226e-14,-3.600142030155168e-15,-2.6743256690487435e-11,3.183482492622381e-11,-1.8033099920127678e-12,-0.07683137055490208,-0.00023190320774822785,1.7306190719764593e-10,-0.014737967311264916,-4.934030921060563e-05,4.887730240076784e-11,-0.004607642410568907,-3.99435759700924e-11,-4.1746592516490693e-10,0.19316432232375078,-5.0908150022688825e-09,-3.709814102440095e-08,-9.384520410321351e-07,4.25273588737032e-09,-1.262660446297285e-07,3.122955164061266e-06,4.5686886816666777e-07,4.828274457212238e-08,-0.00011735810640458249,-3.140318442005788e-09,-0.009392177559839149,-2.468159439629325e-06,-5.7008006441520224e-08,-0.39217420319046997,-1.1838790829729719e-08,-0.0004008010867705842,0.00032022856201310444,0.0004767050886658868,0.014163234264455116,5.752257302466395e-06,1.9345489646770123e-05,-3.682699225926866e-06,1.2609627274475098e-05,0.05178558091944307,-7.952087345599133e-06,-0.004562629045220849,-1.7036047472340418e-05,-0.0012727992536180658,-2.4421103109131708e-06,-0.00012698388446534073,-0.00017261187120287748,-1.0353553542104009e-05,0.001747649820182225,0.00013854693319639806,2.7245031958207196e-05,-0.02328776382696493,0.09100128349334509,-0.09560246549626954,0.02414721042863353,0.012828864397285556,-0.06750930387663906,-0.01777393123892287,0.004000465540701296,0.0002374473022585213,0.0076474755036205965,0.07307760520359895,0.0031922378212477253,0.03527045019317117,-0.0037172829828182948,-0.06353185864740064,0.04484677446046553,-0.03435041023402867,0.1464107619708767,-0.07712031815891486,-0.023171190039391925,-6.3807227212093565e-15,-0.007174587224631062,0.005945993749112114,0.05588655040239791,0.16068427694383763,-0.004394778208582442,-0.08187198671224216,-0.17693688700713434,0.02683724289857099,0.027132204965991995,-0.1263419955110262,0.006259924869272991,0.1806836208892221,0.0548299844595814,0.10993666367400948,-0.09402294406552517
23,0.42708199889790965,0.3702889922470088,-1.0642227018797655e-18,-0.4167838099312052,1.279560528592397e-16,1.0846099980854686e-16,3.900101668364669e-15,-8.408913808750063e-14,-0.24133987190104753,4.7797789076602334e-14,-2.0806837664725748e-15,-8.133349731542387e-11,-1.7770222143793563e-12,-5.2281671370206205e-12,-0.2341752625770751,0.0001418890159938632,-1.1066157675489492e-10,0.01261427692828372,-0.00018237806394348193,1.8279475051882904e-10,-0.010045543791110731,3.890632471722897e-11,4.973783648817741e-10,0.26716181462435634,2.885426842762385e-09,2.2843547614740578e-08,3.6608190739822326e-07,3.2963788189511998e-09,-3.9991253433658905e-07,-1.2817676757296089e-06,1.58943423868821e-06,1.2959985474426315e-08,-0.00017782904898330332,-6.077413365150566e-10,-0.01542983564658703,1.751708974157429e-06,4.042308276646248e-08,-0.016737136443906665,2.51093488436227e-09,-0.0001851161042818583,0.00011451706003882556,0.21728718247999737,-0.14137623273964245,-4.4123849214133446e-05,2.5757067708608633e-06,-3.663313463669619e-06,-8.58876153121645e-05,-0.011473967238336541,-2.681272030973593e-05,0.012380748182403,-1.0928685402026421e-05,0.0030269823898441935,-6.2472210383276336e-06,-2.4892639908198893e-05,4.030429893968321e-05,6.5461463660110535e-06,-0.0010955029093657556,-0.00018060826126403392,-1.2376427584068512e-05,0.011456254777895645,-0.04457995114445133,0.06774411168618694,-0.02352538305974821,0.0007479116050578445,0.08011230631301368,0.023230216362479596,-0.12111670263674137,-0.0018434641457307074,-0.02557327451001388,-0.1277304801860439,-0.017801493552999148,0.025261004592169203,-0.016818391502394347,0.008879465028837553,-0.03478643175756326,0.009122690592929516,0.16967514141629925,0.14936270335364604,-0.07298272467949125,6.420633994284843e-15,-0.008111621977418673,0.06860543361245874,0.07578739863360659,0.11309642992478118,-0.019819483396633097,0.12576841154352233,0.16185852504757456,0.1455672905203281,0.06687348387695753,0.07503936576134652,0.11022250447110392,0.17469803379307994,0.003923827524151455,-0.045530049513385004,-0.08592586240010346
24,0.13556102093507932,-0.5776900175897123,-3.3726258627108996e-17,-0.3755899651215703,-1.6238366986420706e-17,5.138895083828554e-17,1.373657061369786e-15,-2.7316847971524034e-14,-0.08390816541168866,-1.6338715547979973e-13,6.368250221881453e-15,1.2067621149408437e-10,-2.5193286363254162e-11,3.710114705030224e-12,0.3431123288899715,9.875270801115512e-05,-6.846796825985401e-11,0.0020658907390012846,0.0002559740978173228,-2.5589380598682867e-10,0.016899948946604206,-9.08944829427411e-14,-1.0442898078802487e-10,0.24377304759907617,2.2764490467844318e-09,1.2420205566663909e-08,9.44396027752087e-09,-6.101659996799043e-09,5.095373894996152e-07,-1.7765134614010723e-07,-1.9826365012728044e-06,-4.853370359053128e-08,-0.00015136051704386225,-9.31556711078405e-10,-0.01140638956879525,8.754123062779429e-07,2.0341116516568165e-08,-0.01818888625977562,-1.1754367624411551e-08,4.1717870258313235e-05,0.0001268955166869493,-0.1620609514816629,-0.20113004167763623,-9.852635672423748e-06,-6.180779254134562e-07,-4.172826947437304e-06,-4.7849215916084676e-05,-0.005786443403855608,9.504442619983187e-06,-0.002545566729587854,2.447299164681694e-05,-0.0002421622595789484,6.493439936594526e-06,0.0001547030794759125,0.00022636083949678523,5.39609757354006e-06,-0.0012824260110707187,5.070227413144664e-05,-2.4221975229524632e-05,0.014253058655427347,-0.04199862031859697,0.06898327121704365,-0.02368157719329667,-0.02061591880621844,0.010904366355145379,-0.0019257023462843034,0.15373525131443905,0.0021450808005960926,0.02538798576869074,0.06945933712691023,0.026526177871415948,-0.0700634668858122,0.056026396490729775,0.0703536779380899,-0.05783232597285195,0.043282846500837746,-0.039717991624284646,0.11358660230317942,0.00629246348744224,-2.823048080351792e-15,-0.01259372766390048,0.044695305227387024,0.029546896071171558,0.051244837261575936,-0.018099550566042663,0.07090087046205201,0.07922450014060854,-0.2775089071128841,0.015484557097592597,0.06961446774579101,-0.1265352743490984,0.15275068302030187,0.0832999565806622,0.17893067673651866,-0.08405259221281905
25,0.5482557354238541,-0.14998557258605963,-1.0840418602126137e-16,0.42867035961766536,4.551596250605093e-17,-2.200981619654178e-16,-4.257106407065561e-15,9.943832913665806e-14,0.301007567746455,9.288664724427546e-14,-3.3909410138410995e-15,-2.5646119054047618e-11,2.614278143094049e-11,-1.5592630060359427e-12,-0.07305716462320361,-0.00022311386294588602,1.6644991393569332e-10,-0.014398514847818912,-4.739991689385195e-05,4.6926080461581444e-11,-0.004520210823581614,-3.9171127261510504e-11,-4.098302332972193e-10,0.1834411164774876,-5.016091999171496e-09,-3.660543579067671e-08,-9.452823688001402e-07,4.190564884267069e-09,-1.2749800162256048e-07,3.1370259937380778e-06,4.604972944855246e-07,4.7743256062589655e-08,-0.0001138043645495002,-3.0881032843065854e-09,-0.009291270675289964,-2.4540039703874336e-06,-5.6691768634716166e-08,-0.39299040904499094,-1.178075288835238e-08,-0.00040260445143862534,0.00032235001356316047,0.0010577933118536783,0.012018296607015986,5.395701955525694e-06,1.9515465008524835e-05,-3.7416980786934956e-06,1.1738877089197957e-05,0.04717353802112539,-8.153239443462106e-06,-0.004670417673161118,-1.616665201426468e-05,-0.0012934148332149349,-2.3804585532470484e-06,-0.00012595395549037846,-0.0001722187165947918,-1.0319920991613659e-05,0.001754170614783701,0.00013823003518950868,2.7197683365940218e-05,-0.02326129392552812,0.09084906728415645,-0.09554076633763647,0.02415549246763097,0.012822972626990546,-0.06762117485404257,-0.017780430931263105,0.003996339953112462,0.00023725936804161503,0.0076229115556977175,0.07299660076205478,0.003166445250226131,0.03522124997030538,-0.0037470917234629537,-0.0635096319360559,0.044851786623432414,-0.03434678997812286,0.14632732079031993,-0.0771685139876459,-0.023107603362705818,-6.467312080938484e-15,-0.007251338388792632,0.005876511057998762,0.0558624221099575,0.1606462648904157,-0.004238374457916809,-0.08182309935777007,-0.1769408975864674,0.02683857398573605,0.027110820653835035,-0.12634782011294607,0.00625990327009396,0.18068254945685205,0.05479543433919094,0.10990040165431793,-0.09402959062076961
26,-0.4335240097941672,-0.3756873040803331,-3.902495664056322e-17,0.42137248289505097,4.1146896026468835e-17,1.4661060013198537e-16,3.701670006349963e-15,-7.767809274969996e-14,-0.23025810784443962,4.3094652918894356e-14,-1.9109727867283523e-15,-7.829671405613445e-11,1.962418312797899e-12,-5.199289046702508e-12,-0.22356647159786427,0.00013742550073113336,-1.0707143965338515e-10,0.01234895504054888,-0.0001761390281736035,1.7647054753135505e-10,-0.009843727610981078,3.8205851405223464e-11,4.883985830847056e-10,0.2568584515148486,2.856343245050263e-09,2.2655348777775462e-08,3.8591087910879403e-07,3.237154173675651e-09,-4.084858007968441e-07,-1.316980921302271e-06,1.6173148166632381e-06,1.2647003094577747e-08,-0.00017400265562742738,-5.731983202197921e-10,-0.015323798991180164,1.7446358399866753e-06,4.026752899946664e-08,-0.017118144427344436,2.5416918605021104e-09,-0.00018665881975869403,0.00011617689136796888,0.21990236063958188,-0.14499667647181005,-4.485130871935798e-05,2.6705123289014175e-06,-3.724979326442352e-06,-8.791432133508032e-05,-0.014419150267192581,-3.08649565824692e-05,0.011991094660522665,-9.990430223087337e-06,0.0030320049293795456,-6.138206524834818e-06,-2.434165020480416e-05,3.9878598717204456e-05,6.514197731700009e-06,-0.001093931676209844,-0.00018003097351990816,-1.2329258505861274e-05,0.011441410690387833,-0.04453719778027117,0.06759198651166402,-0.023451873282605184,0.0007474399108356208,0.08011880152537915,0.023214840668232678,-0.1209788000647607,-0.001841531767944306,-0.025544343043659594,-0.12763368532348487,-0.017787698804825555,0.0253383448004935,-0.016767387207217602,0.008885670542031316,-0.03476716582740194,0.009122979927915116,0.1695958193991104,0.1492855228230247,-0.07278973733610612,6.354092961645505e-15,-0.008117653170420947,0.068518908796868,0.07576553735073707,0.11308049786592275,-0.01972643106429178,0.1258032690510221,0.16185115983819498,0.14556515754021085,0.06684175667575551,0.07504431169410958,0.11022836451851371,0.17469714968608832,0.0038807803106221225,-0.045549832647743184,-0.085932407921017
27,-0.1376082454823692,0.5861258124420111,-7.430590692185996e-17,0.37975137510221035,-1.4122868428160676e-17,1.597587914508302e-17,1.1792445411391534e-15,-2.5332209688311395e-14,-0.08008990033901912,-1.5162905684097394e-13,5.832987468566564e-15,1.1635458665009347e-10,-2.282528269332306e-11,3.124155136185433e-12,0.327586502789957,9.486338583310034e-05,-6.579064264912882e-11,0.0020467325606679182,0.00024710207115722304,-2.4691890572310205e-10,0.01655033532704805,1.5816391151879506e-14,-1.0083391559083247e-10,0.23435408926829884,2.2457279360053188e-09,1.2309659795863668e-08,1.8932372057681772e-08,-6.048382413418741e-09,5.24141978998494e-07,-1.9265082088169746e-07,-2.0263720806532802e-06,-4.820540071173609e-08,-0.00014794539012663062,-8.987047107762746e-10,-0.011315860845338055,8.715397066794987e-07,2.0255213263022127e-08,-0.018520139860283235,-1.1702664899598035e-08,4.1104452942192635e-05,0.00012846341248061696,-0.16342361642212652,-0.2053832099215255,-1.026847415831522e-05,-5.583064030248201e-07,-4.234227345536985e-06,-4.9298050426085245e-05,-0.008235380133819812,9.747581942046899e-06,-0.0025862568455956004,2.372833772615662e-05,-0.0002502287919949472,6.434360840384263e-06,0.0001532012797004612,0.0002245113013361873,5.362221584580592e-06,-0.0012820808837648932,5.045825585414995e-05,-2.411415434470609e-05,0.014234271545776337,-0.04192400773172878,0.068794228507618,-0.023599347454377948,-0.020578182289090745,0.010937685017933862,-0.0019191857996135962,0.15347922564127447,0.002141547710831567,0.025369779714851354,0.06943452245496665,0.026543665320619466,-0.07013045564564058,0.05589210752619267,0.07030377773899708,-0.05779783006592801,0.04326113561901926,-0.03974310876266238,0.11352593247266825,0.0064144378099981365,-2.4798699295155438e-15,-0.012725232912157648,0.044634203367096136,0.029529215422897066,0.05122416810705672,-0.018106120633827282,0.07092162324912925,0.07921896353112738,-0.27749911349910494,0.015472381671278516,0.06961876438446427,-0.1265423498388917,0.15275035344419607,0.08324709097658332,0.17887444093079377,-0.08405906051421135
28,-0.008926690916436303,0.0024430761183233465,1.193678111441062e-16,-0.007006437350735148,8.06431059519489e-17,2.1789168453476012e-17,1.7899904606474945e-14,-4.0497400443863337e-13,-0.660761672649265,-3.0011586526268123e-13,1.1374217928073366e-14,5.067127278611971e-11,-1.9393669680609998e-10,1.1967818162489654e-11,0.16380930259657056,0.00032783960179499596,-2.4779132308531655e-10,0.007517265764316484,7.672107255834358e-05,-7.777773403170635e-11,0.0013420558366719739,1.1345634896617069e-11,9.09430750248463e-11,-0.49428657125976244,3.0852182264258926e-11,-2.7447416477673344e-09,-6.722203359439306e-07,-3.147980433371416e-10,-1.0462351523241239e-07,2.4592647277348133e-06,3.810496475715366e-07,7.349431606565214e-09,0.00016719471924883504,9.75386865301776e-10,0.0034618426227756524,-1.3279540399486952e-06,-3.1297368739198484e-08,-0.28421116441760597,-3.57991971161829e-09,-0.0003089908359479104,0.00025695560946931004,0.007225891659009613,-0.017467592555048678,-6.063227064280561e-07,1.9064810674522577e-05,-3.492618016715927e-06,-2.0886923784025504e-06,-0.10261116844217309,-1.0265249908295136e-05,-0.008080003554644576,1.2890053318869566e-05,-0.0019537086009077387,-4.596095234673369e-08,-8.369703403316503e-05,-0.00015328890399085,-8.770501575901426e-06,0.001905021535935308,0.0001228584249951029,2.483529940656402e-05,-0.02177045639312604,0.08319791009673258,-0.09183432747117315,0.0242780662899141,0.012428537992506667,-0.07029164308959764,-0.01772807782390776,0.0036270107828974755,0.00022383877506821343,0.006691751182043481,0.06936476879858654,0.002212723560889677,0.033196088891765695,-0.004934957796202024,-0.0621998163739728,0.04495026325503608,-0.03402172070238392,0.14048714438454443,-0.07945653637912072,-0.020382832173739287,-6.103741409158363e-15,-0.009492927016046798,0.0035134316701686892,0.05448403866477095,0.1582252775771368,0.0008598781632502649,-0.08035946756573997,-0.1769583506041206,0.02690203542784474,0.025946084651906422,-0.126516307614474,0.006257409952866743,0.18045260837448437,0.05261662491424005,0.10690656067497209,-0.09422009651207934
29,1.4936461904661938e-05,-5.5169508334106675e-06,-2.478031124346661e-17,4.478899738431337e-05,8.91595667904048e-18,9.821497914568848e-17,-8.194575006432196e-16,1.8296505316630106e-14,0.04722109414342973,1.809735840919752e-14,-7.695556746710729e-16,-4.908043607917912e-12,1.8373933232843813e-11,-1.4016782153459716e-12,-0.016620452274190598,-3.1210263105181204e-05,2.3323178650023337e-11,-0.001179486913885078,-1.0205283674051115e-05,1.0224911607844567e-11,-0.0003014624616149516,-2.126497508678327e-12,-1.7756272082751955e-11,0.15179118981713804,-7.997170654734255e-12,8.184908994469264e-10,3.2889304258196436e-07,1.2148642775726852e-10,7.646683461230724e-08,-2.1182522793563534e-06,-3.9094065218895687e-07,-3.320199891760063e-09,-8.347123861860037e-05,-4.81677782498807e-10,-0.003340526532273346,8.015531341591407e-07,1.9423099096657146e-08,0.5654550324334792,3.8644838097731375e-09,0.0007287932656508995,-0.000675814625495306,-0.04105325191112358,0.12172993260706613,1.1939359596075624e-05,-7.193970944371098e-05,1.2368090844008237e-05,1.812757769928194e-05,-0.6515636576312025,-0.0001602092966263472,-0.0350592201183182,7.450477313431167e-05,-0.004932413576199468,-1.345400303994576e-07,-0.0002143556927257419,-0.00030657329948161494,-1.6247632789356046e-05,0.0027967231826925773,0.0001878838370160094,3.778280921435584e-05,-0.02361666560621152,0.08070595859711427,-0.13118631554437338,0.0469001840175918,0.015288865373097116,-0.08152000736039862,-0.020784919590519247,0.0043779311396040235,0.0002687085530269171,0.007642102413571832,0.07796252664788109,0.0024826168961873726,0.036352660510228056,-0.005350478989212872,-0.06613331057889107,0.04715077066357362,-0.035634116826953895,0.14455263948857586,-0.0827623331910471,-0.020726701547591403,1.2314492668352684e-15,-0.009309385208972105,0.005788713590575146,0.05140416718416972,0.14494525375030923,0.0008652371538919233,-0.06538025066112431,-0.18265366489098225,0.027663000079153077,0.025195127282663213,-0.12649552660126473,0.006254142801691707,0.181453173561286,0.053191624621461854,0.10771783863346543,-0.09406047652903292
30,0.007046555673004749,0.006104602216714559,6.525797066229055e-18,-0.006831535791468407,-1.3173601335894967e-16,-5.993731745866267e-17,-1.4073739705152146e-14,3.0521526897493394e-13,0.4669143083886615,-2.3761312202794427e-13,1.1193756679007314e-14,1.393676068030399e-10,1.003208860189215e-10,5.850881384271592e-12,0.44716279396403,-0.0001502525572807825,1.2384300362123044e-10,-0.0053500299499071625,0.0002265726546900055,-2.313574552424784e-10,0.003876036884634762,-9.34324989780546e-12,-1.2214379421309195e-10,-0.4659547294729307,7.372717275316725e-10,8.50093586929519e-09,1.0543928301105493e-06,-1.1200745963563065e-09,-5.241345882569147e-07,-2.496569247706846e-06,1.9866054107478163e-06,-1.0827299550105855e-08,0.0001321134996750431,2.121466862540039e-09,-0.0012140369038177038,1.041106694424434e-06,2.4442914344602495e-08,0.04489665511169786,6.698261381922007e-09,-0.00011568029536665277,6.799643474733194e-05,0.258027881239015,-0.20280716499823181,-5.65544362083191e-05,2.141017254398546e-06,-3.598132208164324e-06,-0.0001257754481623007,-0.10691962415745904,-0.00014980940058779342,-0.0016247018895780708,2.0917375507140827e-05,0.0028663873097284753,-1.9924752887267976e-06,-2.588984821632021e-06,2.2778679452943013e-05,5.169650170179039e-06,-0.000992103584451474,-0.00015424708147742451,-1.0256310296924656e-05,0.010692207038459647,-0.04238605887872145,0.06037505504430757,-0.020028430817051506,0.0007385712528094044,0.0784643051963969,0.022208380236717118,-0.11388933133583512,-0.0017404505159806256,-0.024209891190453556,-0.12253784370101986,-0.017147885844004323,0.027250823611721674,-0.015214801743823798,0.00903522013138056,-0.03355261141031763,0.008997280260216565,0.16362161383263885,0.14424567343324438,-0.06571016483212454,5.750477035397155e-15,-0.008167326213752284,0.06552249728974399,0.0743986763335595,0.11146429526870692,-0.01651111963153351,0.1263964470508298,0.1614417068840988,0.14539799551932905,0.06520704881805872,0.0751899988996812,0.1103975289707559,0.174477003525106,0.0017916208334819628,-0.047029330987690784,-0.08612034840625467
31,0.0022368093210303913,-0.009524425287338592,8.147884527588679e-17,-0.006158214835046922,7.481509809093831e-17,-2.8262526925690854e-16,-4.306977832704924e-15,9.659877171073506e-14,0.16245411132952683,5.756214178026427e-13,-2.4453319828054953e-14,-2.0482545807692088e-10,7.843460619207531e-11,-1.625246913240052e-11,-0.6556120589970322,-0.00015403959261498014,1.0566213252851496e-10,0.0005772543445166842,-0.00032611706937972935,3.3239733043492e-10,-0.0072765624193657525,6.545436464334261e-12,1.335229573377498e-10,-0.4262826466354229,4.0158049351866365e-11,3.879024952209135e-09,4.657678155554353e-07,-1.9704752245089456e-09,8.112569265094666e-07,-9.522528178239236e-07,-2.846761035364028e-06,-2.1519007093119663e-08,0.00012494404292365643,1.6744413183843806e-09,0.0006322481947152564,4.7224505911839703e-07,1.1189044367453137e-08,0.03265935751130661,-3.5537977629702354e-09,8.218380292111425e-05,8.53320578493303e-05,-0.1841295755475659,-0.2736532341130026,-1.7536162041410956e-05,-1.0591745357323485e-06,-4.133901516783576e-06,-7.549778966612294e-05,-0.0852918002398282,1.8280356865447384e-05,-0.0038168485104668193,-1.826310149503522e-06,-0.0005429579597184581,4.124253223253425e-06,9.391627185029461e-05,0.0001479167334559841,3.944859106210254e-06,-0.0011976442711353892,3.936786408183608e-05,-1.934794367003462e-05,0.01314189851692957,-0.03842768039394847,0.05995978498847226,-0.019796865158608998,-0.018728386885672653,0.011538614830345505,-0.0016838413383871954,0.14080227433421413,0.001966359867005347,0.024158389562135445,0.06701933026495638,0.026433003542263155,-0.07099366041713165,0.050552911751134556,0.0677728451580979,-0.055774780252846476,0.04200140540157421,-0.04175793582836804,0.10931833371723294,0.01058128140576035,-6.053524930735447e-16,-0.016647665437283583,0.0424870166469003,0.028508311293305322,0.04976023807497109,-0.018000762051655624,0.07120708467781185,0.07893458234210907,-0.27684795211721025,0.014717553736395836,0.06974286151777104,-0.12674670940420418,0.15256838979377366,0.08030442334051292,0.17471033732589858,-0.08424571328524681
32,4.358883375516724e-06,-1.1932541012678241e-06,1.3841650528488728e-15,3.4674713725594803e-06,-6.3392475290539e-16,-4.148510300245451e-15,-6.874093505025382e-13,1.4324789075623318e-11,0.018550833201186816,6.856687541949239e-12,-3.145555051315267e-13,-1.1880978117541807e-12,8.667575304854016e-12,-7.032065909157646e-13,-0.004027229432592715,0.005863968786673352,-4.3045787419730195e-09,0.5297803137778271,0.0013250470350674407,-1.2622230679911175e-09,0.19400245104316421,1.3554871261560028e-09,1.3732086410053819e-08,0.012834390714838868,1.5195562071349827e-07,9.886145969732736e-07,-2.484223489696375e-09,-1.0842331950330565e-07,-1.8237339872382032e-09,1.0242326671226379e-07,9.950003544164473e-08,-1.0863044804331117e-06,0.0050746660337614245,8.59129247994108e-08,0.42609680420594837,3.214451708436908e-05,7.121134672349469e-07,0.0166989860320481,2.3668886423727904e-07,-0.0010770742471995893,0.0013906473387537512,0.01313274142217101,-0.022246130985814513,-5.430831197177051e-06,0.000461947862398378,-4.1264989070441966e-05,0.00019029703393120325,-0.0011491220547201978,0.001512178607863689,0.12802134938325502,0.00039978869373207394,0.00037191162861107335,7.432134706643807e-05,0.0024328502250626693,0.0018477849221159772,0.00011038313268433542,-0.0016705378206438141,-0.0010032783615770027,-0.00017497762618692926,0.0610863995585923,-0.23819602203703338,0.3716944931249219,-0.1410531356283524,-0.02812744696473658,-0.049413721666785586,0.01423165319868594,-0.018959157182979802,-0.000735645534507814,-0.035395890061735484,-0.14535478585922224,-0.035493138694431055,-0.07087696019361407,-0.04774588485603429,0.028714159813261312,0.029957573763448018,-0.004852208272154225,-0.18268694056836532,-0.1540669976006697,0.0931138280977538,-5.835733978207954e-15,-0.07901320853097532,-0.09659034674447313,0.010389454914621043,0.13126973436017395,0.17440482427748671,-0.13908472014125145,-0.13408750984121032,0.024382794332650382,-0.023115914665090345,-0.1318130836049088,0.006140699297324639,0.1593978710002503,-0.057871905637436376,-0.05686526012817768,-0.10110011181317154
33,-3.4478051574715015e-06,-2.98404873630937e-06,-1.0588529174186003e-15,3.309631631029834e-06,-1.2798007414689729e-15,-4.41992344949732e-15,5.57411682022908e-13,-1.1626196489118913e-11,-0.014791528939477891,1.2319575661417386e-11,-6.01364976463744e-13,-4.252429838097306e-12,-6.13738099847788e-12,4.6151518772093536e-14,-0.014713250915498981,-0.004959261088742567,3.636209174787532e-09,-0.4834381216243641,0.004630903145673544,-4.521058478664655e-09,0.38405439974515965,-1.4652924217072458e-09,-1.8542921036120933e-08,0.012144896768956248,-9.583261341613934e-08,-7.381030411661214e-07,-2.7648056812536116e-08,-9.48079809358159e-08,5.74546587062554e-09,3.471024809465928e-07,5.150246728647475e-08,-4.0144629751952247e-07,0.005446557032591365,2.5794974341081376e-08,0.4768789810094667,-4.027789075294795e-05,-9.20809003420542e-07,-0.01445300466063257,6.551460226333672e-08,0.0010255429313501484,-0.00047706158013140204,-0.0222428112138628,0.00531035056011214,5.101360732112483e-06,0.00020562449962437218,8.107284148037741e-06,-0.00017625818600257352,0.005246878853824333,-0.0024929754690727482,-0.31265275430087147,0.0006521681503534682,0.0002771666750077281,0.00013764153116479057,0.0012346152219412832,1.5342708885687485e-05,-2.01112994334855e-05,0.00037184724330980163,0.0006819081325232173,2.4544693311964572e-05,-0.016113554161136034,0.06545371818428644,-0.10268919902917463,0.04003984781087913,-0.010308407331090503,0.0065168592818469805,-0.0162749339239398,0.20612426765715736,0.0027382049200801576,0.030242849638813536,0.08093249921364068,0.009814486406331526,0.0624237479226849,0.03723053977866989,0.026720452409602323,0.01766118059988566,0.006453446019244399,-0.1586221068523696,-0.09263708142249158,0.20045036243396028,6.660556764711615e-15,-0.005227031022556625,-0.051086871487604615,0.018214853930364996,0.06949752249310752,0.09802240101505033,0.07594227216354717,0.1624574890863355,0.13386083282542308,-0.006761245104265732,0.07966188845683711,0.11558608610957148,0.1572987512063346,-0.09221390496983883,-0.1254676678443334,-0.09238886523898887
34,-1.0941731689356192e-06,4.6523752854427e-06,-3.5463684329359043e-16,2.982058749442488e-06,2.1376270414227423e-15,-3.968076686877973e-15,1.7252932275962156e-13,-3.5960832684534212e-12,-0.004853687569174408,-2.0916161599909448e-11,9.990671662423013e-13,5.7344254548506635e-12,-3.143757782154089e-12,7.121902459506346e-13,0.019680907132049227,-0.0014268964286681851,1.0491470612681646e-09,-0.11367308830395285,-0.006215595796870692,6.037910256085682e-09,-0.5825872935422225,-9.05341786870623e-11,2.6846166141065325e-09,0.01272116610164365,-8.346609896637448e-08,-4.6331062458465123e-07,-1.9426434513747754e-08,1.9483278127976223e-07,-9.059694813055325e-09,2.3462605871597254e-07,1.5941263994118028e-07,1.3988361982888207e-06,0.004682070595431841,2.9542590137767646e-08,0.39026301062993235,-2.4515484062459104e-05,-5.661466991628925e-07,-0.006834840434611714,2.7916016599589256e-07,-0.0006808778161177102,-0.0007764091869169713,0.02041597853211777,0.007201337975606004,-1.3763267678737933e-06,0.00017725298399161085,1.6792650495924776e-05,-1.1953904551338155e-05,-0.0011337321582186764,0.0010092698222093728,0.07789858374074644,-0.0010896475625119468,-0.00011711234023856439,-8.823688781799036e-05,-0.0017442831991115206,-0.0022802828387532607,-2.8685509244695336e-05,0.0009531776221531234,-0.0006086853472729042,0.0001346269791100164,-0.03283654203217454,0.12082537174216948,-0.1965904230521705,0.07150039914372476,0.05376833254727134,0.051024978916497134,0.01617566429660168,-0.42060977891868323,-0.005898029413841552,-0.03857411908308436,-0.08958927594549039,0.0007832218514384993,-0.06776288339677071,-0.1585958354562057,-0.03523818620941951,0.03435491488774777,-0.013426783248398532,-0.15738883638806134,-0.09235371246132427,0.15814105961703745,1.1684748981477583e-15,-0.13996403141918498,-0.042686773377247265,-0.011340425552243181,0.013519019526324354,-0.005642561582423643,0.025156234733855955,0.08241528936082118,-0.24622779540812287,-0.019948536346807374,0.07346892790734084,-0.1329905559275979,0.13801821097336234,-0.059379808413059676,-0.04222896431369037,-0.09039903752852589
35,-8.862779072444109e-10,4.41574978116993e-10,7.412525287414551e-19,-1.0111717506196907e-08,-1.3907905135112717e-17,1.0893454052470158e-17,2.4632590487452248e-17,-9.051853674689994e-18,-0.000112806181614565,-9.957051136700886e-17,-2.538996639977941e-17,1.5566697515042727e-14,-5.709908062012822e-14,5.289347432452601e-15,5.501586159994037e-05,9.742221781620536e-08,-7.203347878960321e-14,5.781123721034924e-06,4.3195795568471197e-08,-4.3001822159085003e-14,2.0111142809906163e-06,1.233209773996668e-14,1.0506162359857665e-13,-0.0013061213623230662,6.018095554665327e-14,-6.881066872293386e-12,-4.0091687911381e-09,-1.2465078707480068e-12,-1.2143412947165174e-09,3.7086167291911954e-08,7.539468488796154e-09,3.824240244613024e-11,1.0320044055391767e-06,5.909852077710785e-12,6.232995084055883e-05,-1.1271511382285487e-08,-2.781373817558637e-10,-0.014691193835417587,-7.654596728733255e-11,-2.010005784647484e-05,1.9300166803083168e-05,0.0014055300506546535,-0.0043042229675293395,-4.6574743580674807e-07,2.2663913299589516e-06,-3.8367070284782974e-07,-6.597826279095068e-07,0.03314587892325078,7.169762360822384e-06,0.0019980372894258342,-3.878563720397043e-06,0.0003883558205730488,9.404431862255262e-09,1.6658668168167278e-05,3.1966894168411343e-05,1.940131174973972e-06,-0.0007233318182000855,-3.9450542962329865e-05,-8.123629673696051e-06,0.10632887032592504,-0.6069825473139092,-0.2796732881256782,0.3323740813077669,0.0043043154676321695,-0.008463339465144557,-0.0026624858749952846,0.0009137836428763788,5.139073451171555e-05,0.0005549439392594784,0.0033133354415652667,9.740850054069192e-05,-0.00023438794070103236,0.00014283123271679785,0.004762488253257667,-0.005238178823429639,0.004132172849794884,-0.026991348088437478,0.011198404940587908,0.0052297233834761835,-1.896192499412383e-15,0.005948215340817612,0.06721166590171512,-0.07499578224398781,-0.3271514068809449,-0.00028567702644554315,0.39329673541888754,-0.30242527634906535,0.043382118582684204,-0.020432768352995803,-0.1235921765965412,0.00606934224526416,0.1970413565909334,-0.015586049360189808,-0.03435580387540293,-0.08926816529348784
36,1.8427891974876708e-13,-1.238466490584881e-13,3.3488379385165893e-19,7.998138307759708e-12,-2.20808461505939e-18,-1.271333308252972e-17,5.442335957704017e-17,9.442492548222853e-18,9.420278468765044e-07,-4.715371844080502e-17,-2.23005020185865e-18,-1.7244630529579261e-16,6.198053046198903e-16,-6.966965360288444e-17,-6.359702699737182e-07,-1.0622120048445702e-09,7.999328603086423e-16,-9.878072398325733e-08,-6.378556322093708e-10,7.529296811435991e-16,-4.667701103066767e-08,-3.227850834818201e-16,-2.0106120147328047e-15,3.9011181890083774e-05,-1.6371402106831515e-15,2.008284120881367e-13,1.6888247523703437e-10,4.437788108548667e-14,6.631608466665304e-11,-2.227833397126945e-09,-4.976413114805801e-10,-1.5235456869632812e-12,-4.408185515463447e-08,-2.5087219917131026e-13,-3.983934235965951e-06,5.463898016019877e-10,1.3725122604546065e-11,0.001293335831506114,5.185386724751101e-12,1.8736661284401172e-06,-1.8600190739835279e-06,-0.00016086816025447415,0.0005078016086396377,6.023408849422382e-08,-2.3979210586191226e-07,4.000326825126426e-08,7.99803254487628e-08,-0.005467611246501812,-1.0526680158757014e-06,-0.00036476869665394646,6.531971643507168e-07,-9.35141206524584e-05,-2.0497236452608963e-09,-3.968319243724664e-06,-9.613351781840737e-06,-6.44598698667557e-07,0.0003779724766228521,1.8619011482224682e-05,3.881593652695161e-06,-0.08928307719544376,0.5161080509335654,0.25896673233964246,-0.2937659077913087,-0.006140842301682366,0.023831805485164073,0.006291486517584173,-0.0015314733845334502,-9.092984821826178e-05,-0.002163351073534385,-0.02179716036540658,-0.000694066968767547,-0.010446259361907441,0.0015808224342177266,0.0213070634429943,-0.016614181678916103,0.012702179957848543,-0.06096814285262164,0.03089890681781271,0.01012195700692608,7.672913053809862e-16,0.008520963215450417,0.07663899163575837,-0.09528370538901128,-0.40186205942223074,-0.0004942546748495432,0.46471867305725395,-0.32039484093941717,0.04573971020326623,-0.027988156871698817,-0.12333216474114643,0.006050564913798704,0.19952639896066798,-0.028260903801499402,-0.06022576116870548,-0.08869744199363622
37,3.253203480591019e-09,3.798916345894761e-09,-1.2841452787553418e-17,-1.1904229269679604e-08,2.7363451226500047e-17,-1.8974939450035736e-17,-1.3373390746538588e-14,2.8655364624584636e-13,0.0005771310896002126,-4.1334485627270527e-13,1.9599033991220054e-14,2.2230629606442608e-13,3.1413095636491963e-13,-2.8908622071422707e-15,0.0008040506751276501,0.00025500494149870173,-1.8494968906375837e-10,0.0398607546796709,-0.0003271334704842259,3.158557420165198e-10,-0.04402532019390183,1.424099619431026e-10,1.8710042848730896e-09,-0.0018386477085849068,1.249369739691889e-08,1.0890784796393288e-07,6.203075189035374e-09,1.7470140419777897e-08,-1.7623306012416248e-09,-1.1997797787352222e-07,-2.00940226832315e-08,8.43774655755552e-08,-0.0012421580937666574,-5.831147703822852e-09,-0.17845828513751005,1.0680253410029923e-05,2.4948375386311566e-07,0.00836880052670508,-2.6444255241319313e-08,-0.0006459085800265624,0.0003158773741221402,0.01936181660704723,-0.004866306360352933,-5.501893946153639e-06,-0.0001574069052511593,-6.063390624213544e-06,0.0001692810046872718,-0.009387682169860944,0.003443132784766027,0.7271405963535377,-0.0012270886819144564,-0.0020104669716799538,-0.0005886107414789775,-0.008354053171891094,0.0003435825768815238,-0.0001760821592556834,0.0010447068532215165,0.0021947364387337625,7.756776928260867e-05,-0.03126850100242007,0.12621193206164427,-0.19023633802512877,0.0757686989979558,-0.016536251641327535,0.009314582094500574,-0.023771815435685198,0.31889279801983456,0.004191206321709302,0.04192326464932623,0.10871690478859096,0.013138440338201857,0.07973371534000709,0.04666184777330487,0.032300506420995974,0.020839584352369725,0.007595024443361959,-0.1811616033067653,-0.1079840740673233,0.22474705111457433,8.185602065562617e-15,-0.005609030501293518,-0.052593559013863596,0.019142810215778825,0.07258371570092863,0.1082621980084455,0.07873036795439609,0.1647457155479357,0.1356085306625855,-0.00720086932617592,0.07974612344660062,0.11568289290854131,0.1579729426080614,-0.10250829765983803,-0.13882963538700036,-0.09239831229322433
38,-2.5877700681984047e-08,7.07699489509154e-09,-2.4494641511220904e-13,-2.1625581155665644e-08,9.042211636161099e-14,7.280109779196363e-13,3.949148477391322e-12,-7.949889434313728e-11,-0.005798472404999027,-3.547404948215561e-11,1.704549451223083e-12,2.71394595408882e-13,-3.9505565704206455e-12,3.838864179628016e-13,0.0009395070312679788,-0.012733711036058396,9.495793671193964e-09,-0.5188349291639037,-0.003266300736978965,3.185763560886054e-09,-0.1906216810626621,-8.87208704702458e-10,-7.543530119115886e-09,-0.0033038765085005354,-4.6252388582566855e-08,-1.3039191103750274e-07,9.081665652589092e-08,2.3315375568217237e-08,1.154081999412848e-08,-4.916829923307666e-07,-1.3426671460570848e-07,7.660349238092071e-08,-0.010583364751123684,-9.834912687138375e-08,-0.42407407450790113,2.4292863352032657e-05,5.690759955605026e-07,0.031914742882906154,-1.649186571930598e-07,-0.00015927121894665052,0.0006782241401232429,-0.0004508989658287435,-0.009685834053201153,-1.935309852504004e-06,7.802422807370731e-05,-1.9078909513492856e-05,8.538024715415135e-05,0.009094992513825333,0.00028141272259689756,-0.03411225145065426,0.0006041196858927344,0.0007719695589079498,0.00015795667405735678,0.003362107362658872,0.0016745750173324222,0.0001207281231238227,-0.001849148073548324,-0.0011443718288659517,-0.0001765143453700668,0.0642322207197446,-0.2505046712053691,0.38877202834600794,-0.14663499599800406,-0.02906296358914159,-0.04571995431795649,0.016812273799824393,-0.02946453786693918,-0.0008553811788186048,-0.0375393605197143,-0.15588265618645022,-0.0366605213149128,-0.0775696539218856,-0.04660744101102574,0.033699526739885854,0.025544049466405865,-0.0022925666940936907,-0.19214830124689805,-0.1465232892627478,0.08918320145820441,-6.017409032872984e-15,-0.08154615039567194,-0.10324264099247267,0.006369086346336532,0.12612392277988968,0.18010239121625923,-0.14331894343153426,-0.1308440539954037,0.02393731631184872,-0.026380595628253834,-0.13222011557758373,0.006121562350082733,0.1570964775039996,-0.060993369508683476,-0.06375844377690083,-0.10163004098794762
39,2.0464413062254466e-08,1.7701041200098637e-08,1.9359643238245324e-13,-1.892205750815553e-08,2.2665037415858928e-13,7.208152682491992e-13,-3.119510532485943e-12,6.279183162564527e-11,0.004583001366682893,-6.80046923984271e-11,3.4200749359265086e-12,1.3203215877248106e-12,2.8916769984971347e-12,-1.1317473647596095e-13,0.004842514270166209,0.010145202760659533,-7.561816325106728e-09,0.43389188685968644,-0.008966622671353527,8.889067019991242e-09,-0.33200418686531397,9.597305140307036e-10,1.210586330076006e-08,-0.0022882707234296307,2.7086517535622635e-09,-2.589150169235314e-08,-6.294149891746026e-08,3.143828712495464e-08,4.9534309119398943e-08,1.1249037489531421e-07,-2.710032195211804e-07,2.6660674563124636e-07,-0.009179753632531847,-1.0482449795243766e-07,-0.27835678396457125,-8.408334096323315e-06,-1.9324532797191446e-07,-0.019199538142857884,-2.2647138215389776e-07,0.0014644128122239342,-0.0007389278622635604,-0.053114953978787224,0.028098529301942787,1.2487638122045163e-05,-4.037345559761129e-05,1.891893922640216e-05,-0.00023751026766622007,0.017131628830920977,-0.0038708644901151285,-0.5792607013675131,0.0010921029541744768,0.0006661100518672397,0.0003319818122114909,0.0038283817405048034,-0.0001366820985040087,2.2380239424677125e-05,0.0002871872647929943,0.00025520384866703174,1.3245460784617025e-05,-0.01373082272211797,0.055859072699181174,-0.08906496601821469,0.03391021130615643,-0.008474510232865067,-0.00031909977658231326,-0.01658716436415903,0.1893136318075021,0.0025907754730138885,0.03094370959950238,0.0904417655603642,0.011575081166392035,0.05935059053332155,0.04130243162530888,0.024671269865284423,0.01853482780810258,0.005901955468655643,-0.16493147622042073,-0.09741375270533317,0.2033281845440567,5.6842166891448895e-15,-0.0027004181262798204,-0.059073174086061275,0.012970199572658136,0.06302096627963619,0.09824572639941877,0.07069618049017301,0.16121218345864302,0.13209350392522765,-0.012015813040424851,0.07999696077481365,0.11597074606758742,0.15522814305918156,-0.09175496002316713,-0.12205079209250012,-0.09287841551017634
40,6.49433085837961e-09,-2.7616295573353285e-08,6.149347260656928e-14,-1.7211707616221692e-08,-3.53480132811013e-13,6.465642349939604e-13,-9.954371546455756e-13,2.004279216968367e-11,0.001479486797734571,1.154081421777346e-10,-5.714789015236864e-12,-1.74234272602894e-12,1.2642026829363583e-12,-3.0434766245768134e-13,-0.0063224471071615055,0.003140396341447891,-2.3450927420661413e-09,0.11150817353259175,0.013579403776990816,-1.340480601300861e-08,0.5706900230064527,-6.867356606169647e-11,-5.4046213801878244e-09,-0.0050730362542555215,5.284881683057354e-08,2.1171308574799958e-07,-9.193645439419314e-09,-4.4193425470185776e-08,-6.493171181253887e-08,-1.232341577164158e-07,1.6073519870019692e-07,-4.856012040919601e-08,-0.009508190071575565,-9.595398482849166e-08,-0.3846711538743761,7.487253798040551e-06,1.7200720406919178e-07,-0.008199506884984113,-1.4078199987452546e-07,9.034995539324157e-05,-0.0006356542283158054,0.01987832575785982,0.03156839440326881,2.319993614529588e-06,-9.805192698254936e-05,1.817643703295121e-05,-4.9494957887703636e-05,0.00736852639547559,-2.0802173789093795e-05,-0.04623783876862917,-0.000614328487107786,0.00013675090371635199,-7.142199775345845e-06,-0.000656651969011397,-0.002048876055857474,-1.579721899275189e-05,0.0009677158330970186,-0.0006656869121785744,0.00012521780551535603,-0.032721058929513214,0.11956997026142482,-0.19540618715713198,0.07056254358488798,0.05575159938837854,0.050718631831093826,0.016863384898178554,-0.4392692338866883,-0.006126894604283937,-0.04126606129582234,-0.09569394999448662,-0.0008623843171785753,-0.0642517168619792,-0.1660290512444807,-0.04359793467681418,0.03874640625134742,-0.01747754271405203,-0.15243084975629287,-0.09832646576388149,0.15789912142614418,1.3006087882932851e-15,-0.14616024142598744,-0.048556138751296885,-0.014720195536303054,0.008870999945115454,-0.008991404288098566,0.021102929569234638,0.08203986434309608,-0.24308474461351132,-0.022107485662643936,0.07374666863922333,-0.1334683182943102,0.13633881256065936,-0.06582452255470331,-0.05500311657920034,-0.09087270555278301
41,6.336912382709706e-12,-1.7326016643604636e-12,9.966875311115615e-10,6.312957614713105e-12,-3.678188055051535e-10,-2.9730398412177927e-09,-5.401393271969595e-10,1.0482955847653343e-08,0.00014916591181798314,4.409982568219702e-09,-2.2204699777750595e-10,-9.239940216196954e-14,5.407795647580027e-12,4.701112819217771e-15,-0.00013082095020868588,0.5444638855429388,-4.1560624689194617e-07,-0.0038682301923960304,0.15236239963204204,-1.529095683655095e-07,-0.00108714765572823,-1.753761178062955e-08,-2.155229361230721e-07,7.32682222401369e-05,-3.293351198542388e-06,-2.3918284388094824e-05,-5.615597147339431e-09,2.1557482181245547e-06,-9.849837427841806e-11,5.888290633736549e-09,-2.330362027556219e-10,1.9577568182094953e-05,0.42796658615568356,3.6532911925929337e-06,-0.0024533035651064634,-0.0010390306886314462,-2.3019366070980936e-05,-0.0012957877741416055,-5.97610473300005e-07,0.009307465811803224,-0.01738100644164881,-0.0008014453563477311,0.0014243091166711872,4.0955694794647643e-07,-0.00956924817195226,0.0005551644358067183,-0.0015504695631960422,0.00010103675689038179,-0.00633400521643053,-0.017365434484740414,-0.005443535562714679,-3.454844314634151e-05,-0.0009824624331942631,-0.01993340931119008,-0.00825526240681471,-0.0005090617826616748,0.0004430084308176593,0.0024648817583061097,0.00042416866487072493,-0.02682407940387845,0.10743753844314256,-0.1518208807843515,0.09131569422361693,-0.021104196538072134,0.10336766404612635,0.04132622462462514,0.03623663012275147,0.0019165947212039282,-0.00396146081613175,-0.1095217787837686,-0.0026722853760763866,-0.11327272567475556,0.13235236943088713,0.11624149935149886,-0.14377041832707207,0.06777202656969471,-0.08620090169820216,0.3049132421885601,-0.22909260598664632,-1.9190123252213283e-15,-0.06518095733476044,-0.22959798486326605,-0.09414331971148512,-0.05435167686844355,0.1480267403733052,-0.21839731756104125,-0.05037774730641453,0.014052969803292679,-0.08548524634360138,-0.14141292203442135,0.005513804703726145,0.08986854151006568,-0.028801880609320877,-0.11724129986644011,-0.11353079086248069
42,-5.0109381755074335e-12,-4.332187682473857e-12,-7.88103665347477e-10,3.9302618663129885e-12,-9.219298124842298e-10,-2.9289754968082092e-09,4.262442237196867e-10,-8.271678486084345e-09,-0.00011792042182314378,9.182926536629372e-09,-4.76848689709861e-10,3.685540152211866e-14,-4.287208142380335e-12,-1.489861691855329e-14,-5.130217648481883e-05,-0.4322321547034394,3.297900658292615e-07,0.003669362639727074,0.37161773883537763,-3.767054365601289e-07,-0.0027556709738390125,1.498902955589069e-08,1.9030892182124028e-07,6.932965962134726e-05,2.521072262236736e-06,1.832291574597942e-05,-3.0346587321213873e-09,1.6735390810178548e-06,-7.856980517351385e-10,-1.0185881999184827e-08,3.1658584853310276e-09,3.0968969278016323e-06,0.4133870887164618,4.979350509454972e-06,-0.0060181800926496646,0.0005199038750448523,1.1721955724130556e-05,0.0010158859277292756,2.7806084753078355e-06,-0.017571157582166628,0.005600275709833743,0.002133388411126364,-0.001004096067631256,-5.651987637548809e-07,-0.005352194664295571,-1.7512354237235442e-05,0.0017851095867516418,-0.0006166880891722912,0.014833024312605239,0.03586184290107067,-0.0028122455121281946,-2.307535388021389e-05,0.0009751263513486247,0.017832903446263374,-0.0036460166517975237,0.0005020817379014367,-0.00023190517351638062,-0.007037820320306154,-9.149142908242707e-05,0.017484483705301198,-0.07183466725082513,0.10739494407682565,-0.06000695844628058,0.0461538206053236,-0.15391388425695834,-0.018519305546769775,-0.274568153652231,-0.0009809591402936038,0.053497352637070644,0.36617926764283143,0.06892264247439228,-0.01160711282629353,0.2073477229426179,-0.06184566419714188,-0.01607191438827194,-0.005770136769310542,0.0006434781718034124,0.024015069700319146,0.00567596431632932,4.372492193619264e-15,0.1117677282975528,-0.2231038755110821,-0.1190057759130919,-0.1397203589100473,-0.039103840644997355,-0.05891702219618909,0.116162068105284,0.0826930542310741,-0.12337681654958096,0.08755005118073839,0.12444623912065637,0.09371092951917095,0.03858833505973944,0.09720609847626085,-0.10378877678674388
43,-1.5903276003038087e-12,6.761261721872803e-12,-2.501708995894647e-10,3.8176920467059956e-12,1.4379927716383599e-09,-2.6355760148195587e-09,1.3649103545274552e-10,-2.6500269650177838e-09,-3.758012284924993e-05,-1.514283895996251e-08,7.785181141129296e-10,6.33152021801983e-14,-1.3501289635728218e-12,1.1176836219210795e-14,0.00020407591328721738,-0.13528250722858007,1.0341297608257207e-07,0.0002875473981327224,-0.5833086358246745,5.895446575660688e-07,0.004344498342879077,8.390814196610792e-09,1.5619354004932413e-07,6.39621536864806e-05,9.872874158526573e-07,7.494649528442844e-06,-3.5254770284550337e-09,-4.681113085242018e-06,9.150672279733337e-10,-3.754887762109393e-09,-5.381631415821048e-09,-3.890431328759881e-05,0.3797732643098818,4.3561120775700966e-06,-0.0027844096597204973,0.0002378469451453916,5.579921873066191e-06,0.00040876079399748797,-2.3376999922252164e-06,0.007482786216094574,0.015171045404054714,-0.0010697997193103482,-0.0008987160523324814,4.683136536473269e-09,-0.005328193216920876,-0.0002653728227631615,0.0006569818332441155,1.7457530420933496e-05,-0.007242574615902251,-0.005339273942053817,0.010572728679960274,2.1293841621458056e-05,0.00022056972301756465,0.006503258464940884,0.014224070679456769,7.469050333533157e-07,-0.00024170050250110856,0.0036715156764360077,-0.0004123314566240874,0.012756972825829658,-0.04874108370160606,0.07687606297261218,-0.03503227878723834,-0.01748621533250295,-0.03226544713914651,-0.011010486949576325,0.18142397382335196,0.003556341943675256,-0.005880966660222226,0.014507781372250955,-0.017097189832437302,0.15033247709027725,-0.07326190206496083,-0.21857067141935818,0.0776290017698345,-0.09657058101007081,0.25714311683534563,-0.023995333822450074,-0.0792023345090468,7.397938053902892e-16,-0.19848751318487093,-0.16528238392979344,-0.09409102681303358,-0.1328801927284404,-0.16674829902903515,-0.073956480054434,0.06296553944649075,-0.14684152594790845,-0.056387756594374956,0.0798451887798035,-0.14411449255697145,0.08557303971704279,-0.12315340289125376,-0.26946699362115895,-0.10149589855262835
44,-6.098346596945136e-14,1.667593752331502e-14,-1.0274970520989087e-07,-9.890876445616081e-14,3.793483157976391e-08,3.072345671161587e-07,1.7323068039851351e-09,-3.2349966085486606e-08,-9.21754565161268e-05,-1.3061844239880395e-08,6.886156783125606e-10,9.002704742269034e-14,-5.327975137079912e-12,-1.0292388020872447e-14,0.00012370692975322182,-0.5412491175098558,4.219542911598114e-07,0.014177816185972202,-0.1514447570782167,1.5583695731934886e-07,0.005099753564516019,-3.444021505655028e-09,-1.0361029182161252e-07,-4.802695596902313e-05,-5.937244812102139e-07,-6.6200985108932185e-06,1.4172526053991802e-09,8.223843223160282e-07,-2.904198613589038e-10,1.923972825380694e-08,3.781932280887004e-09,1.4234981878424388e-05,-0.42529974575405627,-4.999453854607579e-06,0.013220293917367077,-0.00041818577356575064,-9.727531320325339e-06,-0.0018077582113005444,-5.084339479894379e-07,0.007769614663765933,-0.013682843641686657,-0.000744321970656119,0.0014805581878899654,4.218260282169913e-07,-0.003069971344791674,0.0003644579446123011,-0.0014424591648678274,-6.260289065553853e-05,-0.005897552954289521,-0.0165896871063884,-0.00482644831082709,-4.646293627778821e-05,-0.0009141514029836496,-0.018652581537725987,-0.007695292039096187,-0.00048018930979627626,0.00047226598960081176,0.002503502994792538,0.0004110513838796878,-0.027912983214400243,0.11165497907015864,-0.15955751516238886,0.09299579876950717,-0.020544094740271884,0.10649136851979377,0.04021697115442734,0.039985068135441414,0.0017850813439186511,-0.00428823953532714,-0.11268592419021119,-0.0031117443326977097,-0.11169864919221625,0.1284153581459424,0.11856773711830218,-0.14439413807370852,0.0688089322832222,-0.084042240908338,0.30758457569412234,-0.23152935548736106,-1.924794736194502e-15,-0.0635135886029074,-0.23038764206210496,-0.09478248707911165,-0.05736765570471059,0.14609754199573038,-0.2182912318018579,-0.048440290482725246,0.013819152867978806,-0.08485413177542568,-0.1416381085198652,0.0054999239761568,0.08798894681468189,-0.026757633197546968,-0.1151048702709635,-0.11380525440766065
45,4.8227299267377456e-14,4.1676843520300246e-14,8.125225026465191e-08,-1.0752545393142913e-14,9.50685772324879e-08,3.0227625512417873e-07,-1.365707284709781e-09,2.5500753402931037e-08,7.329209713326424e-05,-2.8859339789003054e-08,1.5525748429109753e-09,-4.997175512983421e-14,4.253510224020258e-12,1.7259842170524282e-14,1.1813253441842232e-06,0.43246477576168957,-3.3682810624023383e-07,-0.012245683565487516,-0.37266963495185684,3.852553432282893e-07,0.009151143847205672,-6.0374847274951704e-09,-1.1513121454768433e-07,-7.235986047727078e-05,3.983697033525721e-07,4.338363893363363e-06,6.467989468884356e-09,2.652120804240611e-07,-1.6170572428035464e-09,-6.428008844631196e-09,9.300522336058181e-09,4.2195552543343196e-06,-0.42168912298117917,-4.226795943039782e-06,0.007142124626100812,0.0004503005309587929,9.912984299968268e-06,0.0012420097377225305,1.6712471878349474e-06,-0.012577755400625563,0.0045821701873538226,0.0029391312680982964,-0.0014814709387525617,-7.547269698396082e-07,0.000231183390875954,-9.852927503601869e-05,0.0013137135677190835,-0.0008881975245004997,0.012073637165324157,0.04405439038573675,-0.0023459780141356222,-3.2907799616143435e-05,0.0008485253739087818,0.015782760395893738,-0.0031959362398384645,0.0004690249514937219,-0.00023236247542186267,-0.006582833726412138,-9.057476621027764e-05,0.017419695599806884,-0.07156982976272365,0.10681826779017015,-0.05979358357064995,0.04525789247137064,-0.1507724069429308,-0.018454466847318073,-0.2723425016813878,-0.0011604598024877553,0.05122675845467732,0.3564835633993478,0.06716632264346109,-0.012741949459303833,0.2012302349212113,-0.06114373138573478,-0.01504567081212589,-0.005875770095546637,0.003597063445603662,0.02216302965325875,0.003717664438747033,4.1549500489840215e-15,0.11456050680986994,-0.22488679973120923,-0.12034584359176756,-0.14297540695718128,-0.042120763761930705,-0.0607717005945182,0.11467765080507875,0.08133659782266689,-0.12384562140015831,0.08772544940407784,0.12464507556149818,0.09197603280494418,0.04231238945380914,0.10392676272838126,-0.1040374066378491
46,1.5305246619375302e-14,-6.505233968069656e-14,2.5792354505798155e-08,-2.3446780460162644e-14,-1.4827953772650865e-07,2.722774590774551e-07,-4.39004190447991e-10,8.203510762413619e-09,2.3138209679076125e-05,4.651867853617401e-08,-2.487102031299517e-09,-4.654322936987965e-14,1.3275473529801036e-12,-7.350920420708335e-15,-0.0001408155250874212,0.1344751784829845,-1.0506484258267668e-07,-0.0025792571600606537,0.579861631285256,-5.985977192734907e-07,-0.015741451765980335,-6.311705446076614e-09,-1.3848133348648509e-07,1.1573889336052276e-05,7.387232747326234e-08,1.0584778982570019e-06,4.264769720973842e-09,-6.757619477573897e-07,2.083668160857115e-09,3.212367671336177e-09,-6.495892429260591e-09,-5.446821271199929e-06,-0.3774831374015688,-3.919248985319116e-06,0.011357846094554883,0.00024777353998495054,5.442698628297728e-06,0.0004958517038431599,-1.2869734284695024e-06,0.005074976414568686,0.010512024474042658,-0.0013301026609151315,-0.0014411919433414664,-4.2429904260402485e-08,-0.00023933247078928752,-0.0002529047007909656,0.0004028401047905886,-0.00011800064700295827,-0.005863747589086059,-0.0044297572981708225,0.008603220068752542,1.867239509340222e-05,0.00018488308046059129,0.005596693758346391,0.012810959583009708,6.226762544431255e-06,-0.00025400452452628314,0.003483837626772603,-0.00038882065516336844,0.013134284030459718,-0.05008641143124228,0.07889522223202229,-0.03591834380794084,-0.018626710135330012,-0.03163653988288265,-0.011682447856053631,0.19029709089819874,0.0035231204621833105,-0.005648635523639091,0.012055134648296238,-0.01785703239890541,0.1514460335400125,-0.07322542961859321,-0.21629378998532056,0.0782463323271382,-0.09644052191605246,0.2619880885213218,-0.02530626919901207,-0.08146181360243475,7.020498836701198e-16,-0.19726413169571064,-0.1662367557684367,-0.09436639824810901,-0.13469707305678655,-0.16847619661487287,-0.07502245989063323,0.06223604105959624,-0.1440984765107627,-0.055561608866595745,0.07998778193325456,-0.14436518592182615,0.08412691226132131,-0.12215003197081,-0.26941027959520825,-0.10173875725323242
47,1.4552619834606058e-18,-5.834284892086862e-20,0.544151515597171,-1.1741309747670146e-16,-0.14883054834903048,-0.4253903707115248,9.341503660302476e-06,-0.00016190835039370905,-1.5475383852810633e-08,-4.611761516488495e-05,2.6393669407830638e-06,4.79218622560429e-17,-1.4988514108353314e-15,1.5544882537422366e-16,3.848989378653032e-08,-0.00015914302948876328,1.6015581072694842e-05,1.1122350745830539e-05,-6.249967598644061e-05,4.843867147181206e-06,6.218773986398906e-06,-1.567496402225145e-05,-0.0002556874533664731,-4.2248755260048354e-08,-0.0011154188148561552,-0.006878071925586126,-1.5170915266522384e-11,0.0005030598938403865,-1.8130485420675696e-12,2.7716997764805917e-10,2.8184871076797513e-11,0.004230283709021468,-0.0007268660418438571,-0.00014782080548923836,0.00011746461164020429,-0.10482790636916556,-0.0022601754383380647,-0.0003643449952473983,-1.9502586332530373e-05,0.14132325821134628,-0.2778716714811792,0.00015533218771313632,-0.0002415932110136365,-5.7956211253753e-08,-0.2694767599685313,0.009444576106606966,-0.004307698530227336,-1.956710390376472e-05,0.0031248204850142644,0.0023594335405104964,0.011945044773280145,-6.619725612875965e-06,0.0041440473585300005,0.0909808335818907,0.04384105185553636,0.0028709756730258182,-5.3440552792840755e-05,-0.006611116680662799,-0.00187898739625166,0.011925945276476689,-0.056144649703272986,-0.059556967169074417,-0.16112130575168193,0.1032712602613854,-0.008003297472230329,-0.17270906805857203,-0.006217725680536196,-0.019453123480871307,-0.009371083190443217,0.09564359231713983,0.012005379580809864,0.15772926682000718,-0.21422715023115033,0.04866938068925346,-0.011456799699977553,0.04360968601962268,-0.059717583327490456,0.08930455061976679,-0.0015101020652105647,-5.729411578651428e-16,0.02227487479630126,-0.04876712951326404,0.07239163499501275,-0.09782658559744485,0.034487179859895904,-0.03568631636234432,0.0868050665996591,-0.013813728110862027,0.23150479943065969,-0.1711600528284804,0.0031712773103835462,-0.06939371663564248,0.06179926882760923,-0.008157756048091347,-0.14156643250573966
48,-1.1506480277452335e-18,-1.4625480352734738e-19,-0.43024991291152376,1.0942163730629912e-16,-0.3729212966790884,-0.41832102433819085,-7.276398098436515e-06,0.00012602463483281067,1.2266564194826566e-08,-0.00010649649451558093,6.160817252512118e-06,-1.5680967016413206e-16,1.241957978933006e-15,5.51188793411093e-17,-6.164519505686356e-09,0.000126516820205525,-1.2210521857743103e-05,-9.344988257411283e-06,-0.00015364315412814137,9.924539339220976e-06,9.964986937846467e-06,-6.064932051910677e-07,-7.166397416181435e-05,-9.863461780053623e-08,0.000784598980262804,0.004710649009021485,2.4426763485579853e-11,0.00045474747120602925,-1.8981413502742062e-11,-2.1342803216380852e-10,1.817376093900855e-10,0.001965130278444258,-0.0007205871864024679,5.531086682934725e-05,-2.620449571286168e-05,0.05547489947023827,0.0011743370387424037,0.0003773892024439702,0.00015111019250233995,-0.35789192995188335,0.05725845312996493,-0.0002816194080583675,0.00014017087936471178,5.816155610741936e-08,-0.2216347553322237,0.0033105224023980916,0.013149158041445454,5.011095857713497e-05,0.009843782336688396,-0.003078458158755468,0.006246715526940827,1.0052424302942551e-05,-0.004616344074510167,-0.08984629857333644,0.027691516319298823,-0.0022444960896030428,2.184872246379874e-05,0.03565085891085228,3.692230481366885e-05,-0.0017567475194046284,0.006530229419857828,-0.025513936418302817,-0.005749431028130114,-0.04582784170335609,0.05573498084457516,-0.048665140391713976,0.0453782018266559,-0.01914983384589303,-0.11773159504372374,-0.122910437858894,-0.02024300223291387,-0.10835898221690597,0.11533925568182553,-0.2825861427538443,0.0009207882984037675,-0.08502101430475138,-0.06413366601226748,0.017048544898782974,0.04866964925935303,5.562216796954612e-16,0.049090476138012214,-0.055805416976732546,0.0765217624802169,-0.1027450443063804,0.007520611503331776,-0.05140033806952875,-0.05718215004353224,-0.052533111606261604,0.2420625790056741,0.10570790289033824,0.14630506445877398,-0.05702736119969058,0.043127227636269166,0.06566518387081968,-0.12841782848831482
49,-3.6530087234848823e-19,2.2812338983048296e-19,-0.13659367018991808,7.211449443974244e-17,0.581747245883153,-0.3769883044245072,-2.356011192877504e-06,4.086340860564559e-05,3.8716730120704435e-09,0.00016910652629967445,-9.753320751368684e-06,7.875657679430041e-17,4.4090195628125045e-16,1.073955292943117e-16,-3.658139920088455e-08,3.946560615971375e-05,-4.060404694697719e-06,-2.2120790890910758e-06,0.0002403314815124226,-1.6213718184186585e-05,-1.8004730258085243e-05,-3.283543285195345e-06,-7.997227866225862e-05,7.09907924964506e-08,0.000289502925372175,0.0018232008593735524,1.091858930355231e-11,-0.0009895574146453413,2.291290512495525e-11,-1.1132716224835736e-11,-1.8163169740110356e-10,-0.006152189295451244,-0.0006364634356010028,2.6951352369965654e-05,8.530393967398606e-05,0.03139870930588421,0.0006811821879081935,3.957138634261115e-05,-0.00014773711862982788,0.19946481059095944,0.31705984085605626,0.0001163565844030808,0.00014612084890371015,8.871314270817594e-09,-0.2025346950059535,-0.0019402405836980098,0.006911735538057419,-4.109222302641519e-06,-0.007571646724667794,8.58430133369018e-05,-0.02375436802377056,1.594973097021614e-06,-0.00112231113292478,-0.03821131848530337,-0.10142643597273317,0.0004942802928492587,1.596539996299232e-05,-0.024786397008573123,0.0025183412290834895,-0.0003773400405856045,0.0003627024598038361,-0.018372025179957657,-0.013521812965929674,0.003860493982386128,0.016169808785392197,-0.06119747278990249,-0.030175693388794392,-0.016672390302175405,0.03183713153355171,-0.019680423614513602,0.0038096870936301474,-0.11549852598549833,0.1643561413270227,0.2721780266189846,0.020590337886562275,0.04395985503244087,0.12722354960959018,-0.17903485288116155,0.020452386910531754,1.4459160765435601e-15,-0.008737186261555301,-0.047531054289154856,0.06621782328899381,-0.08753805770990664,-0.037652883414718494,-0.041820327680973726,-0.022706553638178962,0.08422497376939805,0.21036933439613043,0.0957989350413409,-0.17494170050583083,-0.03642451974070903,0.0268416284815345,-0.07458291013462552,-0.12643721915828854
50,-1.482979202444091e-21,5.759312166044657e-23,-0.0005566535454527121,1.6874982516241614e-19,0.000152311179530818,0.00043658727191642476,-0.0007647824222639296,0.012852888917445897,7.319503840569848e-10,0.003587640225935338,-0.00021222194993117806,-6.8060582004215145e-18,9.930758219811927e-17,-4.8788912563407765e-18,-2.5533301092687932e-09,1.0377288236207716e-05,-0.0006078284332727965,-1.3278538177068694e-06,4.314241909029903e-06,-0.00017561982194258855,-9.396121056517361e-07,0.0006960365386712602,0.012621797601249292,4.26717794438721e-09,0.01671110278656534,0.09144744052053091,2.2421542485925635e-11,-0.006380562499343306,1.4182200037805137e-12,2.567061482576783e-10,-6.8337738119512336e-12,-0.04525372720774449,0.00016008922439320183,0.0017024114455827623,5.202402865257095e-05,0.8031475910796222,0.016980147744839882,-0.00011452607905261765,7.670550757134163e-06,0.05051354247519589,-0.059330674897270716,2.72085605566928e-05,-2.5136519690905128e-05,-2.4648347823397782e-09,-0.005451228589226768,0.0022361518528150946,5.9598783696410326e-05,-8.549442524575344e-06,-0.016691675267299918,-0.0003819899559136607,-0.049040344446853,1.2610592821421025e-05,-0.006735905308060217,-0.12406608435100386,-0.048157435584610685,0.0024122369410099023,-4.1661694671655885e-06,-0.015083680329377508,-0.0020009910843068954,-0.013500015758986067,0.06993031942187267,0.17757818624850796,0.27986731337845383,-0.05630583970299449,-0.07141834262997082,0.20664753249890153,-0.02105036016202683,0.010399524525093752,0.08052280450235645,0.08790594778701821,0.009316996375317476,0.12798144311591375,-0.16282140271789208,0.023786153892773946,-0.005237642385916706,0.021610203214575213,-0.02901390028957564,0.039052593389592175,0.008528417656287647,-5.289278888307852e-17,0.01693003144365908,-0.01011881484568369,0.03492594755001692,-0.052415321030755524,0.009207424255251636,0.002884543830642187,0.09755728154829718,-0.016514779598035205,0.13271703182928518,-0.1726740621640333,0.0028903361013385203,-0.08465481977654353,0.020566584397349666,0.008066338363889973,-0.14258386550829646
51,1.170482638340657e-21,1.4406637196485025e-22,0.00043935105172323826,-1.114095877005229e-19,0.00038072374994527463,0.00042639008790165814,0.000576721147876568,-0.009675085378345062,-5.345657597628899e-10,0.008375790371133047,-0.0004995438632081754,8.236168454851045e-18,-7.006540679685674e-17,-8.795161696024134e-18,7.123901828108703e-10,-7.373947251272418e-06,0.0004310771287842493,9.02144708869235e-07,8.875076680621826e-06,-0.0003708536090598335,-8.828857364686851e-07,0.00040872433202685036,0.009225912956954655,1.0634431433260669e-08,-0.009280975195049371,-0.04698091830674425,-8.008941296725342e-12,-0.0072536823639656,5.6487727663881996e-12,3.6115370971602124e-11,-7.086384653411851e-11,-0.03399028255203108,2.6124624024733995e-05,0.00022094694049309266,1.7669460045054456e-05,-0.14957279376097513,-0.0028499744298377907,-0.00023477547777853988,-0.0006177787996788281,0.28070673548664515,-0.005787641009682674,0.00043103877138386777,-0.00021479451990256209,-1.4350863320355955e-07,0.048684543174104034,-0.0043033422121912905,0.07589451314064082,6.992997933772084e-05,0.5969626658679992,-0.001160993287141649,-0.05643169446229399,-4.8106420382925136e-05,0.029660035244092865,0.4736761871862825,-0.059724525525759325,-0.007900789295763,6.613980829696384e-05,-0.062326675512463375,-0.009107942831946415,-0.017252233775264546,0.08374446721692125,0.12979625261349503,0.27073031388752283,-0.07605768155569716,-0.017286735392684983,0.24388941312239093,0.0263386013144103,0.010588413660276661,0.03991399145989636,-0.06682884416724352,-0.01333344638238266,-0.033005377127628764,0.02654508693489798,-0.15634082741598446,-0.00015980661085638034,-0.040146143666833806,-0.0372496927869606,0.014353778602520705,0.02141904762811164,-5.293318077081608e-18,0.02015582309512483,-0.018201127500814658,0.042665617391547436,-0.04801467528866577,0.007267968053980209,-0.03139858871382645,-0.07490341387192384,-0.06548670285933472,0.1488701348181764,0.10645510006557582,0.14714675925048912,-0.0715905949027719,-0.003384204803516041,0.04194300363925835,-0.12917775383264177
52,3.71598712977986e-22,-2.246986248589962e-22,0.00013948325278175888,-9.024692946339142e-20,-0.0005939194744778788,0.00038426163001057073,0.00018308564751662068,-0.003075092293642907,-1.6933728925133478e-10,-0.013076139433748742,0.0007785161111870287,-6.035759460926614e-18,-2.2985913123352265e-17,1.7301503749281492e-17,1.7727012619556387e-09,-2.3212968368809364e-06,0.0001374775638810012,2.3852032155083547e-07,-1.3993156023876657e-05,0.0005811210813569677,1.7716411140079498e-06,0.00041136216168366,0.00836640334604232,-1.1510157413942572e-08,-0.003033470956426677,-0.016047437192011838,-3.0240171582087347e-12,0.01203182320099057,-6.425730172556689e-12,-2.558854117338053e-11,7.153728746853377e-11,0.06173684608977423,2.738658640929836e-05,0.0002755649875575126,-2.409128985197501e-05,-0.08263331385665336,-0.0016664658001229067,3.214386574803136e-05,0.0007077832891657373,-0.17517149328883924,-0.1865660516733328,-0.00021378268999731775,-0.00010743106105295174,4.55310538514706e-08,0.038647778712661576,-0.007196911528907192,0.0467140677341352,9.945200327633134e-06,-0.30822239323447037,0.004767006920817316,0.5753231611673463,-3.0154677590991545e-05,0.012284652695589829,0.2923760180756788,0.39067414521471877,-0.007914357117163913,6.020416902588182e-05,0.032411258291333636,0.01164652492359336,-0.01425175888888818,0.06906146667590143,0.11186573752747628,0.2266255842474398,-0.058877319492361954,-0.03482282359858852,0.20995490610970516,-0.028663515224267792,0.008743810852159901,0.06167131628465367,0.011572827614167802,0.004664999811713259,-0.04201457747865464,0.06275733760524553,0.15651129875952874,0.010450431559955044,0.026763177489861293,0.054198347431521965,-0.08739424718233593,0.011518161566236432,1.2076482868339562e-15,0.00811032815982788,-0.017820361908620984,0.03325058289690178,-0.037373936315398475,-0.01062653488453791,-0.021413975695307372,-0.031926744921409955,0.10591149913112523,0.12090624410075375,0.09635101370186178,-0.17634384284583937,-0.04832048808357624,0.008183441017976073,-0.02108639163644668,-0.1273118970399266
53,1.2925971884188932e-24,-4.8535996218130327e-26,4.870883817013044e-07,-2.347851208153502e-22,-1.333061457959702e-07,-3.865002602716014e-07,0.03296338700522734,-0.5365041957260329,6.010379765204404e-12,-0.14676328961028914,0.008982354479870744,2.2945731497128554e-16,1.0136367501039106e-16,3.0094216711567704e-16,2.4529774390134492e-11,-8.123665195746751e-08,0.01122878228798656,5.9182025408627115e-08,-4.919049281403685e-08,0.003073503296122682,6.102190199831568e-08,-0.02235790375178461,-0.42049126142316706,-1.338564267398282e-09,-0.08162324772352038,-0.3498300207178183,8.838838928391091e-13,0.021537635645812264,9.870876099020364e-14,-7.474058566331187e-12,-9.24936710459848e-13,0.09472679845462612,3.9363732494142414e-06,-0.008757282214282115,-1.7767072462745167e-06,0.0025247433930614643,0.0020322645483551584,7.328778823496871e-06,0.00022967626209099265,0.0007471725825000902,0.010069746594328214,-1.3112614891333254e-05,7.831632924864254e-05,-3.7380929411321545e-08,0.0021468543408551173,0.056471908840222323,-0.2604355554113091,7.521563037929068e-05,0.16642279158575984,-0.0016253761726095514,0.2609407579768332,1.5682596598733865e-05,-0.002206911766932672,-0.16795777573227383,-0.12464086244891061,0.0025245960966383627,-1.5846132998891015e-05,0.06433656033594888,0.005563638520790437,0.007166247919739286,-0.0365187879159694,-0.0875848738952303,-0.14083274955789823,-0.0841848591931066,-0.024680858598338396,0.18199923320932057,-0.002375021068016819,0.020656840875201483,0.048042479198754304,-0.014030378387767745,-0.0025852957447024274,-0.024625037709500665,0.0382968785107804,-0.019463182221740153,0.004473626267251035,-0.01671252356198112,0.02351666976738653,-0.03762549066619677,0.012291709694698,-3.583744376885282e-16,0.003096027238307276,0.03831669764751644,-0.02144391932952222,0.01584258825486532,-0.024784897219270786,0.0503356997106339,0.10565054160109595,-0.019046984947892455,-0.03998900752684366,-0.17357739545143308,0.002545025071790677,-0.10032863095670475,-0.038519006083372796,0.020962884696505337,-0.14315183313979893
54,-1.0214016646630852e-24,-1.2140305258341583e-25,-3.848929191656908e-07,9.279594292630491e-23,-3.331065317575571e-07,-3.693996124122939e-07,-0.02607116860682471,0.42418047149887245,-4.685253109560623e-12,-0.3677706590066183,0.02260463120927461,-4.726264779119732e-16,-1.147757168767255e-16,4.3868162691905415e-16,-2.344419809935902e-11,5.3222873290630804e-08,-0.008878068538258852,-3.761504043252143e-08,-6.49397024605255e-08,0.0076968963938998285,3.031065403461632e-09,-0.020849481307913306,-0.41333453546217225,5.135042598058203e-11,0.06482396997359963,0.2762904171884704,2.2229114212731015e-13,0.05600091335318288,2.1188712060866012e-13,2.225930747724423e-12,7.000494358620246e-13,0.24102563481879713,2.413035599810167e-06,-0.008631668493889003,6.090199684104337e-07,0.004292853024484051,-0.0013726690780181449,1.838119343492995e-05,0.0014240811703284616,-0.025122262893559216,0.005443986350198627,-0.00010073478163104356,0.00013271128699900392,1.076236377248707e-08,-0.009963996377055983,0.041797165605703526,-0.2842538724734592,-6.307634883358537e-05,-0.1885182760747268,0.0026966778546215647,-0.08541560286604498,-2.1642090309057467e-05,0.011296142789475742,0.2035837441945981,-0.17534809376142127,0.00012574213427534275,-3.6273288894703808e-06,-0.06673549741814444,-0.008030621083067794,0.00712014741616256,-0.036375144241101574,-0.08594664983876178,-0.1404030761878124,0.027769074985781562,-0.02910559582968046,0.19326649764302548,0.009689317385805453,0.025685317343695963,0.13108538275019085,-0.019161638528054765,-0.004158122832726933,0.012088459274641363,-0.02100735452911885,0.024250619991130224,-0.0007630647028252758,0.016066257469845815,0.008631093955419,0.003214745054640378,-0.019619446951118676,-1.2032885764906893e-15,-0.02066731207596777,0.028888304715195396,-0.00780900890574617,0.02849611058222137,0.004117760263379221,-0.004597301296156077,-0.09638075622054855,-0.07952994772898257,-0.008569002819426182,0.10745739714990281,0.14789359162938664,-0.08696392476550563,-0.06355171226838745,0.004151611467421621,-0.12955748172663717
55,-3.2449918274416594e-25,1.894368392999062e-25,-1.2228100655836e-07,7.275576634654205e-23,5.199232193633609e-07,-3.337116361810925e-07,-0.008265835034955982,0.1346928516537071,-2.349368782989744e-12,0.5736930785423362,-0.03521753405562002,2.397782562941064e-16,7.654944996125105e-18,-5.705607558978192e-16,4.825896303016095e-12,1.0466448129421347e-08,-0.0028176279703162614,-8.971441641334933e-09,1.0167666102147083e-07,-0.012007719185548056,-9.454781689008476e-08,-0.01926164254819392,-0.3725013881475512,1.535886032963811e-09,0.019989354224642684,0.08884608367803175,-1.3638301397925522e-12,-0.086477148270057,-3.7901350809825225e-13,-3.396090874008817e-12,8.484601653988393e-13,-0.374228514629166,-8.759129517382027e-06,-0.007881662228783405,-6.412051653284098e-07,-0.017860121143189814,-0.0009767547772871704,3.6455537495207064e-06,-0.0020756439620741194,0.005658698819324581,0.017102169417128003,-1.4079641867194248e-05,0.00010010348099615834,-2.3188028039719507e-08,-0.006449850382397677,0.047491683188610814,-0.24716942321195629,-1.0063831861474439e-05,0.06570762406593995,-0.0010296027094939815,-0.17406188868371378,6.696934242306111e-06,-0.00532556283162202,-0.03943731824311114,0.31012246014414846,-0.0021392830431452136,-3.4154010190686676e-06,0.11029772196438586,0.012902100019166444,0.006133523720250481,-0.03151222151184376,-0.07683999597007449,-0.12320225802233964,-0.015067133891421289,-0.023457001808798485,0.1849264139675335,0.004030176512086166,0.02158053283337726,0.0033525243924625806,0.010573989734845773,0.0010080578148189026,0.01636790912744733,-0.025721256799374898,-0.028317661593676127,-0.0036400828305006246,-0.004231524488717072,-0.03714012341701009,0.03726913841780715,-0.005637495656252364,5.231277536223438e-16,0.02354134016043683,0.019701580638803406,-0.014629714137023077,0.03193247974622942,0.02156117588194325,0.005337869736574646,-0.04362190764387241,0.12965609031719835,-0.02548123623591397,0.09705336397651831,-0.1776729176811551,-0.060876420210358086,-0.019604680757044794,0.04234264308283302,-0.12788088640984463
56,-3.1970746195998263e-27,1.160162350955578e-28,-1.2093620882043541e-09,3.2891673954779124e-25,3.311108668310807e-10,1.0042544773021616e-09,-0.03288674215174634,0.035838617319872645,-7.233177739445329e-13,0.009781038168006465,-0.009371777804288663,2.8601854636292353e-18,-2.7840864237356595e-17,-1.2761564388440526e-17,-4.17341585140044e-12,1.2410724325114912e-08,-0.0018136584996010618,-1.6898601499776127e-08,8.246503597483617e-09,-0.0004961533163511764,-3.180895837046377e-08,0.028170433633987618,0.028199351831629887,9.715751983572788e-10,0.16083655449747292,0.2539884395685014,-2.2090623622908776e-12,-0.045891131656479595,-1.2702015592362581e-13,-1.5795725242589007e-11,3.5784864111306474e-13,-0.06739725709362301,-1.0389127725111342e-05,0.001313408331509132,-3.5638371740417456e-06,-0.07442153286794682,0.6154593309415576,-6.25706288226075e-06,0.17030634756329638,0.007933447738694043,-0.009390888821639746,5.265471129729943e-05,-9.772767868159693e-05,6.225687153742706e-10,0.00730732020107024,-0.122876111535012,0.21436141709803982,4.155057400986695e-05,0.07939993989122006,-0.0009027469123279543,0.14256325935205014,1.1569195895307261e-05,0.48043036992214944,-0.12361286276300767,-0.06076154785015538,0.0013422716417525013,-8.871473456674436e-06,0.039620114033916035,0.0035890999850876123,0.004843256123477086,-0.02459424726105372,-0.05577471867578622,-0.0931100008758679,0.08303924936460703,-0.0020073195839265105,0.12395071041936837,0.01809951977535442,0.017096841572378795,0.018636368126176996,-0.04052038051446397,-0.005667486065753088,-0.06047182891026698,0.08347258772510276,-0.03849346049366313,0.006429493364895964,-0.028236093636352027,0.02774077972649814,-0.05179190531232425,0.02843855422518727,-4.0438474806220777e-16,-0.0027473878892703683,0.04721220063362629,-0.03302407750900988,0.029923899711181146,-0.029954075090781667,0.05870779241938061,0.10644993968328316,-0.01973553176231865,-0.08024130724930754,-0.17371153080600413,0.0025343682470962436,-0.10309335867058797,0.055074461206597536,-0.023293758157920195,-0.1435698138923082
57,2.527161692214322e-27,2.9007678216664294e-28,9.55951833093429e-10,-8.168380377010729e-26,8.26735618405112e-10,8.842001320840921e-10,0.026094056896563064,-0.028328368771322512,5.422482199602506e-13,0.024584008631961158,-0.022285342459601624,2.1724184067031072e-17,1.998979236835606e-17,-4.0149214526212016e-17,4.096748881122523e-12,-9.548434131439287e-09,0.001434122959691131,1.2828618494642091e-08,8.782628939972402e-09,-0.001243304236590543,6.539925903125752e-09,0.02121167040944324,0.028037689556735183,-2.644409453802204e-10,-0.13192557236616076,-0.1992574383540251,8.985056609276653e-13,-0.11220402531686634,-5.963676268879631e-13,6.7652708558046034e-12,7.656696375176641e-12,-0.17607622036850076,2.5167645000961837e-06,0.0014282531181871035,9.640655190160253e-08,0.043401677339921826,-0.4872431058452179,9.541066226730133e-06,0.4229838579650736,-0.024065318792367424,-0.01544207352881228,-2.649964787046762e-05,-5.255303485190252e-05,3.790315177298826e-08,-0.003050345033874737,-0.10471489933836936,0.19326093411687925,-4.2615703642918763e-05,-0.16559701004596117,0.0015658392449225597,-0.055873760115893796,-3.869616943941921e-06,0.4699667274492765,0.03222980148430513,-0.06183057349230402,0.0009019811149889864,-3.0614004654291144e-06,-0.19880826696899961,-0.02027253900600596,0.006378006250305956,-0.03238794029188072,-0.07390452356399499,-0.12284017561204347,-0.011997094485737618,-0.020140779912892093,0.12542744401125686,0.0019790922840256216,0.016417543353017074,0.027452749703295348,0.016674265646183167,0.002322536696122313,0.023867735284371024,-0.031373883087021485,0.06118918868287916,-0.0006641045200435836,0.024933105107542437,0.013210480007350811,-3.9886934773559757e-05,-0.011512912575292461,-1.401191414852918e-15,-0.03193762628404805,0.03791393184553691,-0.018833774283665745,0.04460173376031238,0.0042369081799833634,0.0005183695163251613,-0.1006274083536309,-0.08233169717932029,-0.047886031759341446,0.10775307410951229,0.148179989859833,-0.08978159811249763,0.03405904613520456,-0.052499535545304975,-0.1299618382991557
58,8.028801739206723e-28,-4.527548249343438e-28,3.0370750093625534e-10,-1.3197841007170063e-25,-1.2908898944277417e-09,8.098515125583422e-10,0.008164446133877134,-0.009004759218512143,2.3508011411880913e-13,-0.03831768976205349,0.03527777484775869,-2.9934566565188994e-18,-7.956495282552661e-18,7.31992329545231e-17,-8.232992733921713e-14,-2.6214585451759175e-09,0.00045503507172220094,3.893356627895341e-09,-1.7780498565016392e-08,0.0019396364577656203,3.048218170741503e-08,0.02300773867376484,0.025049667589951873,-8.088071183963557e-10,-0.03876161989705329,-0.0648533591344111,1.5174330308033676e-12,0.17284351748314136,8.11855212830413e-13,1.2748769578547838e-11,-9.033756400514757e-12,0.2721906538092207,9.212420205092695e-06,0.0013510458865572876,4.4705613137441114e-06,0.03787591706450039,-0.1546600349432642,-1.8322087673320916e-05,-0.6595338191543961,0.027731792688471913,0.006764498420781801,6.293841420626346e-05,-6.252670368921468e-05,2.9293797550859684e-09,-0.0015845448675095735,-0.11361653636217907,0.1767056822367845,-9.66869468249561e-06,0.04241397818725533,-0.0009055803865162918,-0.15498964568539808,9.018821110986002e-06,0.42259281496974777,-0.07435038010495046,0.16300729336882777,-0.0006200968365935789,-6.1813884353859864e-06,0.04958318482859385,0.005478774955197756,0.0046049320620912115,-0.0233935571241499,-0.053980470429290085,-0.08891609225017923,-0.057062978327356094,-0.015243840161679257,0.04605352984932166,-0.005742364055606756,0.007806399793967563,0.1173109940860901,-0.02056937320871387,-0.005075677046247522,0.022178822156583136,-0.03811712112411058,-0.08282747550722679,-0.006247711307761203,-0.015648557659123125,-0.05910466297917239,0.061169094481786965,0.005223618922866586,5.402870394741064e-16,0.023309408769170214,0.02665231647830987,-0.02447267505468445,0.045690086917834556,0.027738749648550817,0.010297274309577194,-0.045836016637568325,0.13325978343959868,-0.05969622004763887,0.09725768688849715,-0.1779737040107916,-0.06309542357832976,0.06615605775036436,0.013553602498325084,-0.12827222345070546
59,-2.3468672429908611e-26,8.511175764005384e-28,-8.878122306163476e-09,2.404695825415334e-24,2.430758931736203e-09,7.396189081016311e-09,-0.031401894214892596,0.5453405450324819,-3.55383066152269e-11,0.14916702942732799,-0.008518295867967698,-1.1589728842115506e-16,-1.800071767816641e-17,-1.8577269663341432e-16,1.219139250051864e-10,-4.86423201881063e-07,0.0012481728352184223,8.480120827719429e-08,-2.0049826560917094e-07,0.0003423909269008823,9.729710697576339e-08,0.0197470273762501,0.42714268894882274,-1.370872935618665e-09,-0.08220661076157593,-0.310049258941198,2.2140218888613275e-14,0.022218279171346462,4.3076504268847895e-14,-1.5739417703031267e-11,-7.360028215570156e-13,0.08459860309236654,-2.4769580666411378e-06,-0.0009832515452521625,-3.4236410436490365e-06,-0.023873304647292603,-0.08418539707846118,9.666103222263453e-06,-0.02337166315319894,0.00010290599788879307,0.010669071876455579,-7.727053895950303e-06,6.509409940579573e-05,-3.565422060869583e-08,0.0032048372185436752,0.05920598992222784,-0.2261848686024211,7.735584375995254e-05,0.16911733271779966,-0.0016811227370156783,0.2681564370388537,1.548990980444385e-05,-0.06907278721240814,-0.16624729167176844,-0.1282859183674451,0.0025304652399164,-1.6037797753799454e-05,0.06589753196265437,0.005695819594596017,0.007778040439347018,-0.039719127187805764,-0.09656196179657892,-0.15414645226487833,-0.10558889311575854,-0.023969683311663142,0.1766069702028247,-0.0044799875995033284,0.02003263794559053,0.0470309182653327,-0.014714687817325434,-0.00261167974329187,-0.026712296058644513,0.04132597027177078,-0.01854901427793006,0.004626545470010887,-0.016788770755984297,0.025286704782104603,-0.03903006075912361,0.010236240257363272,-3.1026520962309063e-16,0.003223837088249043,0.03921609905495617,-0.022378572375058435,0.016963814329877636,-0.025561203023440407,0.0512600746982145,0.1058754980269265,-0.01907063820058556,-0.04233729521380651,-0.17360067455082487,0.0025365631814574458,-0.1006093216751759,-0.0534629652973398,0.02728896639469124,-0.14310058625402844
60,1.8551111876669452e-26,2.1280445652784957e-27,7.01781567071436e-09,-9.59525353220803e-25,6.069148038397076e-09,6.473804920259739e-09,0.0248329389011511,-0.4311768457083627,2.746104945496414e-11,0.3738384239655377,-0.021561658576060454,3.8200904663796307e-16,7.423283856492753e-17,-4.461986495393935e-16,-4.2322376738482446e-11,3.816430885478035e-07,-0.0009862700738926587,-7.3434089398521e-08,-4.144405841908306e-07,0.0008531672358106707,4.50092808446131e-08,0.020987569658363583,0.4202599899534968,-3.503708709349184e-10,0.06574545080345448,0.2431063393130995,4.1386307538562285e-13,0.05656014493894703,2.1620166323612463e-15,1.1425121551603834e-12,2.95997172905182e-12,0.212402727389043,4.944022412228843e-07,-0.000936800896035164,6.72759921894537e-08,0.0066685443765466335,0.06641223662899136,2.4699377838783886e-05,-0.05722225636734766,-0.03342251857072549,0.004269651113946872,-0.00010977772328637207,0.00012694111167515354,1.786471655074582e-08,-0.010877789112219993,0.041781444691206295,-0.25395943186585135,-6.727754179953273e-05,-0.21372307530188855,0.0027975193338382895,-0.0880886229388579,-2.1390963818102782e-05,-0.05430188775537894,0.20090452528480493,-0.18307569791440043,0.0003416070337755397,-6.14326334808566e-06,-0.04898778130466235,-0.00623076142713767,0.007699949924523731,-0.03917635621650752,-0.08994856437167094,-0.14924624203645873,0.03909204001550151,-0.02925358902768616,0.18796970788017195,0.009568096406570793,0.026011960175380412,0.14498664706186354,-0.021202281019853005,-0.004472454138545911,0.012486612015762339,-0.02160719065550546,0.02771839779240051,-0.00080881962826044,0.01743322298744872,0.010100468209377683,0.0031680795871663853,-0.02252756768943999,-1.1928687342695e-15,-0.02098437590121131,0.0297201462134511,-0.008575588983843833,0.02970945181142802,0.003956213996827987,-0.004109120658714079,-0.09672876293322462,-0.07975598694207595,-0.010422812157625708,0.10745307025549646,0.1478827418671692,-0.0872258270923007,-0.07896555007064389,0.009869731155856723,-0.12949929696841528
61,5.8936637780638396e-27,-3.321484018326566e-27,2.2295599634825012e-09,-1.4025345191793035e-24,-9.476607681246125e-09,5.936870116577197e-09,0.007877862600302696,-0.13690344878317878,9.81191326009109e-12,-0.5831424089172492,0.03353737792145466,-2.8081026864258714e-16,-2.078262462956108e-17,6.836089725069042e-16,-9.301005826447159e-11,1.3294157386345608e-07,-0.0003145633978059623,-2.537727173668937e-08,7.000953275112107e-07,-0.001333624013534221,-1.2954814568103383e-07,0.018135698588961767,0.37875462647526437,1.6618543276326187e-09,0.020152954527451538,0.0780517768758166,-1.1401142173003465e-12,-0.0871937940256137,-1.3310983994106662e-13,-2.16547310126859e-12,-1.4547439266753085e-12,-0.3299444598627241,-9.330158750012045e-06,-0.0009373994725946856,2.3756621109843107e-07,-0.01457164808384006,0.02068079572693092,1.3733233394026074e-06,0.0894764298553785,0.01216304117694044,0.021982304098350364,-2.1023800785987696e-06,9.16100798913729e-05,-2.2832240913474754e-08,-0.006994661625939666,0.05062476603143149,-0.21854439119156455,-1.078576953964941e-05,0.07446867508976995,-0.0012124143256157806,-0.1965960390634004,7.483079952076873e-06,-0.06519902397351648,-0.04613332162117865,0.30643273655221753,-0.0019718575933915542,-5.2968356848196646e-06,0.11401240789812006,0.013078548555115165,0.006709169296084091,-0.03433841387750845,-0.08185650216913463,-0.13284585165470061,-0.005506633263483527,-0.02260483052262533,0.1916453273274138,0.006703116014749816,0.022619635542286035,-0.017391429086917768,0.01490478221574529,0.0017191004955114057,0.01811887476916721,-0.027870680958688696,-0.029120339220109655,-0.003921425007367163,-0.004049891439462763,-0.03815586025903518,0.03959296465250637,-0.007877182383453628,6.38391219444457e-16,0.024186638601188994,0.020392942165040468,-0.015424293530269995,0.03312611375982379,0.02212073932515879,0.005837553264990139,-0.04382731125379719,0.13016938177523962,-0.02746648212468389,0.09705801298037817,-0.17768714357928808,-0.0610984463518592,-0.03218302356305155,0.04882849764463967,-0.12783429248226374
62,6.0920187291112986e-30,-2.1324759038380893e-31,2.313419243860872e-12,-6.208652290941498e-28,-6.338302461810945e-13,-2.2876801922275944e-12,0.596609497554011,0.03588234134039073,-3.192182633712902e-14,0.010164677053318374,0.16896970634700412,2.1861967683282817e-17,2.66962522378634e-16,1.2093845129505104e-16,9.346907232371542e-15,8.090725440570054e-11,-1.6141244342939494e-05,9.270015775954507e-10,-5.7385567212754054e-11,-8.664189224910918e-06,4.712050779015926e-09,-0.4738805086707323,0.023997938109450837,8.324160754184535e-11,-0.21235121547793284,0.0455166883380691,2.9782215970751845e-14,0.07595306293808825,-2.5777246379938513e-15,1.6240585347403898e-12,9.201553030191325e-14,-0.015403143130490234,1.148398763608952e-07,1.1686034057750241e-05,3.931612729750525e-07,0.00418559686594366,-0.040058616107767515,1.1035038439576874e-06,-0.013257147830508662,-0.0016297485549225043,0.0025444761579919315,-5.452057644239616e-06,-4.523219340221482e-06,8.545639686709648e-09,0.0019776405741691884,0.1815349114866859,0.02532508060983097,-2.852246598051629e-05,-0.05784080357008541,0.0007628920520347993,-0.0933426045060278,-9.624623793016906e-06,-0.026975836715531425,0.09950547515121012,0.04851631939745591,-0.001647688211940122,9.071755974812806e-06,0.036622078362444195,0.004177452639441347,-0.0032785297496708823,0.01664792975462037,0.04183719454922986,0.06460659700402968,0.28416759511543904,0.0338942684651503,-0.020874416574019974,0.0391355524034961,0.0020365287397478204,-0.04394827855202729,-0.06493468956249804,-0.008029176051772205,-0.09927968976539155,0.13265428544182378,-0.056287007946006266,0.008477512904966782,-0.0401106387958699,0.032098746075102116,-0.06674661176241496,0.04710377698267478,-5.669378450164775e-16,-0.009842759935362875,0.05671309842521808,-0.045734536490795,0.04542930622040237,-0.03524593318510973,0.06751942192326955,0.1070917879916029,-0.02063141198413645,-0.1254479764661365,-0.17397027516733754,0.002592637893077094,-0.10600023740826178,0.16882398319083072,-0.0775735044892591,-0.14409523610603378
63,-4.8160802703065885e-30,-5.3284202113141885e-31,-1.828885310584792e-12,7.035379993887773e-28,-1.5806701336740536e-12,-1.4255748454182853e-12,-0.4745210039719254,-0.02857457101798508,1.760638694178971e-14,0.024418589318749177,0.40614577554418496,3.5718402271461733e-16,-3.709929073656346e-16,4.730765850801037e-17,3.498967065431565e-14,-8.797109737815871e-11,1.2037054199894247e-05,-5.117942685253669e-10,1.2114946497145734e-10,-1.1510423698485473e-05,-3.495743180352849e-09,-0.4440979347532394,0.02231051418660435,-1.5946343973167327e-10,0.2076592601842412,-0.04374432192893263,-1.2280656757283068e-13,0.16962248617376707,1.697824382596245e-14,-1.1854665239021615e-12,-6.652549528617631e-13,-0.035717034348466244,-6.760765961759408e-07,3.419603569852055e-06,-1.81205973502539e-07,-0.004002166482671399,0.035076054617633065,-1.963479943379402e-06,-0.032283544103004984,0.005586799030337076,0.004167503464719881,2.1472626330773657e-05,-2.3791946868025166e-05,-6.4505359810400454e-09,0.006015049097086537,0.21339979625444414,0.039478913534956334,2.6353837068901102e-05,0.06784383152759986,-0.001139781566524241,0.047514687117067786,1.3529065283370093e-05,-0.04871442716680917,-0.1268917726389894,0.12375556903633973,0.0006580809194305995,4.3192258077383216e-06,-0.2558596597198436,-0.024509213722804693,2.2251765951865818e-05,-5.540734116954791e-06,0.001190528755000183,0.0011058046553503714,-0.06848150164791068,0.0002227324857667206,-0.03282745324532249,-0.011629892116615807,-0.006091997100617284,-0.13324363736641634,0.06718123517576155,0.011543182836755664,0.03915655704848844,-0.04445676356749395,0.10791583005492505,-0.0005866110834857243,0.03586505677250559,0.018488500466491524,-0.0037243274102798933,-0.0012858441216334,-1.3881658338921717e-15,-0.04508927115610903,0.04772836103077933,-0.031190600730417257,0.06254463934795863,0.004482571726249264,0.006040077608601352,-0.10533423108290768,-0.08548183870293061,-0.09296167311696336,0.10808485569956357,0.14855746239072765,-0.09277727879194275,0.1544793137149063,-0.12160465124321258,-0.13046168916709797
64,-1.5298570438308052e-30,8.31865109429284e-31,-5.809583513843577e-13,3.941038565111391e-28,2.4691079586819587e-12,-1.4203463255737328e-12,-0.14750374016633871,-0.008839160273024118,1.6216362492025444e-14,-0.038461198414400384,-0.6398139829990117,-2.444801138733787e-16,1.3108206883913219e-16,-4.187187956143358e-16,-2.8468400260706016e-14,-4.4964439321199844e-11,7.194393141222358e-06,-3.3283072294383095e-11,-1.4552195198205245e-10,1.595058275057801e-05,-2.3910615998198077e-09,-0.4176674318776862,0.021103212029944914,4.773411930263855e-11,0.06264559210008977,-0.011853323297333304,8.081830553315356e-14,-0.23895055368058926,-1.2291127529781078e-14,-8.320268379365984e-13,4.811921758363706e-13,0.05006128103647442,4.983550107311444e-07,8.920508562131053e-06,-3.0208105840009923e-07,-0.0009988373596253551,0.01244128122555058,1.989438515181722e-06,0.04245702455462632,-0.0029352194208766245,0.0001400864002627029,-2.6362958844151164e-06,-1.3156161907321105e-05,3.7197014196441055e-09,0.004058459118856313,0.1641211507595255,0.02766831779781999,3.614832763325366e-06,-0.015965769669320146,0.0003172798901679005,0.05502199929227146,-2.5702021071745617e-06,-0.02459441361330481,0.01513467609412542,-0.14664590380295317,0.0011529358677264858,-2.5135754001790616e-06,-0.026648209063309992,-0.00410020513823688,-0.0019152169404525008,0.010039655946856399,0.026000454911255858,0.040824324169422194,-0.10228003708611609,0.0029396832136067306,-0.1850320378084998,-0.019627655258944977,-0.0179770835817257,0.2294882118103,-0.053567752847737855,-0.011417494879624377,0.028624662404190582,-0.05149137476099982,-0.1414318853747544,-0.009107780841994245,-0.027933910114748613,-0.08275780688056474,0.08707521703585144,0.01818239999776374,6.019139540641164e-16,0.022269801732011468,0.03407669587045165,-0.03526172564321238,0.060668478831685156,0.03430716782157743,0.015573198322463004,-0.04828813680818503,0.1368611157087142,-0.09808365963266914,0.09758545262400978,-0.17838696903005252,-0.06539819896340482,0.16937424883042104,-0.023105610320974072,-0.1287494930041301
65,-3.544927335833751e-32,1.1964965800947629e-33,-1.3512909328458566e-14,6.025485207884792e-30,3.706057601864919e-15,2.1462246636967026e-14,-0.0995191418691259,-0.006193039509439991,9.243664780038933e-15,-0.0017717460541406085,-0.0284701665014655,1.4325145450897534e-17,-4.949994066498717e-17,-1.8973577691404424e-18,-3.6502070492777873e-16,-3.9910374451426934e-11,6.948469337523557e-06,-7.063585900836661e-10,3.419303587492941e-11,3.5126044323938263e-06,-8.243960300855427e-09,0.08826143415075906,-0.0047685700141540995,-4.4291638752786683e-10,0.5484050287805652,-0.17888912976184262,7.176894095692891e-13,-0.17654614068081664,3.7887534266663744e-14,5.190031532776374e-12,2.8861279754853465e-14,0.05289727534422027,3.454226758126888e-06,3.521042685273749e-05,1.1853117932803393e-06,0.02224907531637389,-0.18057406223620506,5.293206034337726e-07,-0.04509542522325956,-0.0037388338975416994,-0.003909014763942031,-2.921414567544931e-05,6.220134881628783e-05,-6.468961931506603e-10,-0.013050047742159326,-0.4476447336148408,-0.12849329859270514,-3.075376768092089e-05,-0.050460728984903225,0.0007527901499534102,-0.10994479890977807,-1.0538204838506838e-05,-0.14216173776644364,0.11134158150702522,0.07971570238891776,-0.001933481616251938,1.2432948920370832e-05,-0.014189969551547037,-0.0006697719874692329,-0.0041791507143892756,0.02122504543539423,0.05286932868020321,0.08219837785577996,0.314468333644907,0.03805317096180654,-0.03647591595482716,0.04245907775515226,0.0006578383556756013,-0.04537759447557335,-0.07000509168317753,-0.008685808107007751,-0.10454915499467561,0.1390521959445842,-0.06008373118880456,0.008707355882067613,-0.04190146467668157,0.03236848205571174,-0.06831634318098788,0.049171361131549504,-6.410052635393977e-16,-0.01040794739379066,0.05765019750526499,-0.04701377946799002,0.04693740729121429,-0.035848159902959816,0.06845442665164185,0.10724563152913083,-0.02066527502772771,-0.12998895385691903,-0.17400307052338435,0.002595575704856188,-0.10627982288476323,0.18022222996980627,-0.08268926225252198,-0.14413677949658402
66,2.802611617078577e-32,2.9871006772960533e-33,1.0683269831904635e-14,-2.4675468330766773e-30,9.227159889707404e-15,2.374931776421745e-15,0.07898076020987345,0.004918893890170272,-5.758201737596227e-15,-0.004189210547096581,-0.0673609022095613,-7.061333181243996e-17,6.479510784718224e-17,-9.53393950274988e-18,-1.0081329090957321e-14,3.254424734879347e-11,-5.027624686786989e-06,5.404771312038482e-10,-7.269435241288454e-11,3.7955060771268494e-06,5.950394570071732e-09,0.06250538009283016,-0.0031458957337219613,4.639199497933011e-10,-0.45065586078199316,0.1464134878460061,-1.38266354554855e-13,-0.36819691269460647,1.8226423750108683e-13,-2.000834780926301e-12,-2.314945887214449e-12,0.12193070083772943,3.3283840604514237e-08,-2.322261050486577e-05,-4.712943027469823e-08,-0.012053537618004964,0.14436700575589875,-5.535982765163157e-06,-0.12376271439258243,0.009751871995200091,-0.0005605279424775885,1.4076333925463604e-05,3.147515602605723e-05,-2.2747989228982843e-08,-0.006262202810517346,-0.3814810209056346,-0.10413005838589981,4.307123142087349e-05,0.1267053061851618,-0.0017619086984914727,0.07550771567380667,1.8136990004218023e-05,-0.1680299141711047,-0.16923521845671946,0.17367210185160967,0.000740853203591847,7.178460125668886e-06,-0.3446930543651092,-0.03302327979860891,-0.000574104912876667,0.003044332556464134,0.008664784081571147,0.01298331251144891,-0.06067368048239601,0.002630725283690519,-0.04798761541964215,-0.011304216384347268,-0.007847396599486611,-0.14047268097092921,0.06825474577123018,0.011807440583320268,0.038912050547617934,-0.04396345648975039,0.10947691819084143,-0.0005627314547782776,0.036100996993348546,0.01868225301717361,-0.004032087401516773,-0.00012248796850714895,-1.5624519970493841e-15,-0.04610039142217257,0.04861638374712338,-0.032335443842229306,0.06414746631003494,0.004447300036657335,0.006609389024125825,-0.10566564835353535,-0.08568932940687699,-0.09711372302919173,0.10810701486703295,0.14858225661532368,-0.09304480787847146,0.16545260660056635,-0.12747233795694501,-0.13050200929544917
67,8.901452450585605e-33,-4.664673018301269e-33,3.39315111916996e-15,-2.3548289871601584e-30,-1.4420549127882458e-14,5.70265223160776e-15,0.024689207044663486,0.0015322767703172158,-4.0221241118453776e-15,0.006641995193594949,0.10679042093629258,4.6001314209156015e-17,-1.987529558776738e-17,6.978463422673341e-17,9.698765830208862e-15,1.3290063049251774e-11,-2.458605259720347e-06,1.3536502567355956e-10,5.106303286001213e-11,-7.402788218392408e-06,2.8880072895823184e-09,0.07052595537854345,-0.003706676558987781,-5.5640963848825675e-12,-0.1308917706056156,0.041739403500187386,-6.472351618403995e-13,0.5961372919898058,-2.4707912586003034e-13,-3.4154623083367925e-12,2.661986627651854e-12,-0.19230046919957902,-3.882733532007904e-06,-2.4846420323412556e-05,-1.2389988087658578e-06,-0.01136730685910096,0.040359442981272114,4.036015471380721e-06,0.19534861771113876,-0.00892798171065386,-0.0084956048016103,-2.699297713454483e-05,4.2129984292089155e-05,-4.884083159870694e-09,-0.00797062410992135,-0.3985548615540715,-0.10711890429020435,1.0624757401554025e-05,-0.003772719574637479,0.0003091038453033421,0.09346317292427465,-2.794310855810533e-06,-0.12548433479792465,0.015109898162347623,-0.1703702121320955,0.0014131014505116683,-1.0811284408660098e-06,-0.07362944998707377,-0.008925400566083897,-0.00265853818638543,0.01385320991264655,0.03525696624620291,0.05567842184946954,-0.10142037555122695,0.005129243557921806,-0.21061759508054492,-0.02044879209865986,-0.02066500260424555,0.2458691730778703,-0.058960434709942264,-0.012407680233635086,0.028579688556932187,-0.052202810537890894,-0.14918435203677724,-0.009414019105818825,-0.029635992228540617,-0.08547212007503309,0.08993202263819704,0.019626446743297127,6.826186870251372e-16,0.022297648933544807,0.034815126877630234,-0.036361462063282696,0.062167559287944964,0.034995349883060606,0.016132066908213453,-0.04849122484352397,0.13728732990712536,-0.10199444866731958,0.09761700358308328,-0.17842828401563138,-0.06562056592498042,0.17994169528991935,-0.026553135639078164,-0.12878679338997512
68,-1.1020853449849746e-31,3.71807336958757e-33,-4.20123358642194e-14,2.116145433683206e-29,1.152236966032239e-14,6.795837561432591e-14,-0.4682019948506705,-0.029685348608470684,7.388162363377899e-14,-0.00837026234241342,-0.13224840851244266,4.758529858274925e-17,-2.1337012049131707e-16,-2.785776485227286e-16,4.169358702200184e-13,-1.2061497607674288e-09,0.00017981651557805991,2.394113064458519e-09,-8.632570937119954e-10,5.149797868182868e-05,1.0709672397425995e-08,0.3611344263882018,-0.01933614723644187,1.4410243179685913e-10,-0.4237500308456375,0.08144331273874951,3.911479572577379e-14,0.12646249618079475,-3.538869372878017e-15,1.9992912850428487e-12,1.033614262342576e-13,-0.024129565039101665,1.3946869213051386e-07,-0.0001420525316088631,4.789175552393889e-07,0.0056259543965617356,-0.05417800105713044,1.7865027070991487e-06,-0.017473633011326373,-0.0019461721533232214,0.004603001084753321,-4.823711374195203e-06,-1.1482984756134287e-05,1.094814370766895e-08,0.0046274462229506895,0.3272248341652825,0.04303280602440318,-3.282975885977372e-05,-0.06902509232196806,0.0008920053547907427,-0.10491071277848034,-1.1077206874765405e-05,-0.034171053693707876,0.1138839639573616,0.044481216698550534,-0.0017870353484306422,9.136324868370185e-06,0.06074398926377423,0.006564746840339461,-0.0036201854120799975,0.018379258727727707,0.045784459175450765,0.07115430633717275,0.2868692795837984,0.03514216055656395,-0.027003427517372374,0.039290623023168006,0.0012337864187776163,-0.04950887251056047,-0.06437092499390959,-0.007873845870640665,-0.1000315933656741,0.13376762667618455,-0.05578861805147199,0.00854392911249081,-0.04022374853461609,0.03236977011710559,-0.0672970877088705,0.04774511649305052,-5.292254095634872e-16,-0.01022348326085196,0.05709844152564587,-0.04623979608163813,0.04607756283521628,-0.03541090241833798,0.06783582484570086,0.10706152562822473,-0.020704492773324666,-0.1272636567979014,-0.17397990413489195,0.0025981835870269683,-0.10611747682812375,0.17351066744336333,-0.08000939187323611,-0.144115560740677
69,8.717510351097091e-32,9.288491326092907e-33,3.323186159629668e-14,-6.967809378839646e-30,2.870737361557029e-14,6.475725244729689e-15,0.37738542280580584,0.023958017961082476,-5.168900844430293e-14,-0.02060585653408743,-0.3247855653585601,-2.8388997271752176e-16,3.073905845120669e-16,-3.0772106543967037e-18,-4.385300031053527e-13,1.0051502820928236e-09,-0.00014591455101892423,-2.1608682776559848e-09,-7.895220959320022e-10,0.00012953479177577466,-5.476792581306926e-09,0.38122551281994027,-0.02060796400919583,-2.662511463354454e-10,0.33848949065435674,-0.067675072894753,-1.7631829164147557e-13,0.28641041288852304,2.177258725139833e-14,-1.4620256317224858e-12,-8.201946281528995e-13,-0.055955358102967416,-9.762932720589745e-07,-0.00014424930361112574,-2.1656209752862944e-07,-0.005135268211106186,0.04393878741528542,-1.7882716597668167e-06,-0.040845461922449366,0.006256515708075518,0.00622562413296893,2.4643551131703562e-05,-3.164997246962047e-05,-5.594769234554655e-09,0.008797956596316988,0.34630498682334643,0.05613000063358196,2.5803592106444306e-05,0.06670399325202916,-0.0011173822098956654,0.04575031130368518,1.2860695924987812e-05,-0.05434139739409949,-0.12058653080937361,0.11670000801588576,0.0005818423852016092,3.589348286038734e-06,-0.2139898883697648,-0.020367455714620352,-0.0003238876133243297,0.0017489454802364557,0.004999756638169609,0.007677746713293044,-0.078496061160432,0.0009572193094732663,-0.04060780713156031,-0.013197335643293107,-0.007431148589623783,-0.1453926167225453,0.07166429362149006,0.012322947795366117,0.04084400230555473,-0.04606848238733434,0.11172366438937613,-0.0005935480049650408,0.03683312082381253,0.018905504935966953,-0.003910280552092926,-0.0009435304700771773,-1.4179309356542327e-15,-0.04581407090817878,0.04817808263377537,-0.03174578795501847,0.06338617308083286,0.004530251671451144,0.006249387324849379,-0.10561015158412874,-0.0856764971288302,-0.09501463475386238,0.10810497924860232,0.14858131030179128,-0.09291129431072807,0.16013427018820475,-0.12510303753648042,-0.13048004836371177
70,2.767362732917935e-32,-1.4495355205195956e-32,1.054941720818594e-14,-1.1151160155990504e-29,-4.483413202039011e-14,1.735987421341037e-14,0.1156493581694304,0.0073125350521931285,-2.724826823857376e-14,0.03180955830684847,0.5020281813743417,1.9528505942580544e-16,-9.95658079856808e-17,3.291665838400175e-16,-9.637162086487504e-15,3.013822404586011e-10,-4.7369372216848855e-05,-7.340216009726416e-10,1.8392801243617443e-09,-0.0001910511142089751,-5.744391686519097e-09,0.3267055270419796,-0.017562336346135986,1.3437328150438359e-10,0.08929754724614594,-0.01630053321235376,1.3868682777120283e-13,-0.45194795684329525,-1.8867938894685193e-14,-1.1608256663301247e-12,6.574825868575093e-13,0.08654245461783919,8.383090603285027e-07,-0.00012913814156407632,-4.140045936804595e-07,-0.001314548567492455,0.016455573619479143,2.931412121362756e-06,0.05647843338594954,-0.0037422023524130684,0.0015229400472736919,-2.2294704163747217e-06,-2.0629659561905084e-05,5.573342750932694e-09,0.006797792456401523,0.2960082007349454,0.04435687115403042,2.4928783461921133e-06,-0.023160699315598665,0.000413466243489471,0.058866835288349344,-3.503272093979738e-06,-0.03131148223864106,0.02319608057053521,-0.162796272516188,0.0011853089742815098,-2.793409767761019e-06,-0.011517169700730327,-0.0026947943836114954,-0.002182434055988171,0.01140516834884123,0.029154198045889135,0.04605902365023204,-0.10690466670132016,0.003568937314790508,-0.19379803097296047,-0.020518387570262406,-0.019067050378021855,0.23094068077620683,-0.0536998497685539,-0.01146720446020217,0.029274344168049277,-0.05238101094003294,-0.1426696764545665,-0.00921064032676243,-0.02814686282996383,-0.08349597546197816,0.08795470306891572,0.018626628835749365,7.31866139198502e-16,0.022139469568588057,0.034373508656202735,-0.03568159919507014,0.061266984281496684,0.03455011665964498,0.01576296353230549,-0.04841305210847737,0.13696053313104606,-0.09959055292473717,0.09760081042109427,-0.17840347000685877,-0.06548928987553906,0.1734791302695512,-0.024767321618941768,-0.1287678442169623
71,8.69287826459417e-29,-3.0433296708788553e-30,3.30103352543679e-11,-1.5079026857299498e-26,-9.044100648333606e-12,-3.253463301173742e-11,0.00327236679182144,-0.05876035405957198,6.565560442724304e-12,-0.016072330333503002,0.0008847645954539147,2.1996630988250238e-17,2.41141129123566e-18,6.654896676364957e-18,-3.1065463188418684e-11,8.231208155012904e-08,-0.053492745431314416,-4.3493320157356554e-08,4.0624372015383495e-08,-0.014638194591227956,-6.661886951890184e-08,-0.001610271012131343,-0.0459557771945669,1.8988275146632477e-09,0.0971949528716696,0.5048677941408705,-3.4515848486989157e-12,-0.02501880197281995,-1.9845064945580353e-13,-2.2913770608937942e-11,-1.5333447281806122e-13,-0.13457279851396214,-1.624734600187265e-05,0.04174935820237734,-5.045201440365571e-06,-0.08503720789388942,-0.39781406662127017,-1.1695060180210049e-05,-0.10883426903239027,0.013191775711748158,-0.015278932565783922,9.106424750237765e-05,-0.00018246111340501544,8.92669901621311e-09,0.014654990002172914,-0.05176685634096267,0.4159202411651656,5.633591498465414e-05,0.10045614114609384,-0.0013879752084555179,0.18956299113587083,1.0014222704072676e-05,-0.3114970465512917,-0.10846864344804055,-0.09838687786225342,0.0016839271764165736,-9.75674960327862e-06,0.04165675179328307,0.0034977711713006505,0.007048729019728201,-0.03649932574968803,-0.09731324041518971,-0.14783315164520938,-0.1914649905648757,-0.012938587971473714,0.09241578750801423,-0.015221465807034531,0.009265687876783099,0.025504673032645753,-0.015417457188710505,-0.0021835774301149353,-0.0353196029600095,0.0539499552693487,-0.012653380668874985,0.005157012043839966,-0.016404541554193013,0.032865274680710474,-0.0442377084623962,0.0005861308474939073,-3.5024557432775456e-16,0.0037502283251717133,0.04259226683206038,-0.0260348947638736,0.02133496848870763,-0.028590704416688147,0.05474832448397799,0.10667780665712981,-0.01914401804530861,-0.051757431607510083,-0.1736561267081882,0.002492389837162232,-0.1015318605390856,-0.11985161229794804,0.05512796040761406,-0.14276149089008447
72,-6.872207926080564e-29,-7.60443565996326e-30,-2.609650027551084e-11,5.144465166856635e-27,-2.2554797339853684e-11,-2.042230416882905e-11,-0.00258772100945673,0.04646005366074544,-5.100677655941238e-12,-0.04028401283008047,0.00224926067906275,-3.875746992364565e-17,-1.1729993936300063e-17,2.624944866875781e-17,1.4083161471576988e-11,-6.402890628312913e-08,0.04229746989208983,3.4947797188722495e-08,6.522196417453328e-08,-0.03666989695146524,-1.410137400533887e-09,-0.0025801301205686774,-0.0453501833444816,-4.648800348339646e-10,-0.07721569710282157,-0.39835950826226474,1.2749930688109575e-12,-0.06734575260285924,-9.527463992983021e-13,1.1539063362505654e-11,9.896345834587758e-12,-0.35060165710584873,2.9096795821905016e-06,0.04127401848848403,5.235904559925072e-07,0.04476062073381127,0.3138196331598486,1.1338870639907627e-05,-0.2706716761129799,-0.03317865266094524,-0.02475836878250173,-2.1793072846739094e-05,-0.00011575363934277824,6.041407834121566e-08,-0.0007748760508350809,-0.07003807640495903,0.3777886032758082,-6.048343085772838e-05,-0.24037820226426765,0.0021141671805373443,-0.08164344728512497,-1.3480678613725223e-05,-0.29662966624682613,0.12564502339959216,-0.14934698385253475,0.0009511627472742612,-1.273981132820056e-05,0.02759833539191094,0.001990268891564407,0.006868402926227095,-0.03431552907987583,-0.06800300060795482,-0.12280310660661993,0.09684466310135112,-0.022034964288974845,0.10423353960335036,0.007144260654170208,0.019401407413124384,0.18774777474227408,-0.027848728004892565,-0.005286262177371853,0.013759603931946312,-0.023325234627189616,0.04368272112752468,-0.0010388332670047606,0.02340914094817619,0.016567472095101687,0.00312012909823671,-0.035372978189277704,-1.4887357224488017e-15,-0.022115234046305113,0.03284566349774771,-0.011609198777423857,0.03440687341224915,0.003227185394879775,-0.0022088038925685348,-0.0979413719737621,-0.08053355586214299,-0.017997984242819356,0.10737546468863857,0.14776206639727113,-0.08807378480805686,-0.14695018030026563,0.03532428213060105,-0.12912554379335064
73,-2.182995083584427e-29,1.1871905116690307e-29,-8.289725106511384e-12,5.18365280699068e-27,3.5231917760183926e-11,-2.0301414391888127e-11,-0.0008210915432504137,0.01475109605174969,-1.7560987944141546e-12,0.06283649885251696,-0.003494218513862832,3.0707114164331287e-17,6.682994205130176e-19,-5.652526209355107e-17,1.956468086305836e-11,-2.2237645581458296e-08,0.013427132442741962,1.1274775328495047e-08,-1.1925360189140111e-07,0.057207539941437326,7.301745493857385e-08,-0.001922226889268903,-0.040858883252187325,-1.5813678690169623e-09,-0.024044906565750833,-0.12734490164199314,2.7401384035987106e-12,0.1028280313575349,1.3095307140688145e-12,2.0620802270417336e-11,-1.127651847143017e-11,0.5405938646884245,1.659963152217025e-05,0.0373235891133719,6.696106641985501e-06,0.056333483456104005,0.10088313106754646,-3.0021026802384134e-05,0.42334258684276993,0.04338009734844022,0.008788076083120096,0.00010631659954400151,-0.0001294562180241746,1.0289556293370007e-08,0.001976038954587618,-0.04470658677694632,0.3513399981554977,-1.1726685349818647e-05,0.056125096584617874,-0.0014231889859676783,-0.211065241933617,7.607509249049034e-06,-0.2805729334347914,-0.05303305933787598,0.1950645332934865,-0.0007932752222865989,-9.590066129005073e-06,0.08730708172647757,0.009209363980901998,0.0062546609388019845,-0.031575594573244124,-0.06880548505164572,-0.11738980090305666,0.047511395250701735,-0.011703904218152419,0.16900004241476646,0.01804927574476914,0.020298901342905473,-0.1253814855399915,0.035632675585003264,0.005277557881338388,0.025240850374790468,-0.03626103785351892,-0.030561910625862238,-0.005093519371286926,-0.0028040997334198925,-0.04147971702298063,0.04895953963138367,-0.018004089297124843,2.6591905521499537e-16,0.02665305679796305,0.0230009343628037,-0.0185414177197981,0.03773164655638314,0.024171537692946974,0.007765646158153151,-0.044548095873973924,0.13198203953236343,-0.0354646881756352,0.09701795957385953,-0.17766010034776206,-0.06182654788105887,-0.08844466818698511,0.07687013913889218,-0.12752240456320027
74,-1.2012176869976689e-31,4.054212826039713e-33,-4.578941057527806e-14,2.784663749126129e-29,1.2558196843818502e-14,7.272574037621233e-14,-0.0001662519839763667,0.0031330284222982475,-1.0090388676464977e-12,0.0008567730049194045,-4.45509041985455e-05,5.823545472628213e-19,1.6318245218907904e-18,-4.937809191894094e-19,-1.5238976946841252e-11,4.539166931234124e-07,0.5639781639426893,-2.20195935702296e-09,1.656045900818285e-07,0.15431238431187974,-5.6350190010656e-10,0.00011550715133277294,0.00245739549140183,-5.894364014889394e-11,-0.0018484055091498204,-0.017217537590810943,-3.208717974642862e-14,0.0004209467451936396,9.860325504106657e-15,4.125811143553965e-12,2.1849991793557365e-13,0.004467527047167862,6.380845803581064e-06,-0.4416903711029301,9.349689609204366e-07,0.010640813927368346,0.04731631923080448,1.0963978993588274e-06,0.012997631330572749,-0.003199379979879624,0.0006656223955281273,-1.7479605339101477e-05,1.9344835758516345e-05,9.493627154315719e-09,-0.0034164072725485265,-0.001791327667534342,-0.02131426319026947,-4.532035343922993e-05,-0.08629782003121039,0.0012033572899694915,-0.15221253445531296,-1.4770658905914222e-05,0.04008217223495055,0.15399556073904616,0.10833178186852369,-0.002889365899562638,2.5462543103718605e-05,-0.11259688152236685,-0.010416266130953566,-0.0038389728062108164,0.01740597607700997,0.004047039693893354,0.040249896301198865,-0.35873679924530755,0.028960757403634515,-0.2294091994538043,-0.042166167448940146,-0.033113957033043706,-0.05951776078163848,-0.012019730890483006,-7.967028332083842e-05,-0.053161374123275915,0.08043020044203206,0.0039532938867701895,0.006058877562030766,-0.01421000492491494,0.04918474006981226,-0.05390999645010531,-0.021761138611231755,-1.0254222355949727e-16,0.00485204108320431,0.049270611057264574,-0.03338885250795705,0.030136958113261354,-0.03458619037244747,0.06160585470858574,0.10826617809150407,-0.0192695915520331,-0.07103623719834773,-0.17405775063166065,0.0024008785965182367,-0.10388274144859158,-0.26726246844150764,0.11648241390891699,-0.14317918782853672
75,9.496810389006081e-32,1.0121559383810494e-32,3.62010242367911e-14,-1.1797121957704454e-29,3.1266934105882165e-14,8.050477635478534e-15,0.00013146533430054822,-0.002477253855709812,7.913356030209803e-13,0.0021481102813640336,-0.0001145857208864734,1.402885924466322e-18,-1.2320456145925108e-18,-1.7524450548735297e-18,1.3827921687068113e-11,-3.5909812509895865e-07,-0.4459579384400924,1.7187545737614173e-09,4.113007262946317e-07,0.3865974997543093,-2.0031933967800318e-09,9.059194430871576e-05,0.0024147727782944696,4.8650828376298524e-11,0.001455323362634153,0.013601212661543696,-4.847566997214316e-13,0.001335164019665392,8.489393246780269e-14,-1.8340754577804826e-12,-1.3303394386736863e-12,0.012210465564365138,4.299978330635087e-06,-0.43437231478840993,-2.078368706634555e-07,-0.005042480717244992,-0.037327543461409055,-4.488304763689245e-06,0.032153970813864736,0.009319924190728485,0.00290852061786343,2.539607139929565e-05,-8.48988165630365e-06,-1.503691256733055e-08,0.0023593068958723444,0.004747473663596943,-0.006861637808865505,3.9633939840070086e-05,0.11036349045801151,-0.0016132582245388532,0.07139137724213927,1.73014826474062e-05,0.029353681325533693,-0.16410855873460367,0.11940642817870444,0.0006695070555965718,-1.1110023730915039e-05,0.1556092757414807,0.01728973980399325,-0.0041229052377275794,0.022727531448559494,0.08406019515822771,0.10935180578221372,0.24296913980773996,0.011400287388645694,-0.2160915003538345,-0.0023772718739284763,-0.013870003072101867,0.24115237434010317,-0.03743459611158896,-0.005859066925336699,0.015649980226474007,-0.025340517333290534,0.08026476802036049,-0.001603423777119083,0.03652232729588701,0.03081325442323969,0.0033308576518897345,-0.06377228803877427,-1.3636955443007155e-15,-0.02416495491263826,0.03903698244125091,-0.01777518003107941,0.04380805532652076,0.0015951451413699644,0.0016333790142289066,-0.10035698471666281,-0.08206819163482221,-0.033754617357387676,0.1074180257839282,0.14782174759943892,-0.09024670783940834,-0.2970419348997024,0.09193182926633188,-0.12942204940381535
76,3.0163032279210293e-32,-1.5805854029190749e-32,1.1497916052229784e-14,-6.809320436228526e-30,-4.886504945647475e-14,1.932236881936777e-14,4.1721618073202816e-05,-0.0007864902731207697,2.606487915236296e-13,-0.003350371316730709,0.00017741797334275695,-1.992694916207822e-18,-7.667690496834213e-19,3.302461076108344e-18,1.8490814714645708e-12,-1.1373874134448721e-07,-0.14156196332661525,5.387234770467457e-10,-6.432116361585213e-07,-0.6030931237860477,3.10212133468563e-09,0.00010178435220488121,0.0021741311901163135,7.267690837556676e-12,0.00047509117343647706,0.00430245211699737,-4.365107650975952e-13,-0.0019283031081147501,-1.0152836082621282e-13,-1.960983755007037e-12,1.2038694783753928e-12,-0.018439943502903778,3.561539899016419e-06,-0.3914704246170005,-7.181167263580898e-07,-0.0035673771084767285,-0.011915506713899291,3.5316474926341275e-06,-0.050324540935726206,-0.006748171960479252,-0.003788973322131812,-1.3428955222957515e-05,1.834229039163229e-06,2.2741238890339157e-09,0.0009352701310003102,-0.00048083635866115845,-0.01062270794597045,8.318726042574107e-06,-0.019330248993648838,0.0004892792302890184,0.09939422869155329,-3.0591567225593914e-06,0.03603173840576567,0.01307156684343277,-0.23983007274157156,0.0020752503789466387,-4.68323454689917e-06,-0.09550808675743985,-0.01213804883604877,-0.0028835928937230837,0.015716189934828057,0.05251509408314223,0.0715329883723865,0.18875912446664578,0.028167374913678767,0.00021361193421237014,0.04156839478348735,-0.0010354807542153927,-0.3983799111129264,0.08471198217875389,0.014007271963286778,0.03975348702885837,-0.052631294756333775,-0.029679902760443647,-0.007554663567164533,0.000789745814830649,-0.04672127815854278,0.068017466648607,-0.04081110189587901,3.3619630609233776e-16,0.03146851951484631,0.02818706113722197,-0.024829771296675553,0.04692286799655437,0.027974430481324537,0.011635920518798675,-0.04599605217841417,0.13564886106784788,-0.05190137914838323,0.09717900197314051,-0.1780930315434643,-0.06369092151038928,-0.21405304051346555,0.13779805043510376,-0.12788569505284988
77,1.1383535355571264e-33,-3.699684237554147e-35,4.355803918220305e-16,-3.9307966898509886e-31,-1.1963884370377509e-16,-1.712245486633221e-15,5.017700011721342e-05,-0.0009821854473973345,5.985759200453594e-13,-0.00026852563255223486,1.3307938844493853e-05,-1.2146561132709135e-18,-2.7185122430692453e-18,2.954226403468912e-19,1.6353881818803136e-11,-4.2768111616981433e-07,-0.5208296800230676,6.771245320256591e-09,-1.5705066060677484e-07,-0.1425084695841546,9.659636952614782e-09,-0.00010613638079197319,-0.0007843625143095542,-2.955652739728797e-10,-0.014656169818305665,-0.07971051033473715,9.822821942589507e-13,0.0037224512563151183,3.042616644893511e-14,6.165523863474545e-12,2.4579215676243606e-13,0.021077694828743398,-1.4430168722294112e-06,0.4079363087108929,1.4054244836376122e-06,0.018125867059541754,0.08972031594700747,2.8117090222780144e-06,0.024598500035354458,-0.004934588058288105,0.0026862795884015364,-2.8850969115869754e-05,4.196145521705098e-05,8.49162872878504e-09,-0.005185232976066035,0.005274594119624239,-0.07272729240903261,-5.321007083572487e-05,-0.10009718157305408,0.0014101632158267097,-0.1785503602457798,-1.6699999905018326e-05,0.07352768957081429,0.17442553251387508,0.12468754903275098,-0.003248303626415199,2.8229603268457724e-05,-0.12477669835379271,-0.011514792015960245,-0.004712907718533939,0.021738941396579795,0.012300809851430316,0.055444983174316294,-0.3709789972668617,0.032191820973052926,-0.2542344514705653,-0.04418668667550603,-0.03638812268260452,-0.06608823948302682,-0.01173238747785991,8.460235646131914e-05,-0.05447540956712811,0.0823827457622432,0.005211622510986765,0.006123630393425267,-0.014036669142331272,0.050391751517192426,-0.05461255900045944,-0.023429092338104106,1.416595499647033e-16,0.004933379676499402,0.04976028069825354,-0.03392956141739718,0.030785355909037353,-0.03502483257801112,0.06210691038954351,0.10837511845645532,-0.01927689340006128,-0.07245655104474702,-0.17407724010532302,0.002393583303329957,-0.10405615606774703,-0.27821581914749566,0.12103837003664752,-0.143213770661046
78,-9.000078811476868e-34,-9.225876895547355e-35,-3.4437950589386187e-16,2.491804105621938e-31,-2.972060118779365e-16,6.862361436962301e-16,-3.967679033495153e-05,0.0007766030367365394,-4.707899553263381e-13,-0.0006734810719679287,3.469151155521583e-05,3.9200413251213946e-19,1.8594224532222286e-18,7.361169238371617e-19,-1.4026364059915274e-11,3.3827334332400686e-07,0.4118302962073359,-5.348452909225816e-09,-3.866797123139489e-07,-0.3570144454468148,3.350133648951021e-10,4.206062393126291e-05,-0.000748445307068385,8.868527767093853e-11,0.011636915196350267,0.06294359076290185,1.0596755559949485e-14,0.010170061266268083,1.879182757292291e-13,-3.4011496813592185e-12,-2.3703586391461205e-12,0.055460617810020776,-5.400286774959466e-06,0.401075725543541,-3.186883112929639e-07,-0.011309143168216237,-0.07083786945777029,-5.252019524078089e-06,0.06102212917698778,0.0126102015094169,0.005934921303511858,2.6896995348622217e-05,6.320242860323245e-06,-2.2183984919873516e-08,0.0023402514414160736,0.01382917497049977,-0.05373903558302001,4.769372475367887e-05,0.13957902547170695,-0.0019043008393690621,0.08388652818614623,1.9673877526976187e-05,0.060701664206031306,-0.18642795002470386,0.14073857263038564,0.0006362867150858098,-1.0870259435706182e-05,0.1647793402419924,0.018401119636466918,-0.005003728430917758,0.027290182881317994,0.09608067836680176,0.1278152283598206,0.2539562064372284,0.014003368411437137,-0.2408060747095649,-0.003111652759401877,-0.016469163266906457,0.24483086914657212,-0.03811009360701615,-0.005893006377234709,0.015785354695561967,-0.02547982387505217,0.08299023795334967,-0.001645926540880168,0.03749587505861966,0.0318699864955453,0.003350298232064924,-0.06588274471717571,-1.2905487156001929e-15,-0.0243135457680117,0.03949217246352578,-0.018229938811605107,0.04450052886290688,0.0014744894367352953,0.0019163197365029475,-0.10053543202374517,-0.08217769344254676,-0.03491927234071004,0.10742457534137353,0.14782371453386492,-0.09040931651426629,-0.30819378954852206,0.0961416798504365,-0.12945076397727737
79,-2.858220966385272e-34,1.4412028587989718e-34,-1.0936731720356671e-16,1.424855747497142e-31,4.647889349541256e-16,1.230883099880688e-16,-1.2592967643807759e-05,0.0002465523974571207,-1.5304520896386778e-13,0.0010503077090497491,-5.35108559058839e-05,7.945938187445697e-19,7.523146822373128e-19,-6.935007301788618e-19,-2.889321788892908e-12,1.0723934634275251e-07,0.13072914590974927,-1.6963671641502079e-09,6.062630379900766e-07,0.5569447823884746,-1.1360497100649059e-08,-2.6637380483777774e-05,-0.0006751952498912763,2.3784627682169745e-10,0.003624025564658426,0.02012133466148419,-1.9789654140506504e-13,-0.01550333594265839,-2.4827959612107157e-13,-4.515888049731433e-12,2.425743633125253e-12,-0.08544018528224388,-6.923500403614159e-06,0.36144469814049,-1.4911962315006759e-06,-0.011322517743552911,-0.022717583946527068,7.093980789122631e-06,-0.09549597620347482,-0.011547964847671616,-0.004351018545324018,-2.5796909045677876e-05,1.8039914903370587e-05,8.046222169354931e-10,0.0006063390259585491,0.005720587479563586,-0.05412558872035674,9.990570841938414e-06,-0.024956765758344265,0.0006490626270628792,0.12502630926576885,-3.930263194056902e-06,0.06609023616268793,0.01857531853445906,-0.2733562897643228,0.0022889038985091192,-4.213299679100941e-06,-0.10996115120553718,-0.0138132978382896,-0.0036196967715000795,0.019519044245806173,0.062175456524530215,0.0866539705905489,0.19941716110996274,0.03123632817233235,-0.013141057662410065,0.04330334701686767,-0.0027319347053480682,-0.4188786981722053,0.08837752079568147,0.014661218737846426,0.040823002347592216,-0.053832495166294674,-0.029584928255095674,-0.00773655142143975,0.0010631246515178554,-0.04709519946988874,0.06942129647554664,-0.04250911965620464,4.591653562567284e-16,0.03182100245358806,0.028568775392126274,-0.025292943812209295,0.0475992661358334,0.0282516490763843,0.01192070297023599,-0.04610374128439121,0.135914457061399,-0.053114238294871996,0.09719266109428493,-0.17812144695680357,-0.06383106229135097,-0.22339680327755188,0.14231760996537585,-0.12791847676956186
80,-1.4668649010855067e-18,6.253204004313232e-20,-0.544288189171157,9.131530432262958e-17,0.14893422457389788,0.42702971354537855,1.0152608310644794e-05,-0.00017552110856107372,-1.4725733138761778e-08,-4.9889633561874536e-05,2.86285098740066e-06,6.567226255406222e-17,-1.579644134451588e-15,-5.777557510587917e-17,3.706629406068902e-08,-0.00015331210941028515,1.66422161169772e-05,1.087219832455774e-05,-6.019809485261309e-05,5.022156982135385e-06,6.088162599466471e-06,-1.6369217355110153e-05,-0.0002682165472838695,-4.0479351904731896e-08,-0.0011318696350933585,-0.006967015645744989,-1.5286770945500356e-11,0.0005090052054744387,-1.7862940771135864e-12,2.7475178890896596e-10,2.7623027738303487e-11,0.0042714033319522626,-0.0007003388718109922,-0.00014932260385526987,0.00011561724848958908,-0.10550996363441548,-0.0022744498342989906,-0.0003632226976104256,-1.951262609365533e-05,0.1411005267465933,-0.2771804304979673,0.00015510030237392131,-0.00024115149649421892,-5.7886916596850246e-08,-0.26585120281249636,0.00936587390126749,-0.0043583581341576335,-1.9616016732081978e-05,0.0031317694099193736,0.0023605054089158224,0.012038162393522376,-6.655415051664778e-06,0.004159987974981493,0.09129068997660436,0.043970105124044784,0.0028875862553385486,-5.345265465219193e-05,-0.006596757425197068,-0.0018830882609683678,0.011957640237447855,-0.05630481766397601,-0.05989981319736251,-0.16171500383660803,0.10348122412511916,-0.007906485254233129,-0.17320575217056425,-0.006192104335017607,-0.01954793607181508,-0.009493065534223084,0.09563621565656491,0.012007841742699832,0.15774657172437634,-0.21426762361466525,0.04870866547055087,-0.011493942805017941,0.04363669063708282,-0.05975982245605207,0.08938682626051041,-0.0015431439709573365,-6.018708460181357e-16,0.022275658510285987,-0.04883358736845708,0.07239971533906359,-0.09787714216720632,0.034530332450863704,-0.03575180843324577,0.08678067141397798,-0.013808056673981632,0.23162603850470073,-0.17115712130809121,0.0031719474733949695,-0.06936035744903882,0.06184777998011656,-0.008189124747641531,-0.1415636263163073
81,1.1598231210141263e-18,1.5671678119471736e-19,0.4303579897968938,-1.471524375309723e-16,0.3731810903347111,0.41993317815631,-7.88510655974179e-06,0.00013622278669522163,1.1670233889870237e-08,-0.0001152969721452138,6.686507297889548e-06,-1.0048766050510535e-16,1.2184272931449015e-15,-1.5972504036346304e-16,-6.1889699603001386e-09,0.00012185494831002659,-1.2653516547706654e-05,-9.128370125529851e-06,-0.00014797851371984238,1.0300603335516709e-05,9.728892692629677e-06,-1.0119334812364395e-06,-8.07855901936634e-05,-9.60055861735094e-08,0.0007938297788629044,0.00475709439893891,2.4045093807049125e-11,0.0004614123154737717,-1.883291896987019e-11,-2.1272324321036654e-10,1.8039651483295315e-10,0.00199509654111418,-0.0006941745464964383,5.5168006864277224e-05,-2.7206691282120566e-05,0.05562572003340923,0.0011772530933047492,0.0003763800078784953,0.00015145282619875768,-0.3569760807290073,0.057083767995399035,-0.00028168972401978966,0.00014030710147011535,5.832668193943858e-08,-0.21827776814355446,0.0032580834266901673,0.012912516835775366,4.9830840323752954e-05,0.008586059327732744,-0.0030718089833080063,0.006351542041007404,1.0138273538090177e-05,-0.00467195539491677,-0.09073395497190187,0.027818123867856218,-0.0022485525491554087,2.1756354505428993e-05,0.03578859529705805,3.681907428664473e-05,-0.001732831264923475,0.006412902164705274,-0.025719796793855557,-0.006145890355726377,-0.045774961775791684,0.055815226152698474,-0.04906018843009557,0.04537469766683365,-0.019244015845505152,-0.11793106341850743,-0.12294284438127431,-0.020244382130027674,-0.10845323072874519,0.11546839516526693,-0.2827440929367157,0.000918758731029404,-0.08505565720347028,-0.06416283783000021,0.017049999263171117,0.0487021015779506,3.206220009491702e-16,0.04913547951797466,-0.05586952268753859,0.07652302021905423,-0.10281474026407815,0.007516790465560508,-0.05142706393296387,-0.05714490409175426,-0.052505370364709904,0.24217205225756153,0.10570625253432786,0.14630350456886781,-0.056995514637194926,0.043190249504287515,0.06569956951100352,-0.12841552671938075
82,3.68212833428735e-19,-2.4445849359176645e-19,0.1366279790196643,-5.95822874299483e-17,-0.5821525006281226,0.37844113708434185,-2.5483881332429643e-06,4.409043459806687e-05,3.683373780217898e-09,0.00018282921159186184,-1.0571605491172127e-05,-2.7820579265642464e-17,2.1204602312812913e-16,3.714360798406921e-17,-3.4948598313698376e-08,3.801593578489178e-05,-4.201196642907377e-06,-2.1667361150784117e-06,0.00023152062439755274,-1.6802734508499673e-05,-1.7599612528712077e-05,-3.692487494434366e-06,-8.825393012537215e-05,7.063497204540715e-08,0.0002925329375834076,0.001839166821318511,1.0661928586932317e-11,-0.001000776683458091,2.2720079581228917e-11,-1.1500991053615827e-11,-1.8071063504675514e-10,-0.006208443047307054,-0.000612817939986361,2.6743155182483137e-05,8.375696221351383e-05,0.0314822104928782,0.0006828770504931792,3.931917111077651e-05,-0.00014812134759976538,0.19894275907778647,0.315923117890551,0.00011637558526398247,0.00014585462996581237,8.752289228551688e-09,-0.19950606020730585,-0.0019581862205988224,0.00675238861311388,-4.173662529067605e-06,-0.006939973035068862,7.657502016780081e-05,-0.024878967959164108,1.6488081990495419e-06,-0.0011445340760501699,-0.038739368655535115,-0.10216068665173288,0.0005027030723731628,1.5870562969002195e-05,-0.02486757401102309,0.0025283081126090453,-0.00035628569340133626,0.0002602115868434257,-0.018546003865060723,-0.013863729472322278,0.003946746052949784,0.016234739428679378,-0.06156163942611891,-0.03015533399403433,-0.016755005640213396,0.03179322548708303,-0.019719795605095514,0.0038066017788574067,-0.11557477274671189,0.16447419836056384,0.2722970708469358,0.020623352609108924,0.04395877940015557,0.12733237190336705,-0.17913898602486797,0.02045558336685786,1.4141605778904459e-15,-0.008775015746456347,-0.04758038613481587,0.06622239192721636,-0.08760259086945743,-0.037700270429600606,-0.04184947377784381,-0.02268739881124841,0.08417783383784068,0.21048139172501135,0.09579767662818403,-0.17493881961678984,-0.036398438897711466,0.026854632995469863,-0.07467173416938847,-0.12643472980656803
83,-3.065680128546885e-23,1.6057243476257006e-24,-1.1507248443919515e-05,6.011684763651976e-21,4.245389957445959e-06,3.422031856309369e-05,-4.915428177700741e-09,8.773639264971754e-08,1.3179572061874738e-11,3.374067927586678e-08,-1.874953566173924e-09,-2.6120193349545872e-20,1.7118106863980477e-18,3.2856217224388137e-21,-4.551505910321589e-11,1.775575049551951e-07,-1.7677455730695086e-08,-1.961363054114085e-08,9.4180996494488e-08,-7.227992185428806e-09,-1.488052520593772e-08,3.2030632539512275e-08,5.397406211386485e-07,1.2827718650994543e-10,3.039925628187429e-06,2.104924784205701e-05,6.998510641231038e-14,-1.8720269310155416e-06,9.54754019128054e-15,-1.8302634146676553e-12,-1.8054261142983016e-13,-1.778450128245007e-05,3.158834121952911e-06,6.651190274233984e-07,-8.03550914340428e-07,0.0005468009905173197,1.2015053487102054e-05,3.7706917853065737e-06,1.6149440637504784e-07,-0.0016213888338919898,0.00316360403296558,-2.278491249118293e-06,3.5628961951940418e-06,9.805639666355918e-10,0.0029940641737091897,-0.00011059654716207441,8.07313812784072e-05,5.52879583118876e-07,-4.527748480832306e-05,-7.062078287830184e-05,-0.000280915091681841,4.1230026259594586e-07,-0.00018055175634173172,-0.005004328602431069,-0.005583631891910846,-0.5282440025666706,-1.0179914740128112e-06,-0.014004813149521704,0.13208247555732916,-0.0005368222032037431,0.0027338585152693845,0.00600918950905057,0.010308155795865219,-0.014625949985118398,0.009073227261888667,-0.045323728128300905,-0.008683592606479466,0.5062025188798793,-0.009201168026949081,-0.013153228958572535,-0.0015963589970528155,-0.0313656656921265,0.05312187718548445,-0.01945493829692765,0.5200647246527756,0.24467428758751214,-0.027693490178552507,0.13660511573394601,-0.007461532708728856,1.8487006980467643e-16,-0.005369856846397212,-0.016731177993945728,0.262861878067254,-0.0816516015974738,0.007307348530362973,-0.01914206624741468,0.008687539278367648,-0.0007391111301104618,-0.11275281091941662,-0.014567257981702525,-0.00014627170452549367,-0.011201404061875848,0.0021058954107078614,0.0002610746553559521,-0.023171141399304387
84,2.423977797504202e-23,4.025353805447318e-24,9.098565507513235e-06,-1.7374061278711944e-21,1.0637677471772027e-05,3.3651536925456346e-05,3.829142909259845e-09,-6.82981656969867e-08,-1.0447105891697864e-11,7.791366597807356e-08,-4.3765982007558315e-09,2.482404878832769e-20,-1.3713784197775727e-18,-1.0613013140523518e-20,7.42649886107259e-12,-1.4115915400755742e-07,1.3482916678703911e-08,1.647177356446003e-08,2.316164877711564e-07,-1.4796906616149855e-08,-2.373998747235996e-08,9.220957860589407e-10,1.4591732363463195e-07,3.0350307772992953e-10,-2.1445483975266115e-06,-1.4473324086763907e-05,-1.0868205569120595e-13,-1.6641366786573293e-06,1.1036829913873681e-13,1.4205141246905807e-12,-1.288946952683644e-12,-7.953807021061772e-06,3.132124388653501e-06,-2.5845686624008155e-07,2.1198500412319977e-07,-0.00029504251720225186,-6.373954967404455e-06,-3.828636970244012e-06,-1.113490895027898e-06,0.0037977640966998945,-0.0007420671245661858,3.846823822767897e-06,-2.1173448020422383e-06,-9.533666403205663e-10,0.00238405513740317,-3.176383369201179e-05,-0.00018661237060282751,-1.0871724178152467e-06,-0.000170201704939342,8.234408820466091e-05,-0.00010738626212096507,-4.665075852130782e-07,0.00017687574068615984,0.004403443896906008,0.0009609688403950429,0.4188013674941885,-4.1065065739761245e-07,-0.03471567112086893,0.34726030689216875,-0.00039522489957651046,0.002050398692332891,0.005452385969218296,0.008310715326842374,-0.009853042825361872,0.005152257306947363,-0.051671581507626754,-0.010459544131541702,0.5030245829892008,-0.0011450415783260818,0.007997440897790179,0.0016078490706078145,0.012692820017473466,-0.01945146182375641,0.1650928979046184,-0.07282081831199526,-0.5643487817722328,-0.03039762981628137,0.054608456002062176,0.0065761448183545585,1.896159995784795e-16,-0.0012346983789024073,-0.01752205408418518,0.26431764030288696,-0.08249079783039395,0.0015754663755781835,-0.020965722436439294,-0.005256210529347249,-0.004626310677379615,-0.11182032788778243,0.010135217713374445,0.012990177975106992,-0.010104650872356341,-0.0023781325206959987,0.01700522695089882,-0.022008219239171636
85,7.69551385485694e-24,-6.278649424328589e-24,2.8885738979559595e-06,-1.5407487041181162e-21,-1.659466714311913e-05,3.032771722200801e-05,1.2398577480610318e-09,-2.214607174046041e-08,-3.2977011230018497e-12,-1.237663112893888e-07,6.931137266939801e-09,8.924519771611272e-21,-4.329714149216289e-19,-2.9058444818951402e-21,4.312892701696761e-11,-4.404105358602389e-08,4.48342418094195e-09,3.910221318877486e-09,-3.625249845846603e-07,2.4200935756325068e-08,4.301790776108453e-08,6.517614984315565e-09,1.6543509887100608e-07,-2.208173708114748e-10,-7.90582494958801e-07,-5.592534995758808e-06,-4.8038858016156395e-14,3.6668366746569702e-06,-1.325346178747819e-13,9.139137261705425e-14,1.2887542868622684e-12,2.569635367003317e-05,2.7711467769719634e-06,-1.2545559943901843e-07,-5.637375726315059e-07,-0.0001648575554808241,-3.6461369163528585e-06,-4.3427881188667586e-07,1.0716646916760695e-06,-0.0020296987154071727,-0.003429398306524616,-1.4616827468984711e-06,-2.0381414728439727e-06,-1.5681716874279222e-10,0.0022088813771710646,2.6872017999191716e-05,-9.36915333027117e-05,7.493406883943156e-08,0.00013583617855568938,1.1125886172216072e-06,0.0005005517734829127,-8.50182993792158e-08,4.437193055797858e-05,0.001684096560456321,0.0060750061040399355,0.133892896934779,3.0716465821264973e-06,0.05697825563998991,-0.5655671644496238,-0.00041131350758599305,0.0020893054592607953,0.004972911080441031,0.008034097359902109,-0.010118918076646987,0.0067562337646241135,-0.04620265976856014,-0.007310687508580608,0.4536094882943881,-0.01099122879506936,-0.0015884178314150943,-0.0006939393544344096,0.013710925154013669,-0.02997085348107783,-0.14397316044130704,-0.44048997458752653,0.31569891954520685,0.05640989991076658,-0.18829839009064434,-0.0017038317222002014,-2.2326469279691063e-17,-0.010725893983809505,-0.01679712844582678,0.2698224237812277,-0.08229200402171286,-0.00876447669222092,-0.020171100817654188,-0.0019665161460062468,0.009247165307977215,-0.1211131488550477,0.009645534423075397,-0.017208368216486143,-0.00810772693152635,-0.006967441331051646,-0.01539839323927155,-0.021805032127158803
86,-5.905173905236462e-18,-6.883279268177848e-18,-1.0026071999658107e-11,5.007290668355428e-18,-1.582399756785631e-11,-1.4186914125921171e-10,4.158148987434222e-12,-7.993791651951055e-11,-3.59200781801084e-07,1.221868669252503e-10,-6.3841805040625896e-12,3.2451562495452966e-16,-2.706871061588608e-14,-1.346247657502677e-16,-8.0035745980456e-09,-0.0027643235261397693,2.1306921543452336e-09,0.00012235029640178736,0.00322097944547752,-3.295175832202164e-09,-0.00012387815404972608,7.026196667318275e-11,1.3869044041079462e-09,1.2570528352108211e-06,-6.05753869433982e-09,-7.367237347773292e-08,-1.576683258845661e-10,-5.469511700222471e-09,5.0840870456697164e-11,2.2181081967655903e-10,-3.5177322801974407e-10,-9.736566400225337e-08,0.01042100471474943,1.036873543367026e-07,-0.00026181455614903234,-1.2598807944420956e-05,-2.822400051335363e-07,-6.209564812473129e-05,-6.482783206784512e-08,0.0006644589466336205,-0.00024994429986970154,-0.00018901758085207283,9.806906558290053e-05,5.451933679210663e-08,-1.3791769585715628e-05,5.79608447890134e-06,-8.923973376235166e-05,8.068963102932535e-05,-0.0009832720996118957,-0.004398919914354385,0.00021729384964964987,4.2376159886406185e-06,-9.977192853015236e-05,-0.0020125795350316752,0.0005024804333991471,-8.052306393113364e-05,5.862453039104276e-05,0.0015266845260605206,2.12230713667876e-05,-0.0063661760024059265,0.026398937399250953,-0.04192432925510339,0.02268972929119611,-0.02376602119900809,0.11446885047782983,0.012880788551930367,0.15767162322373993,0.0006933127566238511,-0.04455600006761837,-0.3666555395789374,-0.07051924187639114,0.0188474730414246,-0.35886610068526464,0.1827198944855356,0.08414120386811434,0.03631804771926106,0.09578217003306726,-0.22437342277360603,0.022789029470888938,3.6508888265322935e-15,0.24315617404346274,-0.2901980473895117,-0.19339630034608454,-0.21399088033706432,-0.15760189977357364,-0.08407227485324846,0.12905769282897891,0.09074819840457007,-0.23569708805257275,0.08884600219842552,0.1260215498334103,0.09554359293286918,0.19035484451668278,0.4084386613222108,-0.10458821618784558
87,8.221420558843714e-18,-2.2493297515383155e-18,0.0007502741697240435,3.253191837431492e-17,-0.0002770617296214798,-0.0022475271899922277,-3.5805738629202505e-07,6.3804484758166055e-06,5.295110554927851e-07,2.480985192416201e-06,-1.3806104856751144e-07,-6.870841610069339e-16,4.058274772301672e-14,1.0668600164454508e-16,-9.433298651410608e-07,0.00414275072611615,-1.2752155722044763e-06,-0.0001800323762729145,0.0011911152493393334,-5.346485715676932e-07,-7.266892795519211e-05,2.4626803326447504e-06,4.194580321272559e-05,3.8385459791413435e-07,0.00023541726837561814,0.001662106984734654,7.149810608272374e-11,-0.000155524166818554,8.350756084547756e-12,-1.165714609028579e-09,-1.1153203469933299e-10,-0.0015212855601410813,0.004438890992007928,5.798850322306433e-05,-0.0004548763343707154,0.049775069911175,0.0011017247344130368,0.0007661057867493277,1.6695440907426084e-05,-0.2404927378687534,0.5028095219012433,-0.00014119097576578723,0.0002448637285700566,3.242519919701872e-08,0.5578777310481949,-0.020216937817398313,0.02509799786971363,2.4395278872520077e-05,0.09021541233779383,7.498202633572135e-05,0.09024016191843098,-2.3124831588411302e-05,0.011921823037750058,0.22413264921134166,0.08329165054971696,0.0050888801786059005,-1.238801965233879e-05,-0.008137340718240307,-0.0026102690016499377,0.011333545756832012,-0.05561644473982118,-0.09200647725893818,-0.18616181705514445,0.11202594788902268,0.006598619276877146,-0.18494231225480168,0.0014360737777429763,-0.022423527009171888,-0.014625858771402602,0.07579509115978979,0.010008977752864556,0.14203228589119013,-0.20070698885533886,0.057921222142503496,-0.021220348406889997,0.04662149030333469,-0.06566832165443476,0.1025001271982708,-0.01361683771047138,-7.50963942146646e-16,0.01762106550108044,-0.051308877071493876,0.06616465150243296,-0.08892460006998561,0.044667531677464505,-0.04443016218751645,0.06772068348077152,-0.010805449176864032,0.21661811008287005,-0.15706486272668366,0.0030696589266085593,-0.060389809994133875,0.05797857619371911,-0.012667183514810028,-0.13053701663583397
88,-6.501146411791524e-18,-5.6172274610451696e-18,-0.0005932270622503182,-1.2581438240936879e-17,-0.0006942272580197727,-0.00221017696429716,2.7809800124969815e-07,-4.952082934423974e-06,-4.19702738745509e-07,5.733182461265565e-06,-3.224350608273796e-07,4.2094917527266195e-16,-3.224326022523521e-14,-1.4644279578254544e-16,1.4998712115658722e-07,-0.003293524696796563,9.698455155947131e-07,0.00015139966124870274,0.0029295704157819326,-1.0966133301500151e-06,-0.00011757128533147147,1.4063928035013923e-07,1.2438608197936577e-05,8.814075460713502e-07,-0.00016532846227936479,-0.0011369813893617557,-1.3735900915999774e-10,-0.00014000798108399566,7.961625500969078e-11,8.187425979297336e-10,-5.832516479239005e-10,-0.0006993272295927094,0.00449703179934369,-2.180223110987663e-05,6.447044447745943e-05,-0.026513510372339115,-0.0005766097256179221,-0.000713467943909943,-0.0001224262617162549,0.5765435221346434,-0.11188359403589361,0.0001641174425275948,-7.491600042207417e-05,1.4289174332683093e-08,0.4429370523364601,-0.005837565647150143,-0.05132010852584993,-6.75315712141022e-05,-0.3360729544389683,0.002100245700980288,0.06416338773143225,2.3665260952896212e-05,-0.014551789154036493,-0.237094680950064,0.056693177873653966,-0.0038201576396631647,-6.5288890079498084e-06,0.051533084103546685,-1.1639778719108837e-05,0.0004962840316733856,-0.00319039876411018,-0.021566743067402007,-0.021921007912282114,-0.043637276692286106,0.04638038684471877,-0.0618794432204701,0.026406026174077158,-0.02235826134810116,-0.11988626196904348,-0.09731364058907527,-0.015639073293897104,-0.1053627919468199,0.12107826151886615,-0.2753926023745988,0.002747651943778364,-0.08102678561752194,-0.061187444096109135,0.010293838589909591,0.0526270238269478,5.600376340906029e-16,0.055614883881425554,-0.056885368609166265,0.06742552145280895,-0.10074415221907441,0.003037134533511416,-0.04454298227743832,-0.04149162802152057,-0.03986492364702053,0.2224492397085499,0.09698261005488493,0.13458346302191623,-0.04947341928625664,0.04651243594066764,0.07194609249419028,-0.11854776460634525
89,-2.0632981363862357e-18,8.770699847861254e-18,-0.00018833486663731347,-2.929718337488302e-18,0.0010829759190001795,-0.0019917975692241878,8.987874651221828e-08,-1.6028146810173999e-06,-1.324608682250485e-07,-9.091640830913431e-06,5.098003811589233e-07,3.095418551106255e-16,-1.0084085887084906e-14,4.265464607513956e-17,8.97832624297994e-07,-0.001027225231089809,3.219556808465251e-07,3.5702362093523207e-05,-0.004582147410734255,1.7890416874160256e-06,0.0002116758210381697,5.47893988861281e-07,1.3663918796789208e-05,-6.240925002180147e-07,-6.091087441598834e-05,-0.00043935968518513455,-6.261851521161484e-11,0.00030514368413119117,-9.712147162832211e-11,7.621221379045465e-11,5.809012310978986e-10,0.0022047199049679903,0.0039671954966795445,-1.056336241275367e-05,-0.0003065617050696228,-0.014928008445101653,-0.0003325698705666876,-0.00012797164931171824,0.00011861877275376672,-0.3125328433193881,-0.5494253372866106,-4.150475925402644e-05,-0.00017192807680646972,-4.218793774966561e-08,0.40735417433630616,0.005154588861917018,-0.024850391833168405,2.00076181350013e-06,0.1974601979745534,-0.002438039500738477,-0.25851032901889776,1.0950684176427777e-05,-0.0037066816044778314,-0.10546742461610698,-0.20533269559540682,0.001052251703727557,-8.619737780671498e-06,-0.03631003095853259,0.0036571787931882513,0.0012165966186860966,-0.006340512519364618,-0.017022960500314224,-0.025598044324824282,0.0048495576632869115,0.015821583952917512,-0.07260443912623211,-0.017613140802714918,-0.019128330206605017,0.030782440077375548,-0.021586958048545747,0.002054865307974506,-0.10358182873266789,0.15256321995050498,0.24997757930795472,0.02693819363618195,0.03547061089669684,0.1352649821724985,-0.17705131666416363,0.018978287166603623,1.354147799553796e-15,-0.018165259276872833,-0.046576732067549864,0.0593990412429366,-0.08619774376786106,-0.04580078766341911,-0.0384078101304083,-0.016417127970917288,0.06494154570410003,0.19739400681767708,0.08807353646321639,-0.16095007925318947,-0.031457503909342904,0.019700886595763398,-0.08318593960587033,-0.11661091567312022
90,2.6295856442314886e-24,-1.3335011935764807e-25,9.908293843469862e-07,-5.398251908674432e-23,-3.6591527150526726e-07,-2.9695788435329895e-06,3.496040463823875e-05,-0.0006056734944206485,-5.529230599006584e-11,-0.0002319072610416292,1.3300544523080088e-05,4.0698673429557694e-19,-1.0024001625019672e-17,1.4269358490064454e-19,2.740048702616567e-10,-1.044753212116448e-06,6.050113180721195e-05,2.2059749110107026e-07,-6.073369719276775e-07,2.443285842967133e-05,2.2376909100777418e-07,-0.00013820704340949502,-0.002611176188650816,-1.3915236809428217e-09,-0.004595976802221489,-0.028952825611683556,-1.1689978942201604e-11,0.0026187727383069617,-1.1098675974367765e-12,-2.3730366641206905e-10,7.548335580637233e-12,0.02176993842953931,-8.518531503517696e-05,-0.0008959574042867355,-5.398413825829751e-05,-0.5177278811331615,-0.011257718952177639,0.0002498748195706134,-8.923761622562929e-06,-0.13158710411843358,0.1732508424069866,-0.00018237465600356986,0.00021226281572290663,8.025399981580358e-08,0.023354463809452743,-0.008949609516925278,-0.0006501320049273033,-5.144238517265029e-05,-0.21425338661440657,-0.0016245887330356152,-0.2711467302472136,3.2226612099389755e-05,-0.01981182790572383,-0.3214116221486006,-0.09850297284195109,0.004585270414184864,-6.357459547110553e-06,-0.023899258453422306,-0.0031551515096391904,-0.01822995005102065,0.09420884226367363,0.2356326184856188,0.3743768898221641,-0.07053114186772513,-0.08511470614622264,0.24865571955845986,-0.025968710601581322,0.01277082712251172,0.09465368472771389,0.1018570960504547,0.010778479866389235,0.14484094136429013,-0.18261558927554938,0.026216185583625998,-0.005704699746610872,0.023506981087377466,-0.031092363680649722,0.04227911226919985,0.009054752251697967,-1.6314416374005756e-16,0.017575775023244398,-0.010279639109336386,0.035867316690423645,-0.05365261945302728,0.009701191669768445,0.002941197501835896,0.09831968677369346,-0.01663486377995475,0.13724185913235423,-0.17282840810158634,0.00289257994369344,-0.08487635430858402,0.021741055065261635,0.008506886394215865,-0.14263849240505325
91,-4.407720839905583e-35,-6.099303620486952e-36,-1.6865896625108343e-17,1.2327758963483055e-32,-1.9655779910447155e-17,-1.2514106893384825e-17,-0.0047693848700019,-0.00031181990964939706,1.0563470107440657e-15,0.0003634844346318083,0.005562235971017721,3.350640907545e-18,-4.158649034296344e-18,1.8383993278492713e-18,1.2471814898578014e-14,-2.6952221115733315e-11,3.871192950665138e-06,9.161601589323865e-11,2.883175641980542e-11,-4.6798774962993274e-06,3.1823273468987777e-10,-0.018926538491657485,0.0010604443870709918,2.0104665528507855e-11,-0.022213520429728,0.004988825854366344,1.9124194076784534e-14,-0.025951764560488443,-3.1355992673674864e-15,2.3243496010729747e-13,1.4454454505785124e-13,0.0057195506287983896,1.0746615669979366e-07,1.5752028178507248e-05,3.684593578497986e-08,0.000647108290928268,-0.005643912406890439,4.353811415799284e-07,0.007409236365516101,-0.0016265157944015695,-0.0016819288642588388,-8.147912748837055e-06,1.085111549582675e-05,2.1439777286783907e-09,-0.00265036101131373,-0.10254377761106402,-0.019882746978899888,-1.344067953106415e-05,-0.029924671014486433,0.0006657625524540038,-0.02448591086359657,-1.1368134628518332e-05,0.04144910786732554,0.1048688332282689,-0.14781790419623633,-0.0008826280604205851,-1.737876154364723e-05,0.7347382467843063,0.07260596772004965,-0.0035217129724720024,0.01782849497294347,0.03628433882043899,0.06588146746329293,-0.2666974101636629,0.002189737670936425,-0.09927815321776981,-0.039116498781890253,-0.021207935981462613,-0.3042562989416574,0.13754491203203134,0.023434723716156028,0.0688689881048236,-0.07417048625449744,0.16524452193584263,-0.0008312886135808769,0.05128881173433761,0.0246603451475648,-0.0053311596410600594,-0.001183585448873402,-1.2885795775751637e-15,-0.052533383766011105,0.050928917893809406,-0.03492945112848861,0.06889732160852247,0.005507864621258918,0.006695891061272462,-0.10847103205988265,-0.08782818265336863,-0.10732447436052195,0.10835868140026027,0.14886867503259127,-0.09369416600511686,0.1973151469270273,-0.15267827757434613,-0.13055245635332843
92,1.0613938811858893e-26,-5.007660367048893e-28,3.9992704594837185e-09,-1.7986870092716436e-24,-1.3738749185118185e-09,-1.6020995366459266e-08,4.242289358217258e-11,-7.797294793351883e-10,-1.8480493530635993e-13,-2.868272035898999e-10,1.542583657471795e-11,5.56030605942556e-22,-3.153613287564705e-20,-1.6284449892887287e-22,8.345138773446318e-13,-3.2638267111768364e-09,3.190064972833575e-10,5.727244545551687e-10,-1.6254366467646637e-09,1.2920290050127734e-10,4.565270118139033e-10,-7.702950543012982e-10,-1.1897184203680892e-08,-2.4742675663243713e-12,-1.337702546346219e-07,-1.036294089856581e-06,-6.666856197762045e-15,9.451225860327917e-08,2.1229946996361733e-16,1.9228039818176015e-13,-2.2437389882510495e-15,1.060869497286083e-06,-7.767991411096935e-08,-4.3782673162317394e-08,6.520991718245283e-08,-4.436064318228595e-05,-9.912496488021963e-07,-6.572196838359527e-07,-3.19461628813828e-08,0.0003461909106172838,-0.0005756101879576879,5.758421749710289e-07,-8.381911540838013e-07,-2.686046147681467e-10,-0.00022782450066614044,1.5400506140967752e-05,-3.1638411851329466e-05,-2.566859450403548e-07,1.4881383235095252e-06,3.121284202183207e-05,9.45664674318696e-05,-2.7843077911904117e-07,0.00010093822442581753,0.003149714685800671,0.00466683493273915,0.5598637413794566,3.7238619311095253e-06,0.016151198855308094,-0.15035186667569272,-0.00034257764552942527,0.001465362510594592,-0.00089326048418065,0.0023652276688550435,0.0009114701242014798,-0.0030938038637003747,0.04342833784823291,0.006285561683311224,-0.3222550117901599,0.004423221681774294,-0.01130909454906998,-0.0014517078434495379,-0.030864269177443227,0.05361968690227499,-0.021857745161495256,0.4874563034360724,0.23422073779332236,-0.023549244620588494,0.12749331027225708,-0.010562938942031334,5.306456452740493e-16,-0.012123141358998666,-0.021744282247687676,0.42414593792060434,-0.12244113110068021,0.0055299775355811525,-0.027096965826328413,0.0061575433040978915,0.0004130492791313501,-0.2165970129145847,-0.008983716172176527,-0.001331990245091125,-0.011067692341002657,-0.006956415498921545,0.0009965573345157082,-0.023006904332419455
93,-8.419356002475512e-27,-1.292474635085179e-27,-3.172362516106487e-09,9.623690542087716e-25,-3.5434821194761872e-09,-1.5663018543990994e-08,-3.339808523337563e-11,6.136144319146186e-10,1.467695622227358e-13,-6.6043243971676e-10,3.606416488112897e-11,-3.7182059383493715e-22,2.508553763634193e-20,1.949589028967078e-22,-2.704307539428491e-13,2.5969804411034645e-09,-2.4852239843548183e-10,-4.734031338693904e-10,-4.082057121666343e-09,2.5202243708036727e-10,6.258517179150928e-10,2.908142462406389e-10,2.0858367637827742e-09,-9.852721439762261e-12,1.00320629615099e-07,7.669380234117446e-07,6.634649647117003e-15,5.716340972617903e-08,-8.14468462494803e-15,-1.5953441649163166e-13,1.1158102502590272e-13,1.8350105139334134e-07,-7.756857098022391e-08,2.6123814770797338e-08,-4.8537802181494574e-08,2.9215838686097436e-05,6.477809583826815e-07,6.006754401864095e-07,1.0985870716297741e-07,-0.0005639059581140721,0.0002073655024343995,-7.543001102923796e-07,5.337588804018494e-07,2.3712460605683686e-10,-0.00010522340554745825,-1.8392709786705942e-06,3.3589758818278855e-05,3.126232261613178e-07,3.328723931541102e-05,-3.042068531260568e-05,9.197447253172427e-06,2.527891360935122e-07,-8.638983194110462e-05,-0.002521337120728906,-0.001757297833097074,-0.4408413109132448,-4.921695548146613e-07,0.0366655472570561,-0.38268489280799434,0.0004743412047746204,-0.0022837760778324045,-0.002895645911705596,-0.006947136117182976,0.011484599024859732,-0.009064043305787035,0.032191288344926225,0.0021027375461565045,-0.31837463482989586,0.016113192968167694,0.016082678112466255,0.0026948605539869456,0.01894859586677014,-0.024871174694302233,0.16255220794173464,-0.0765282128858742,-0.5242226729956843,-0.025118712603751158,0.05005491478355001,0.001351469753038989,1.4302051721589678e-16,-0.008976135717013322,-0.022259844214405286,0.4239013015433969,-0.12270083806445546,0.0006547401977410513,-0.028350556855235437,-0.003577962364992693,-0.002062282096687433,-0.2150945412631966,0.007951428930627752,0.007115795476844577,-0.010270886183241667,-0.010695153891708917,0.014474632756113777,-0.022205734609233703
94,-2.6865556476775297e-27,2.0795523627586758e-27,-1.0122805753805127e-09,8.596199429416528e-25,5.702479115669459e-09,-1.527613185905159e-08,-1.0839061382345968e-11,1.9936754251386948e-10,4.661266613365934e-14,1.094703542863907e-09,-5.95106719210922e-11,-2.220776218738302e-22,7.918939644848663e-21,-2.8719621048151506e-23,-6.629778211426e-13,8.177440796633929e-10,-8.252494917090607e-11,-1.2315450508577645e-10,6.603130198489708e-09,-4.3845749874947056e-10,-1.2529323255701122e-09,3.324149210811753e-11,-2.8943780543879277e-10,9.517497211019087e-12,3.62835778930845e-08,2.875070682842068e-07,2.4055485114815093e-15,-1.6973201263289054e-07,9.096270468039955e-15,-2.5905728377397146e-14,-1.1199027706343572e-13,-1.3704040151873155e-06,-7.293042516285325e-08,1.2273285885437318e-08,2.711951381152638e-08,1.4385390648932961e-05,3.2427570840139545e-07,9.553817085812749e-08,-8.98150868162686e-08,0.0002256115949488567,0.0004680038899518067,1.812136747707517e-07,3.838670483596684e-07,4.738792334542271e-11,-0.00012593647426846328,-7.5858845184186795e-06,1.2942257433955264e-05,-1.2946807106947442e-08,-3.0908106650592664e-05,-2.5854213266575317e-06,-0.0001254745643883246,5.032423681303682e-08,-2.2113124345519053e-05,-0.0008676361164113256,-0.003463792645552973,-0.13982735477761538,-3.9960031026166535e-06,-0.059617691197835436,0.602455985783325,0.00039403365484910817,-0.001882768827004032,-0.002901911529082164,-0.006053660732981334,0.006372728891037326,-0.00426408060333868,0.02712515855496904,0.0075565731860265575,-0.25775013813348496,-0.0017845371872361017,0.0025419836515284157,-0.0005306072394191275,0.020600011905960128,-0.03720214945935226,-0.14599015322803163,-0.4132699116949053,0.2900943633787373,0.04795887393351645,-0.16641682142232642,-0.005202977504409928,2.2804170112713427e-16,-0.015410347939613059,-0.021506356586974664,0.4183459798091667,-0.12024553709788341,-0.007155068204040825,-0.027362488556167817,-0.0012104642040296789,0.006573262413716824,-0.21545986202004513,0.007043811465045439,-0.011297169442394457,-0.009072339574850014,-0.013656082277319605,-0.01085055467912378,-0.02210650417745231
