,0,1,2,3,4,5,6,7,8,9,10,11,12,13,14,15,16,17,18,19,20,21,22,23,24,25,26,27,28,29,30,31,32,33,34,35,36,37,38,39,40,41,42,43,44,45,46,47,48,49,50,51,52,53,54,55,56,57,58,59,60,61,62,63,64,65,66,67,68,69,70,71,72,73,74,75,76,77,78,79,80,81,82,83,84,85,86,87,88,89,90,91,92,93,94
0,(0.5905118209336008-14.984062625484569j),(-0.29383018189180854+7.473817629321596j),(-0.29383018189180843+7.473817629321594j),(-0.46303327470336747+19.717500281118344j),(0.46303327470336747-19.717500281118344j),0j,0j,0j,0j,0j,0j,0j,0j,0j,0j,0j,0j,0j,0j,0j,0j,0j,0j,0j,0j,0j,0j,0j,0j,0j,0j,0j,0j,0j,0j,0j,0j,0j,0j,0j,0j,0j,0j,0j,0j,0j,0j,0j,0j,0j,0j,0j,0j,0j,0j,0j,0j,0j,0j,0j,0j,0j,0j,0j,0j,0j,0j,0j,0j,0j,0j,0j,0j,0j,0j,0j,0j,0j,0j,0j,0j,0j,0j,0j,0j,0j,0j,0j,0j,0j,0j,0j,0j,0j,0j
1,(-0.29383018189180854+7.473817629321596j),(0.5905118209336025-14.98406262548458j),(-0.2938301818918101+7.473817629321608j),0j,(-0.46303327470336747+19.717500281118344j),(0.46303327470336747-19.717500281118344j),0j,0j,0j,0j,0j,0j,0j,0j,0j,0j,0j,0j,0j,0j,0j,0j,0j,0j,0j,0j,0j,0j,0j,0j,0j,0j,0j,0j,0j,0j,0j,0j,0j,0j,0j,0j,0j,0j,0j,0j,0j,0j,0j,0j,0j,0j,0j,0j,0j,0j,0j,0j,0j,0j,0j,0j,0j,0j,0j,0j,0j,0j,0j,0j,0j,0j,0j,0j,0j,0j,0j,0j,0j,0j,0j,0j,0j,0j,0j,0j,0j,0j,0j,0j,0j,0j,0j,0j,0j
2,(-0.29383018189180843+7.473817629321594j),(-0.2938301818918101+7.473817629321608j),(0.5905118209336024-14.98406262548458j),(0.46303327470336747-19.717500281118344j),0j,(-0.46303327470336747+19.717500281118344j),0j,0j,0j,0j,0j,0j,0j,0j,0j,0j,0j,0j,0j,0j,0j,0j,0j,0j,0j,0j,0j,0j,0j,0j,0j,0j,0j,0j,0j,0j,0j,0j,0j,0j,0j,0j,0j,0j,0j,0j,0j,0j,0j,0j,0j,0j,0j,0j,0j,0j,0j,0j,0j,0j,0j,0j,0j,0j,0j,0j,0j,0j,0j,0j,0j,0j,0j,0j,0j,0j,0j,0j,0j,0j,0j,0j,0j,0j,0j,0j,0j,0j,0j,0j,0j,0j,0j,0j,0j
3,(-0.46303327470336747+19.717500281118344j),0j,(0.46303327470336747-19.717500281118344j),(2.366672911033016-95.072838883022j),(-0.053958560628727864+0.13253569816258726j),(-0.03315419274906685+0.10273239146037272j),(-0.14427114961515136+0.43556940615780293j),(0.053958560628727864-0.13253729127159317j),(0.03315419274906685-0.10273342589404642j),0j,0j,0j,0j,0j,0j,0j,0j,0j,0j,0j,0j,0j,0j,0j,0j,0j,0j,0j,0j,0j,0j,0j,0j,0j,0j,0j,0j,0j,0j,0j,0j,0j,0j,0j,0j,0j,0j,0j,0j,0j,0j,0j,0j,0j,0j,0j,0j,0j,0j,0j,0j,0j,0j,0j,0j,0j,0j,0j,0j,0j,0j,0j,0j,0j,0j,0j,0j,0j,0j,0j,0j,0j,0j,0j,0j,0j,0j,0j,0j,0j,0j,0j,0j,0j,0j
4,(0.46303327470336747-19.717500281118344j),(-0.46303327470336747+19.717500281118344j),0j,(-0.053958560628727864+0.13253569816258726j),(2.355406777959243-95.05801550459681j),(-0.018998242948953366+0.08223964722929727j),(0.053958560628727864-0.13253729127159317j),(-0.13300501654137833+0.4207457810623686j),(0.018998242948953366-0.08224029350325625j),0j,0j,0j,0j,0j,0j,0j,0j,0j,0j,0j,0j,0j,0j,0j,0j,0j,0j,0j,0j,0j,0j,0j,0j,0j,0j,0j,0j,0j,0j,0j,0j,0j,0j,0j,0j,0j,0j,0j,0j,0j,0j,0j,0j,0j,0j,0j,0j,0j,0j,0j,0j,0j,0j,0j,0j,0j,0j,0j,0j,0j,0j,0j,0j,0j,0j,0j,0j,0j,0j,0j,0j,0j,0j,0j,0j,0j,0j,0j,0j,0j,0j,0j,0j,0j,0j
5,0j,(0.46303327470336747-19.717500281118344j),(-0.46303327470336747+19.717500281118344j),(-0.03315419274906685+0.10273239146037272j),(-0.018998242948953366+0.08223964722929727j),(2.345438484097271-95.04436754813715j),(0.03315419274906685-0.10273342589404642j),(0.018998242948953366-0.08224029350325625j),(-0.12303672267940599+0.40709760623034646j),0j,0j,0j,0j,0j,0j,0j,0j,0j,0j,0j,0j,0j,0j,0j,0j,0j,0j,0j,0j,0j,0j,0j,0j,0j,0j,0j,0j,0j,0j,0j,0j,0j,0j,0j,0j,0j,0j,0j,0j,0j,0j,0j,0j,0j,0j,0j,0j,0j,0j,0j,0j,0j,0j,0j,0j,0j,0j,0j,0j,0j,0j,0j,0j,0j,0j,0j,0j,0j,0j,0j,0j,0j,0j,0j,0j,0j,0j,0j,0j,0j,0j,0j,0j,0j,0j
6,0j,0j,0j,(-0.14427114961515136+0.43556940615780293j),(0.053958560628727864-0.13253729127159317j),(0.03315419274906685-0.10273342589404642j),(0.3594269681163597-1.0851376299657165j),(-0.13442855278024107+0.33019139955710464j),(-0.08259801777368678+0.2559410844219242j),(-0.21515581850120835+0.6495774958885153j),(0.0804699921515132-0.1976567696420291j),(0.04944382502461993-0.15320938659343344j),0j,0j,0j,0j,0j,0j,0j,0j,0j,0j,0j,0j,0j,0j,0j,0j,0j,0j,0j,0j,0j,0j,0j,0j,0j,0j,0j,0j,0j,0j,0j,0j,0j,0j,0j,0j,0j,0j,0j,0j,0j,0j,0j,0j,0j,0j,0j,0j,0j,0j,0j,0j,0j,0j,0j,0j,0j,0j,0j,0j,0j,0j,0j,0j,0j,0j,0j,0j,0j,0j,0j,0j,0j,0j,0j,0j,0j,0j,0j,0j,0j,0j,0j
7,0j,0j,0j,(0.053958560628727864-0.13253729127159317j),(-0.13300501654137833+0.4207457810623686j),(0.018998242948953366-0.08224029350325625j),(-0.13442855278024107+0.33019139955710464j),(0.3314038064953493-1.0482292237500264j),(-0.04733088272253699+0.20488658800129694j),(0.0804699921515132-0.1976567696420291j),(-0.1983543021252925+0.6274705867866538j),(0.028332639773583627-0.12264737412624346j),0j,0j,0j,0j,0j,0j,0j,0j,0j,0j,0j,0j,0j,0j,0j,0j,0j,0j,0j,0j,0j,0j,0j,0j,0j,0j,0j,0j,0j,0j,0j,0j,0j,0j,0j,0j,0j,0j,0j,0j,0j,0j,0j,0j,0j,0j,0j,0j,0j,0j,0j,0j,0j,0j,0j,0j,0j,0j,0j,0j,0j,0j,0j,0j,0j,0j,0j,0j,0j,0j,0j,0j,0j,0j,0j,0j,0j,0j,0j,0j,0j,0j,0j
8,0j,0j,0j,(0.03315419274906685-0.10273342589404642j),(0.018998242948953366-0.08224029350325625j),(-0.12303672267940599+0.40709760623034646j),(-0.08259801777368678+0.2559410844219242j),(-0.04733088272253699+0.20488658800129694j),(0.3065611968423447-1.0142239166072031j),(0.04944382502461993-0.15320938659343344j),(0.028332639773583627-0.12264737412624346j),(-0.18348829162593494+0.6071166613146209j),0j,0j,0j,0j,0j,0j,0j,0j,0j,0j,0j,0j,0j,0j,0j,0j,0j,0j,0j,0j,0j,0j,0j,0j,0j,0j,0j,0j,0j,0j,0j,0j,0j,0j,0j,0j,0j,0j,0j,0j,0j,0j,0j,0j,0j,0j,0j,0j,0j,0j,0j,0j,0j,0j,0j,0j,0j,0j,0j,0j,0j,0j,0j,0j,0j,0j,0j,0j,0j,0j,0j,0j,0j,0j,0j,0j,0j,0j,0j,0j,0j,0j,0j
9,0j,0j,0j,0j,0j,0j,(-0.21515581850120835+0.6495774958885153j),(0.0804699921515132-0.1976567696420291j),(0.04944382502461993-0.15320938659343344j),(0.226704672550451-0.6843716134642264j),(-0.08478935567686591+0.2082453627572297j),(-0.05209780632442112+0.16141954464595687j),(-0.011548854049242647+0.034867175547227174j),(0.004319363525352712-0.010609562875603802j),(0.0026539812998011936-0.008223774086461057j),0j,0j,0j,0j,0j,0j,0j,0j,0j,0j,0j,0j,0j,0j,0j,0j,0j,0j,0j,0j,0j,0j,0j,0j,0j,0j,0j,0j,0j,0j,0j,0j,0j,0j,0j,0j,0j,0j,0j,0j,0j,0j,0j,0j,0j,0j,0j,0j,0j,0j,0j,0j,0j,0j,0j,0j,0j,0j,0j,0j,0j,0j,0j,0j,0j,0j,0j,0j,0j,0j,0j,0j,0j,0j,0j,0j,0j,0j,0j,0j
10,0j,0j,0j,0j,0j,0j,(0.0804699921515132-0.1976567696420291j),(-0.1983543021252925+0.6274705867866538j),(0.028332639773583627-0.12264737412624346j),(-0.08478935567686591+0.2082453627572297j),(0.2090457940705318-0.6611030412399298j),(-0.0298534423428762+0.12922217350812978j),(0.004319363525352712-0.010609562875603802j),(-0.01064700411656085+0.033680549647561626j),(0.0015208025692925746-0.0065833061507415795j),0j,0j,0j,0j,0j,0j,0j,0j,0j,0j,0j,0j,0j,0j,0j,0j,0j,0j,0j,0j,0j,0j,0j,0j,0j,0j,0j,0j,0j,0j,0j,0j,0j,0j,0j,0j,0j,0j,0j,0j,0j,0j,0j,0j,0j,0j,0j,0j,0j,0j,0j,0j,0j,0j,0j,0j,0j,0j,0j,0j,0j,0j,0j,0j,0j,0j,0j,0j,0j,0j,0j,0j,0j,0j,0j,0j,0j,0j,0j,0j
11,0j,0j,0j,0j,0j,0j,(0.04944382502461993-0.15320938659343344j),(0.028332639773583627-0.12264737412624346j),(-0.18348829162593494+0.6071166613146209j),(-0.05209780632442112+0.16141954464595687j),(-0.0298534423428762+0.12922217350812978j),(0.19337351991263982-0.6396558869928546j),(0.0026539812998011936-0.008223774086461057j),(0.0015208025692925746-0.0065833061507415795j),(-0.009849045749701132+0.032588018122069316j),0j,0j,0j,0j,0j,0j,0j,0j,0j,0j,0j,0j,0j,0j,0j,0j,0j,0j,0j,0j,0j,0j,0j,0j,0j,0j,0j,0j,0j,0j,0j,0j,0j,0j,0j,0j,0j,0j,0j,0j,0j,0j,0j,0j,0j,0j,0j,0j,0j,0j,0j,0j,0j,0j,0j,0j,0j,0j,0j,0j,0j,0j,0j,0j,0j,0j,0j,0j,0j,0j,0j,0j,0j,0j,0j,0j,0j,0j,0j,0j
12,0j,0j,0j,0j,0j,0j,0j,0j,0j,(-0.011548854049242647+0.034867175547227174j),(0.004319363525352712-0.010609562875603802j),(0.0026539812998011936-0.008223774086461057j),(0.021474709142765062-0.06468434090425795j),(-0.00803171249660919+0.01968507134804246j),(-0.004934989760936995+0.015263876012751448j),0j,(-0.009925855093522415+0.029967175143656842j),(0.0037123489712564766-0.00911856563948561j),(0.0022810084611358007-0.007068059701510396j),0j,0j,0j,0j,0j,0j,0j,0j,0j,0j,0j,0j,0j,0j,0j,0j,0j,0j,0j,0j,0j,0j,0j,0j,0j,0j,0j,0j,0j,0j,0j,0j,0j,0j,0j,0j,0j,0j,0j,0j,0j,0j,0j,0j,0j,0j,0j,0j,0j,0j,0j,0j,0j,0j,0j,0j,0j,0j,0j,0j,0j,0j,0j,0j,0j,0j,0j,0j,0j,0j,0j,0j,0j,0j,0j,0j
13,0j,0j,0j,0j,0j,0j,0j,0j,0j,(0.004319363525352712-0.010609562875603802j),(-0.01064700411656085+0.033680549647561626j),(0.0015208025692925746-0.0065833061507415795j),(-0.00803171249660919+0.01968507134804246j),(0.08256811937535477-0.18255672421989536j),(-0.0028278816841805655+0.012223971412308668j),(-0.06274664327878526+0.12007051450995838j),(0.0037123489712564766-0.00911856563948561j),(-0.00915074513804683+0.028947309737090955j),(0.001307079114887991-0.00565813219302403j),0j,0j,0j,0j,0j,0j,0j,0j,0j,0j,0j,0j,0j,0j,0j,0j,0j,0j,0j,0j,0j,0j,0j,0j,0j,0j,0j,0j,0j,0j,0j,0j,0j,0j,0j,0j,0j,0j,0j,0j,0j,0j,0j,0j,0j,0j,0j,0j,0j,0j,0j,0j,0j,0j,0j,0j,0j,0j,0j,0j,0j,0j,0j,0j,0j,0j,0j,0j,0j,0j,0j,0j,0j,0j,0j,0j
14,0j,0j,0j,0j,0j,0j,0j,0j,0j,(0.0026539812998011936-0.008223774086461057j),(0.0015208025692925746-0.0065833061507415795j),(-0.009849045749701132+0.032588018122069316j),(-0.004934989760936995+0.015263876012751448j),(-0.0028278816841805655+0.012223971412308668j),(0.018313972270044263-0.060458892411548226j),0j,(0.0022810084611358007-0.007068059701510396j),(0.001307079114887991-0.00565813219302403j),(-0.008464926520343133+0.02800831530864784j),0j,0j,0j,0j,0j,0j,0j,0j,0j,0j,0j,0j,0j,0j,0j,0j,0j,0j,0j,0j,0j,0j,0j,0j,0j,0j,0j,0j,0j,0j,0j,0j,0j,0j,0j,0j,0j,0j,0j,0j,0j,0j,0j,0j,0j,0j,0j,0j,0j,0j,0j,0j,0j,0j,0j,0j,0j,0j,0j,0j,0j,0j,0j,0j,0j,0j,0j,0j,0j,0j,0j,0j,0j,0j,0j,0j
15,0j,0j,0j,0j,0j,0j,0j,0j,0j,0j,0j,0j,0j,(-0.06274664327878526+0.12007051450995838j),0j,(0.0627703701207471-0.12007220783269787j),0j,0j,0j,0j,0j,0j,0j,0j,0j,0j,0j,0j,0j,0j,0j,0j,0j,0j,0j,0j,0j,0j,0j,0j,0j,0j,0j,0j,0j,0j,0j,0j,0j,0j,0j,0j,0j,0j,0j,0j,0j,0j,0j,0j,0j,0j,0j,0j,0j,0j,0j,0j,0j,0j,0j,0j,0j,0j,0j,0j,0j,0j,0j,0j,0j,0j,0j,0j,0j,0j,0j,0j,0j,0j,0j,0j,0j,0j,0j
16,0j,0j,0j,0j,0j,0j,0j,0j,0j,0j,0j,0j,(-0.009925855093522415+0.029967175143656842j),(0.0037123489712564766-0.00911856563948561j),(0.0022810084611358007-0.007068059701510396j),0j,(0.022445853950134945-0.06762170497604787j),(-0.00839492840018745+0.02057877473504366j),(-0.0051581634322959945+0.015956416723338883j),(-0.01251999885661253+0.03779916138200914j),(0.004682579428930973-0.011501722552327965j),(0.0028771549711601933-0.008915312438837534j),0j,0j,0j,0j,0j,0j,0j,0j,0j,0j,0j,0j,0j,0j,0j,0j,0j,0j,0j,0j,0j,0j,0j,0j,0j,0j,0j,0j,0j,0j,0j,0j,0j,0j,0j,0j,0j,0j,0j,0j,0j,0j,0j,0j,0j,0j,0j,0j,0j,0j,0j,0j,0j,0j,0j,0j,0j,0j,0j,0j,0j,0j,0j,0j,0j,0j,0j,0j,0j,0j,0j,0j,0j
17,0j,0j,0j,0j,0j,0j,0j,0j,0j,0j,0j,0j,(0.0037123489712564766-0.00911856563948561j),(-0.00915074513804683+0.028947309737090955j),(0.001307079114887991-0.00565813219302403j),0j,(-0.00839492840018745+0.02057877473504366j),(0.020693057370699236-0.06532185789390331j),(-0.0029557661921937313+0.012778188813157699j),(0.004682579428930973-0.011501722552327965j),(-0.011542312232652407+0.03651275193881301j),(0.0016486870773057402-0.007136897317134244j),0j,0j,0j,0j,0j,0j,0j,0j,0j,0j,0j,0j,0j,0j,0j,0j,0j,0j,0j,0j,0j,0j,0j,0j,0j,0j,0j,0j,0j,0j,0j,0j,0j,0j,0j,0j,0j,0j,0j,0j,0j,0j,0j,0j,0j,0j,0j,0j,0j,0j,0j,0j,0j,0j,0j,0j,0j,0j,0j,0j,0j,0j,0j,0j,0j,0j,0j,0j,0j,0j,0j,0j,0j
18,0j,0j,0j,0j,0j,0j,0j,0j,0j,0j,0j,0j,(0.0022810084611358007-0.007068059701510396j),(0.001307079114887991-0.00565813219302403j),(-0.008464926520343133+0.02800831530864784j),0j,(-0.0051581634322959945+0.015956416723338883j),(-0.0029557661921937313+0.012778188813157699j),(0.019142179951653848-0.06320415118314254j),(0.0028771549711601933-0.008915312438837534j),(0.0016486870773057402-0.007136897317134244j),(-0.010677253431310716+0.03532834927932372j),0j,0j,0j,0j,0j,0j,0j,0j,0j,0j,0j,0j,0j,0j,0j,0j,0j,0j,0j,0j,0j,0j,0j,0j,0j,0j,0j,0j,0j,0j,0j,0j,0j,0j,0j,0j,0j,0j,0j,0j,0j,0j,0j,0j,0j,0j,0j,0j,0j,0j,0j,0j,0j,0j,0j,0j,0j,0j,0j,0j,0j,0j,0j,0j,0j,0j,0j,0j,0j,0j,0j,0j,0j
19,0j,0j,0j,0j,0j,0j,0j,0j,0j,0j,0j,0j,0j,0j,0j,0j,(-0.01251999885661253+0.03779916138200914j),(0.004682579428930973-0.011501722552327965j),(0.0028771549711601933-0.008915312438837534j),(0.22412180101911888-2.2904127706289823j),(-0.004682579428930973+0.011483364749713513j),(-0.0028771549711601933+0.008903392394992837j),(-0.19457636980460358+2.0714276035448367j),0j,0j,0j,0j,0j,0j,0j,0j,0j,0j,0j,0j,0j,0j,0j,0j,0j,0j,0j,0j,0j,0j,0j,0j,0j,0j,0j,0j,0j,0j,0j,0j,0j,0j,0j,0j,0j,0j,0j,0j,0j,0j,0j,0j,0j,0j,0j,0j,0j,0j,0j,0j,0j,0j,0j,0j,0j,0j,0j,0j,0j,0j,0j,0j,0j,0j,0j,0j,0j,0j,0j,0j
20,0j,0j,0j,0j,0j,0j,0j,0j,0j,0j,0j,0j,0j,0j,0j,0j,(0.004682579428930973-0.011501722552327965j),(-0.011542312232652407+0.03651275193881301j),(0.0016486870773057402-0.007136897317134244j),(-0.004682579428930973+0.011483364749713513j),(0.22314411439515874-2.2891292036301008j),(-0.0016486870773057402+0.007129450136979148j),0j,(-0.20644078259756715+2.1977341647365947j),0j,0j,0j,0j,0j,0j,0j,0j,0j,0j,0j,0j,0j,0j,0j,0j,0j,0j,0j,0j,0j,0j,0j,0j,0j,0j,0j,0j,0j,0j,0j,0j,0j,0j,0j,0j,0j,0j,0j,0j,0j,0j,0j,0j,0j,0j,0j,0j,0j,0j,0j,0j,0j,0j,0j,0j,0j,0j,0j,0j,0j,0j,0j,0j,0j,0j,0j,0j,0j,0j,0j
21,0j,0j,0j,0j,0j,0j,0j,0j,0j,0j,0j,0j,0j,0j,0j,0j,(0.0028771549711601933-0.008915312438837534j),(0.0016486870773057402-0.007136897317134244j),(-0.010677253431310716+0.03532834927932372j),(-0.0028771549711601933+0.008903392394992837j),(-0.0016486870773057402+0.007129450136979148j),(0.22227905559381705-2.2879473173310654j),0j,0j,(-0.20518962633940008+2.184414563738191j),0j,0j,0j,0j,0j,0j,0j,0j,0j,0j,0j,0j,0j,0j,0j,0j,0j,0j,0j,0j,0j,0j,0j,0j,0j,0j,0j,0j,0j,0j,0j,0j,0j,0j,0j,0j,0j,0j,0j,0j,0j,0j,0j,0j,0j,0j,0j,0j,0j,0j,0j,0j,0j,0j,0j,0j,0j,0j,0j,0j,0j,0j,0j,0j,0j,0j,0j,0j,0j,0j
22,0j,0j,0j,0j,0j,0j,0j,0j,0j,0j,0j,0j,0j,0j,0j,0j,0j,0j,0j,(-0.19457636980460358+2.0714276035448367j),0j,0j,(47.36972222119102-100.78491549198273j),(-19.420654075995404+28.998780005353723j),(-13.2419148367008+23.700290970710746j),(-47.19080142137069+98.88015444949119j),(19.420654075995404-28.998780011145886j),(13.2419148367008-23.700290974502025j),0j,0j,0j,0j,0j,0j,0j,0j,0j,0j,0j,0j,0j,0j,0j,0j,0j,0j,0j,0j,0j,0j,0j,0j,0j,0j,0j,0j,0j,0j,0j,0j,0j,0j,0j,0j,0j,0j,0j,0j,0j,0j,0j,0j,0j,0j,0j,0j,0j,0j,0j,0j,0j,0j,0j,0j,0j,0j,0j,0j,0j,0j,0j,0j,0j,0j,0j
23,0j,0j,0j,0j,0j,0j,0j,0j,0j,0j,0j,0j,0j,0j,0j,0j,0j,0j,0j,0j,(-0.20644078259756715+2.1977341647365947j),0j,(-19.420654075995404+28.998780005353723j),(44.162004902108976-98.72270295455799j),(-8.825072454714793+19.948691404190626j),(19.420654075995404-28.998780011145886j),(-43.960599260550374+96.57857203352661j),(8.825072454714793-19.948691406590317j),0j,0j,0j,0j,0j,0j,0j,0j,0j,0j,0j,0j,0j,0j,0j,0j,0j,0j,0j,0j,0j,0j,0j,0j,0j,0j,0j,0j,0j,0j,0j,0j,0j,0j,0j,0j,0j,0j,0j,0j,0j,0j,0j,0j,0j,0j,0j,0j,0j,0j,0j,0j,0j,0j,0j,0j,0j,0j,0j,0j,0j,0j,0j,0j,0j,0j,0j
24,0j,0j,0j,0j,0j,0j,0j,0j,0j,0j,0j,0j,0j,0j,0j,0j,0j,0j,0j,0j,0j,(-0.20518962633940008+2.184414563738191j),(-13.2419148367008+23.700290970710746j),(-8.825072454714793+19.948691404190626j),(40.75950953670427-96.37740483960208j),(13.2419148367008-23.700290974502025j),(8.825072454714793-19.948691406590317j),(-40.5605377778297+94.25918462721123j),0j,0j,0j,0j,0j,0j,0j,0j,0j,0j,0j,0j,0j,0j,0j,0j,0j,0j,0j,0j,0j,0j,0j,0j,0j,0j,0j,0j,0j,0j,0j,0j,0j,0j,0j,0j,0j,0j,0j,0j,0j,0j,0j,0j,0j,0j,0j,0j,0j,0j,0j,0j,0j,0j,0j,0j,0j,0j,0j,0j,0j,0j,0j,0j,0j,0j,0j
25,0j,0j,0j,0j,0j,0j,0j,0j,0j,0j,0j,0j,0j,0j,0j,0j,0j,0j,0j,0j,0j,0j,(-47.19080142137069+98.88015444949119j),(19.420654075995404-28.998780011145886j),(13.2419148367008-23.700290974502025j),(48.7130853381891-102.06983619032604j),(-20.047126788124288+29.934224342285194j),(-13.669073379820182+24.46481636848761j),(-1.5222839168184095+3.18968240159649j),0j,(0.6264727121288843-0.9354445164885776j),(0.42715854311938073-0.764525515306517j),0j,0j,0j,0j,0j,0j,0j,0j,0j,0j,0j,0j,0j,0j,0j,0j,0j,0j,0j,0j,0j,0j,0j,0j,0j,0j,0j,0j,0j,0j,0j,0j,0j,0j,0j,0j,0j,0j,0j,0j,0j,0j,0j,0j,0j,0j,0j,0j,0j,0j,0j,0j,0j,0j,0j,0j,0j,0j,0j,0j,0j,0j,0j
26,0j,0j,0j,0j,0j,0j,0j,0j,0j,0j,0j,0j,0j,0j,0j,0j,0j,0j,0j,0j,0j,0j,(19.420654075995404-28.998780011145886j),(-43.960599260550374+96.57857203352661j),(8.825072454714793-19.948691406590317j),(-20.047126788124288+29.934224342285194j),(45.378683107664905-99.69400920806694j),(-9.109752211318495+20.59219750420632j),(0.6264727121288843-0.9354445164885776j),0j,(-1.418083847114529+3.1154378075331177j),(0.28467975660370315-0.6435061744061393j),0j,0j,0j,0j,0j,0j,0j,0j,0j,0j,0j,0j,0j,0j,0j,0j,0j,0j,0j,0j,0j,0j,0j,0j,0j,0j,0j,0j,0j,0j,0j,0j,0j,0j,0j,0j,0j,0j,0j,0j,0j,0j,0j,0j,0j,0j,0j,0j,0j,0j,0j,0j,0j,0j,0j,0j,0j,0j,0j,0j,0j,0j,0j
27,0j,0j,0j,0j,0j,0j,0j,0j,0j,0j,0j,0j,0j,0j,0j,0j,0j,0j,0j,0j,0j,0j,(13.2419148367008-23.700290974502025j),(8.825072454714793-19.948691406590317j),(-40.5605377778297+94.25918462721123j),(-13.669073379820182+24.46481636848761j),(-9.109752211318495+20.59219750420632j),(41.86894222227582-97.29980287769074j),(0.42715854311938073-0.764525515306517j),0j,(0.28467975660370315-0.6435061744061393j),(-1.3084044444461196+3.0406188589422984j),0j,0j,0j,0j,0j,0j,0j,0j,0j,0j,0j,0j,0j,0j,0j,0j,0j,0j,0j,0j,0j,0j,0j,0j,0j,0j,0j,0j,0j,0j,0j,0j,0j,0j,0j,0j,0j,0j,0j,0j,0j,0j,0j,0j,0j,0j,0j,0j,0j,0j,0j,0j,0j,0j,0j,0j,0j,0j,0j,0j,0j,0j,0j
28,0j,0j,0j,0j,0j,0j,0j,0j,0j,0j,0j,0j,0j,0j,0j,0j,0j,0j,0j,0j,0j,0j,0j,0j,0j,(-1.5222839168184095+3.18968240159649j),(0.6264727121288843-0.9354445164885776j),(0.42715854311938073-0.764525515306517j),(1.7814757422217837-3.6940417287081706j),(-0.21297164771349106+0.40753758258233835j),(-0.6454939208223176+0.9638407541902468j),(-0.44012809731791236+0.7877343485993673j),(-0.04622017768988316+0.09684638045983467j),(0.01902120869343332-0.028402331058908818j),(0.012969554198531635-0.023212821718415304j),0j,0j,0j,0j,0j,0j,0j,0j,0j,0j,0j,0j,0j,0j,0j,0j,0j,0j,0j,0j,0j,0j,0j,0j,0j,0j,0j,0j,0j,0j,0j,0j,0j,0j,0j,0j,0j,0j,0j,0j,0j,0j,0j,0j,0j,0j,0j,0j,0j,0j,0j,0j,0j,0j,0j,0j,0j,0j,0j,0j
29,0j,0j,0j,0j,0j,0j,0j,0j,0j,0j,0j,0j,0j,0j,0j,0j,0j,0j,0j,0j,0j,0j,0j,0j,0j,0j,0j,0j,(-0.21297164771349106+0.40753758258233835j),(0.22058554633033536-0.42195054289609163j),0j,0j,0j,0j,0j,(-0.007563479077675384+0.014473297325354071j),0j,0j,0j,0j,0j,0j,0j,0j,0j,0j,0j,0j,0j,0j,0j,0j,0j,0j,0j,0j,0j,0j,0j,0j,0j,0j,0j,0j,0j,0j,0j,0j,0j,0j,0j,0j,0j,0j,0j,0j,0j,0j,0j,0j,0j,0j,0j,0j,0j,0j,0j,0j,0j,0j,0j,0j,0j,0j,0j
30,0j,0j,0j,0j,0j,0j,0j,0j,0j,0j,0j,0j,0j,0j,0j,0j,0j,0j,0j,0j,0j,0j,0j,0j,0j,(0.6264727121288843-0.9354445164885776j),(-1.418083847114529+3.1154378075331177j),(0.28467975660370315-0.6435061744061393j),(-0.6454939208223176+0.9638407541902468j),0j,(1.4611428772187682-3.2100103454953923j),(-0.2933259298951749+0.6630432456923304j),(0.01902120869343332-0.028402331058908818j),(-0.04305641455489756+0.09459213715330718j),(0.008643557742130065-0.01953838531497582j),0j,0j,0j,0j,0j,0j,0j,0j,0j,0j,0j,0j,0j,0j,0j,0j,0j,0j,0j,0j,0j,0j,0j,0j,0j,0j,0j,0j,0j,0j,0j,0j,0j,0j,0j,0j,0j,0j,0j,0j,0j,0j,0j,0j,0j,0j,0j,0j,0j,0j,0j,0j,0j,0j,0j,0j,0j,0j,0j,0j
31,0j,0j,0j,0j,0j,0j,0j,0j,0j,0j,0j,0j,0j,0j,0j,0j,0j,0j,0j,0j,0j,0j,0j,0j,0j,(0.42715854311938073-0.764525515306517j),(0.28467975660370315-0.6435061744061393j),(-1.3084044444461196+3.0406188589422984j),(-0.44012809731791236+0.7877343485993673j),0j,(-0.2933259298951749+0.6630432456923304j),(1.3481333457719842-3.132920521245832j),(0.012969554198531635-0.023212821718415304j),(0.008643557742130065-0.01953838531497582j),(-0.03972628577652273+0.09232045507072598j),0j,0j,0j,0j,0j,0j,0j,0j,0j,0j,0j,0j,0j,0j,0j,0j,0j,0j,0j,0j,0j,0j,0j,0j,0j,0j,0j,0j,0j,0j,0j,0j,0j,0j,0j,0j,0j,0j,0j,0j,0j,0j,0j,0j,0j,0j,0j,0j,0j,0j,0j,0j,0j,0j,0j,0j,0j,0j,0j,0j
32,0j,0j,0j,0j,0j,0j,0j,0j,0j,0j,0j,0j,0j,0j,0j,0j,0j,0j,0j,0j,0j,0j,0j,0j,0j,0j,0j,0j,(-0.04622017768988316+0.09684638045983467j),0j,(0.01902120869343332-0.028402331058908818j),(0.012969554198531635-0.023212821718415304j),(0.6080154327062008-1.2739682593620738j),(-0.2502194715029025+0.3736195022782021j),(-0.17061139749258863+0.3053549534800845j),0j,0j,0j,(-0.5617952550163177+1.177144695827276j),(0.2311982628094692-0.3452235715612607j),(0.157641843294057-0.282146321125024j),0j,0j,0j,0j,0j,0j,0j,0j,0j,0j,0j,0j,0j,0j,0j,0j,0j,0j,0j,0j,0j,0j,0j,0j,0j,0j,0j,0j,0j,0j,0j,0j,0j,0j,0j,0j,0j,0j,0j,0j,0j,0j,0j,0j,0j,0j,0j,0j,0j,0j,0j,0j,0j,0j
33,0j,0j,0j,0j,0j,0j,0j,0j,0j,0j,0j,0j,0j,0j,0j,0j,0j,0j,0j,0j,0j,0j,0j,0j,0j,0j,0j,0j,(0.01902120869343332-0.028402331058908818j),0j,(-0.04305641455489756+0.09459213715330718j),(0.008643557742130065-0.01953838531497582j),(-0.2502194715029025+0.3736195022782021j),(0.6866507345933712-1.4743366444445507j),(-0.11370655965712413+0.257021365609557j),0j,0j,(-0.1201919199967227+0.22999645749696326j),(0.2311982628094692-0.3452235715612607j),(-0.5233404673875047+1.1497449051610313j),(0.10506038636565235-0.23748442150702756j),0j,0j,0j,0j,0j,0j,0j,0j,0j,0j,0j,0j,0j,0j,0j,0j,0j,0j,0j,0j,0j,0j,0j,0j,0j,0j,0j,0j,0j,0j,0j,0j,0j,0j,0j,0j,0j,0j,0j,0j,0j,0j,0j,0j,0j,0j,0j,0j,0j,0j,0j,0j,0j,0j
34,0j,0j,0j,0j,0j,0j,0j,0j,0j,0j,0j,0j,0j,0j,0j,0j,0j,0j,0j,0j,0j,0j,0j,0j,0j,0j,0j,0j,(0.012969554198531635-0.023212821718415304j),0j,(0.008643557742130065-0.01953838531497582j),(-0.03972628577652273+0.09232045507072598j),(-0.17061139749258863+0.3053549534800845j),(-0.11370655965712413+0.257021365609557j),(0.5225983780105179-1.2144367003154466j),0j,0j,0j,(0.157641843294057-0.282146321125024j),(0.10506038636565235-0.23748442150702756j),(-0.482863544974163+1.1221331503239431j),0j,0j,0j,0j,0j,0j,0j,0j,0j,0j,0j,0j,0j,0j,0j,0j,0j,0j,0j,0j,0j,0j,0j,0j,0j,0j,0j,0j,0j,0j,0j,0j,0j,0j,0j,0j,0j,0j,0j,0j,0j,0j,0j,0j,0j,0j,0j,0j,0j,0j,0j,0j,0j,0j
35,0j,0j,0j,0j,0j,0j,0j,0j,0j,0j,0j,0j,0j,0j,0j,0j,0j,0j,0j,0j,0j,0j,0j,0j,0j,0j,0j,0j,0j,(-0.007563479077675384+0.014473297325354071j),0j,0j,0j,0j,0j,(0.034317675633055385-0.06520996382562216j),(-0.026505205064779457+0.050719742810465686j),0j,0j,0j,0j,0j,0j,0j,0j,0j,0j,0j,0j,0j,0j,0j,0j,0j,0j,0j,0j,0j,0j,0j,0j,0j,0j,0j,0j,0j,0j,0j,0j,0j,0j,0j,0j,0j,0j,0j,0j,0j,0j,0j,0j,0j,0j,0j,0j,0j,0j,0j,0j,0j,0j,0j,0j,0j,0j
36,0j,0j,0j,0j,0j,0j,0j,0j,0j,0j,0j,0j,0j,0j,0j,0j,0j,0j,0j,0j,0j,0j,0j,0j,0j,0j,0j,0j,0j,0j,0j,0j,0j,0j,0j,(-0.026505205064779457+0.050719742810465686j),(0.026703777016211083-0.05079409011996335j),0j,0j,0j,0j,0j,0j,0j,0j,0j,0j,0j,0j,0j,0j,0j,0j,0j,0j,0j,0j,0j,0j,0j,0j,0j,0j,0j,0j,0j,0j,0j,0j,0j,0j,0j,0j,0j,0j,0j,0j,0j,0j,0j,0j,0j,0j,0j,0j,0j,0j,0j,0j,0j,0j,0j,0j,0j,0j
37,0j,0j,0j,0j,0j,0j,0j,0j,0j,0j,0j,0j,0j,0j,0j,0j,0j,0j,0j,0j,0j,0j,0j,0j,0j,0j,0j,0j,0j,0j,0j,0j,0j,(-0.1201919199967227+0.22999645749696326j),0j,0j,0j,(0.1202512371016273-0.23002024971555185j),0j,0j,0j,0j,0j,0j,0j,0j,0j,0j,0j,0j,0j,0j,0j,0j,0j,0j,0j,0j,0j,0j,0j,0j,0j,0j,0j,0j,0j,0j,0j,0j,0j,0j,0j,0j,0j,0j,0j,0j,0j,0j,0j,0j,0j,0j,0j,0j,0j,0j,0j,0j,0j,0j,0j,0j,0j
38,0j,0j,0j,0j,0j,0j,0j,0j,0j,0j,0j,0j,0j,0j,0j,0j,0j,0j,0j,0j,0j,0j,0j,0j,0j,0j,0j,0j,0j,0j,0j,0j,(-0.5617952550163177+1.177144695827276j),(0.2311982628094692-0.3452235715612607j),(0.157641843294057-0.282146321125024j),0j,0j,0j,(0.5848935133065574-1.2254816406312128j),(-0.24069956128109124+0.35939851589899074j),(-0.16412027521025113+0.29373330757600596j),(-0.023087476233547313+0.04837580941755929j),(0.009501298471622026-0.014187270064161399j),(0.006478431916194128-0.01159505429280921j),0j,0j,0j,0j,0j,0j,0j,0j,0j,0j,0j,0j,0j,0j,0j,0j,0j,0j,0j,0j,0j,0j,0j,0j,0j,0j,0j,0j,0j,0j,0j,0j,0j,0j,0j,0j,0j,0j,0j,0j,0j,0j,0j,0j,0j,0j,0j,0j,0j,0j,0j
39,0j,0j,0j,0j,0j,0j,0j,0j,0j,0j,0j,0j,0j,0j,0j,0j,0j,0j,0j,0j,0j,0j,0j,0j,0j,0j,0j,0j,0j,0j,0j,0j,(0.2311982628094692-0.3452235715612607j),(-0.5233404673875047+1.1497449051610313j),(0.10506038636565235-0.23748442150702756j),0j,0j,0j,(-0.24069956128109124+0.35939851589899074j),(0.5448476098828816-1.1969526017636083j),(-0.1093779364902682+0.24723894872359672j),(0.009501298471622026-0.014187270064161399j),(-0.021507142495376906+0.04724979062305608j),(0.0043175501246158505-0.00975963376056278j),0j,0j,0j,0j,0j,0j,0j,0j,0j,0j,0j,0j,0j,0j,0j,0j,0j,0j,0j,0j,0j,0j,0j,0j,0j,0j,0j,0j,0j,0j,0j,0j,0j,0j,0j,0j,0j,0j,0j,0j,0j,0j,0j,0j,0j,0j,0j,0j,0j,0j,0j
40,0j,0j,0j,0j,0j,0j,0j,0j,0j,0j,0j,0j,0j,0j,0j,0j,0j,0j,0j,0j,0j,0j,0j,0j,0j,0j,0j,0j,0j,0j,0j,0j,(0.157641843294057-0.282146321125024j),(0.10506038636565235-0.23748442150702756j),(-0.482863544974163+1.1221331503239431j),0j,0j,0j,(-0.16412027521025113+0.29373330757600596j),(-0.1093779364902682+0.24723894872359672j),(0.5027131840123588-1.1682106439753233j),(0.006478431916194128-0.01159505429280921j),(0.0043175501246158505-0.00975963376056278j),(-0.019843707327705334+0.04611506097221685j),0j,0j,0j,0j,0j,0j,0j,0j,0j,0j,0j,0j,0j,0j,0j,0j,0j,0j,0j,0j,0j,0j,0j,0j,0j,0j,0j,0j,0j,0j,0j,0j,0j,0j,0j,0j,0j,0j,0j,0j,0j,0j,0j,0j,0j,0j,0j,0j,0j,0j,0j
41,0j,0j,0j,0j,0j,0j,0j,0j,0j,0j,0j,0j,0j,0j,0j,0j,0j,0j,0j,0j,0j,0j,0j,0j,0j,0j,0j,0j,0j,0j,0j,0j,0j,0j,0j,0j,0j,0j,(-0.023087476233547313+0.04837580941755929j),(0.009501298471622026-0.014187270064161399j),(0.006478431916194128-0.01159505429280921j),(0.9306497118873945-1.949895967498526j),(-0.38298530147198906+0.5718488017980523j),(-0.26115679580770357+0.46737403867375493j),(-0.9075154119494363+1.9015414317209844j),(0.3734741168460657-0.5576688463681904j),(0.2546522083980922-0.45577482643273126j),0j,0j,0j,0j,0j,0j,0j,0j,0j,0j,0j,0j,0j,0j,0j,0j,0j,0j,0j,0j,0j,0j,0j,0j,0j,0j,0j,0j,0j,0j,0j,0j,0j,0j,0j,0j,0j,0j,0j,0j,0j,0j,0j,0j,0j,0j,0j,0j
42,0j,0j,0j,0j,0j,0j,0j,0j,0j,0j,0j,0j,0j,0j,0j,0j,0j,0j,0j,0j,0j,0j,0j,0j,0j,0j,0j,0j,0j,0j,0j,0j,0j,0j,0j,0j,0j,0j,(0.009501298471622026-0.014187270064161399j),(-0.021507142495376906+0.04724979062305608j),(0.0043175501246158505-0.00975963376056278j),(-0.38298530147198906+0.5718488017980523j),(0.8669230544299485-1.904498212495065j),(-0.17404036810035559+0.3933881106455344j),(0.3734741168460657-0.5576688463681904j),(-0.845396139625969+1.8572802314139738j),(0.16971293182143837-0.3836286808959677j),0j,0j,0j,0j,0j,0j,0j,0j,0j,0j,0j,0j,0j,0j,0j,0j,0j,0j,0j,0j,0j,0j,0j,0j,0j,0j,0j,0j,0j,0j,0j,0j,0j,0j,0j,0j,0j,0j,0j,0j,0j,0j,0j,0j,0j,0j,0j,0j
43,0j,0j,0j,0j,0j,0j,0j,0j,0j,0j,0j,0j,0j,0j,0j,0j,0j,0j,0j,0j,0j,0j,0j,0j,0j,0j,0j,0j,0j,0j,0j,0j,0j,0j,0j,0j,0j,0j,(0.006478431916194128-0.01159505429280921j),(0.0043175501246158505-0.00975963376056278j),(-0.019843707327705334+0.04611506097221685j),(-0.26115679580770357+0.46737403867375493j),(-0.17404036810035559+0.3933881106455344j),(0.7998900908567643-1.8587687643180517j),(0.2546522083980922-0.45577482643273126j),(0.16971293182143837-0.3836286808959677j),(-0.7800103418813404+1.8126766274463701j),0j,0j,0j,0j,0j,0j,0j,0j,0j,0j,0j,0j,0j,0j,0j,0j,0j,0j,0j,0j,0j,0j,0j,0j,0j,0j,0j,0j,0j,0j,0j,0j,0j,0j,0j,0j,0j,0j,0j,0j,0j,0j,0j,0j,0j,0j,0j,0j
44,0j,0j,0j,0j,0j,0j,0j,0j,0j,0j,0j,0j,0j,0j,0j,0j,0j,0j,0j,0j,0j,0j,0j,0j,0j,0j,0j,0j,0j,0j,0j,0j,0j,0j,0j,0j,0j,0j,0j,0j,0j,(-0.9075154119494363+1.9015414317209844j),(0.3734741168460657-0.5576688463681904j),(0.2546522083980922-0.45577482643273126j),(0.9203285537961294-1.9283120289082072j),(-0.37874716981266776+0.5655208971324848j),(-0.2582476237759637+0.4621957165008487j),0j,0j,0j,0j,0j,0j,0j,0j,0j,0j,0j,0j,0j,0j,0j,0j,0j,0j,0j,0j,0j,0j,0j,0j,0j,0j,0j,0j,0j,0j,0j,0j,0j,0j,0j,0j,0j,0j,0j,0j,(-0.012813141846693106+0.026847720458726913j),(0.005273052966602071-0.007873684499360826j),(0.003595415377871518-0.006435050495384748j),0j,0j,0j,0j,0j
45,0j,0j,0j,0j,0j,0j,0j,0j,0j,0j,0j,0j,0j,0j,0j,0j,0j,0j,0j,0j,0j,0j,0j,0j,0j,0j,0j,0j,0j,0j,0j,0j,0j,0j,0j,0j,0j,0j,0j,0j,0j,(0.3734741168460657-0.5576688463681904j),(-0.845396139625969+1.8572802314139738j),(0.16971293182143837-0.3836286808959677j),(-0.37874716981266776+0.5655208971324848j),(0.8729481651758556-1.9132632465517043j),(-0.1721090959416433+0.3890361425400634j),0j,0j,0j,0j,0j,0j,0j,0j,0j,0j,0j,0j,0j,0j,0j,0j,0j,0j,0j,0j,0j,0j,0j,0j,0j,0j,0j,0j,0j,0j,0j,0j,0j,0j,0j,0j,0j,0j,0j,(-0.015610009326621078+0.029870950116407998j),(0.005273052966602071-0.007873684499360826j),(-0.01193608451277502+0.026222799900495967j),(0.0023961641202049407-0.005416424492693542j),0j,0j,0j,0j,0j
46,0j,0j,0j,0j,0j,0j,0j,0j,0j,0j,0j,0j,0j,0j,0j,0j,0j,0j,0j,0j,0j,0j,0j,0j,0j,0j,0j,0j,0j,0j,0j,0j,0j,0j,0j,0j,0j,0j,0j,0j,0j,(0.2546522083980922-0.45577482643273126j),(0.16971293182143837-0.3836286808959677j),(-0.7800103418813404+1.8126766274463701j),(-0.2582476237759637+0.4621957165008487j),(-0.1721090959416433+0.3890361425400634j),(0.7910232492334528-1.8381986534012524j),0j,0j,0j,0j,0j,0j,0j,0j,0j,0j,0j,0j,0j,0j,0j,0j,0j,0j,0j,0j,0j,0j,0j,0j,0j,0j,0j,0j,0j,0j,0j,0j,0j,0j,0j,0j,0j,0j,0j,0j,(0.003595415377871518-0.006435050495384748j),(0.0023961641202049407-0.005416424492693542j),(-0.011012907352112331+0.025593044970733433j),0j,0j,0j,0j,0j
47,0j,0j,0j,0j,0j,0j,0j,0j,0j,0j,0j,0j,0j,0j,0j,0j,0j,0j,0j,0j,0j,0j,0j,0j,0j,0j,0j,0j,0j,0j,0j,0j,0j,0j,0j,0j,0j,0j,0j,0j,0j,0j,0j,0j,0j,0j,0j,(47.28761437878871-99.08652902235431j),(-19.460288063905598+29.057958350889248j),(-13.268939152694067+23.7486570537483j),(-0.09630775800279735+0.20179623357039023j),(0.03963398791019473-0.05918118369621612j),(0.02702431599326693-0.04836794076428985j),0j,0j,0j,0j,0j,0j,0j,0j,0j,0j,0j,0j,0j,0j,0j,0j,0j,0j,0j,0j,0j,0j,0j,0j,0j,0j,0j,(-47.19080142137069+98.88015444949119j),(19.420654075995404-28.998780011145886j),(13.2419148367008-23.700290974502025j),(-0.00300239774964693+0.02745455710650823j),0j,0j,0j,0j,0j,0j,0j,0j,0j,0j,0j
48,0j,0j,0j,0j,0j,0j,0j,0j,0j,0j,0j,0j,0j,0j,0j,0j,0j,0j,0j,0j,0j,0j,0j,0j,0j,0j,0j,0j,0j,0j,0j,0j,0j,0j,0j,0j,0j,0j,0j,0j,0j,0j,0j,0j,0j,0j,0j,(-19.460288063905598+29.057958350889248j),(44.05081736326798-96.78024871606434j),(-8.84308280666319+19.98940184345717j),(0.03963398791019473-0.05918118369621612j),(-0.08971550869500078+0.1970991265990339j),(0.018010351948397535-0.04071161511549042j),0j,0j,0j,0j,0j,0j,0j,0j,0j,0j,0j,0j,0j,0j,0j,0j,0j,0j,0j,0j,0j,0j,0j,0j,0j,0j,0j,(19.420654075995404-28.998780011145886j),(-43.960599260550374+96.57857203352661j),(8.825072454714793-19.948691406590317j),0j,(-0.00300239774964693+0.02745455710650823j),0j,0j,0j,0j,0j,0j,0j,0j,0j,0j
49,0j,0j,0j,0j,0j,0j,0j,0j,0j,0j,0j,0j,0j,0j,0j,0j,0j,0j,0j,0j,0j,0j,0j,0j,0j,0j,0j,0j,0j,0j,0j,0j,0j,0j,0j,0j,0j,0j,0j,0j,0j,0j,0j,0j,0j,0j,0j,(-13.268939152694067+23.7486570537483j),(-8.84308280666319+19.98940184345717j),(40.64381895679302-94.45612920759339j),(0.02702431599326693-0.04836794076428985j),(0.018010351948397535-0.04071161511549042j),(-0.08277660770985652+0.19236568291267594j),0j,0j,0j,0j,0j,0j,0j,0j,0j,0j,0j,0j,0j,0j,0j,0j,0j,0j,0j,0j,0j,0j,0j,0j,0j,0j,0j,(13.2419148367008-23.700290974502025j),(8.825072454714793-19.948691406590317j),(-40.5605377778297+94.25918462721123j),0j,0j,(-0.00300239774964693+0.02745455710650823j),0j,0j,0j,0j,0j,0j,0j,0j,0j
50,0j,0j,0j,0j,0j,0j,0j,0j,0j,0j,0j,0j,0j,0j,0j,0j,0j,0j,0j,0j,0j,0j,0j,0j,0j,0j,0j,0j,0j,0j,0j,0j,0j,0j,0j,0j,0j,0j,0j,0j,0j,0j,0j,0j,0j,0j,0j,(-0.09630775800279735+0.20179623357039023j),(0.03963398791019473-0.05918118369621612j),(0.02702431599326693-0.04836794076428985j),(0.402070794296885-0.8015628758756842j),(-0.07294755017706772+0.10891655136692081j),(-0.04974404291891312+0.08901931332637995j),(-0.0809447708771367+0.16960575377271217j),(0.03331158503601272-0.04974061751483j),(0.022713404522642883-0.040652300127790794j),0j,0j,0j,0j,0j,0j,0j,0j,0j,0j,0j,0j,0j,0j,0j,0j,0j,0j,0j,0j,0j,0j,0j,0j,0j,0j,0j,0j,0j,0j,0j,0j,0j,0j,(-0.22480340591979617+0.4301785593924683j),0j,0j,0j,0j
51,0j,0j,0j,0j,0j,0j,0j,0j,0j,0j,0j,0j,0j,0j,0j,0j,0j,0j,0j,0j,0j,0j,0j,0j,0j,0j,0j,0j,0j,0j,0j,0j,0j,0j,0j,0j,0j,0j,0j,0j,0j,0j,0j,0j,0j,0j,0j,(0.03963398791019473-0.05918118369621612j),(-0.08971550869500078+0.1970991265990339j),(0.018010351948397535-0.04071161511549042j),(-0.07294755017706772+0.10891655136692081j),(0.16512989977257037-0.3627408999846952j),(-0.033155007358346346+0.07492997237745792j),(0.03331158503601272-0.04974061751483j),(-0.07540411536972627+0.16565792801634072j),(0.015137345548395891-0.03421730944526642j),0j,0j,0j,0j,0j,0j,0j,0j,0j,0j,0j,0j,0j,0j,0j,0j,0j,0j,0j,0j,0j,0j,0j,0j,0j,0j,0j,0j,0j,0j,0j,0j,0j,0j,0j,0j,0j,0j,0j
52,0j,0j,0j,0j,0j,0j,0j,0j,0j,0j,0j,0j,0j,0j,0j,0j,0j,0j,0j,0j,0j,0j,0j,0j,0j,0j,0j,0j,0j,0j,0j,0j,0j,0j,0j,0j,0j,0j,0j,0j,0j,0j,0j,0j,0j,0j,0j,(0.02702431599326693-0.04836794076428985j),(0.018010351948397535-0.04071161511549042j),(-0.08277660770985652+0.19236568291267594j),(-0.04974404291891312+0.08901931332637995j),(-0.033155007358346346+0.07492997237745792j),(0.15236531178610574-0.354033053248148j),(0.022713404522642883-0.040652300127790794j),(0.015137345548395891-0.03421730944526642j),(-0.0695721059654026+0.1616795619677723j),0j,0j,0j,0j,0j,0j,0j,0j,0j,0j,0j,0j,0j,0j,0j,0j,0j,0j,0j,0j,0j,0j,0j,0j,0j,0j,0j,0j,0j,0j,0j,0j,0j,0j,0j,0j,0j,0j,0j
53,0j,0j,0j,0j,0j,0j,0j,0j,0j,0j,0j,0j,0j,0j,0j,0j,0j,0j,0j,0j,0j,0j,0j,0j,0j,0j,0j,0j,0j,0j,0j,0j,0j,0j,0j,0j,0j,0j,0j,0j,0j,0j,0j,0j,0j,0j,0j,0j,0j,0j,(-0.0809447708771367+0.16960575377271217j),(0.03331158503601272-0.04974061751483j),(0.022713404522642883-0.040652300127790794j),(2.000018947150719-4.190563276681197j),(-0.823058111480085+1.228969765798453j),(-0.5612536645015286+1.0044460363965584j),(-0.23361782881866688+0.4895057150964911j),(0.09614185186136348-0.1435583168868609j),(0.0655540338450535-0.11732817314109913j),(-1.685385765048953+3.531434087481828j),(0.6935947884284075-1.035670714683782j),(0.47292552988217135-0.8464389633750722j),0j,0j,0j,0j,0j,0j,0j,0j,0j,0j,0j,0j,0j,0j,0j,0j,0j,0j,0j,0j,0j,0j,0j,0j,0j,0j,0j,0j,0j,0j,0j,0j,0j
54,0j,0j,0j,0j,0j,0j,0j,0j,0j,0j,0j,0j,0j,0j,0j,0j,0j,0j,0j,0j,0j,0j,0j,0j,0j,0j,0j,0j,0j,0j,0j,0j,0j,0j,0j,0j,0j,0j,0j,0j,0j,0j,0j,0j,0j,0j,0j,0j,0j,0j,(0.03331158503601272-0.04974061751483j),(-0.07540411536972627+0.16565792801634072j),(0.015137345548395891-0.03421730944526642j),(-0.823058111480085+1.228969765798453j),(1.8630793287150218-4.0930015784382645j),(-0.37402417815979516+0.8454329694981884j),(0.09614185186136348-0.1435583168868609j),(-0.21762672901262575+0.4781117427402309j),(0.043688477498588105-0.09875589805242732j),(0.6935947884284075-1.035670714683782j),(-1.570021402162514+3.4492347154830942j),(0.3151811590969569-0.7124532645210825j),0j,0j,0j,0j,0j,0j,0j,0j,0j,0j,0j,0j,0j,0j,0j,0j,0j,0j,0j,0j,0j,0j,0j,0j,0j,0j,0j,0j,0j,0j,0j,0j,0j
55,0j,0j,0j,0j,0j,0j,0j,0j,0j,0j,0j,0j,0j,0j,0j,0j,0j,0j,0j,0j,0j,0j,0j,0j,0j,0j,0j,0j,0j,0j,0j,0j,0j,0j,0j,0j,0j,0j,0j,0j,0j,0j,0j,0j,0j,0j,0j,0j,0j,0j,(0.022713404522642883-0.040652300127790794j),(0.015137345548395891-0.03421730944526642j),(-0.0695721059654026+0.1616795619677723j),(-0.5612536645015286+1.0044460363965584j),(-0.37402417815979516+0.8454329694981884j),(1.7190353746298113-3.9947313115405696j),(0.0655540338450535-0.11732817314109913j),(0.043688477498588105-0.09875589805242732j),(-0.20079474147440454+0.46662962686738235j),(0.47292552988217135-0.8464389633750722j),(0.3151811590969569-0.7124532645210825j),(-1.448590634922489+3.366399450971829j),0j,0j,0j,0j,0j,0j,0j,0j,0j,0j,0j,0j,0j,0j,0j,0j,0j,0j,0j,0j,0j,0j,0j,0j,0j,0j,0j,0j,0j,0j,0j,0j,0j
56,0j,0j,0j,0j,0j,0j,0j,0j,0j,0j,0j,0j,0j,0j,0j,0j,0j,0j,0j,0j,0j,0j,0j,0j,0j,0j,0j,0j,0j,0j,0j,0j,0j,0j,0j,0j,0j,0j,0j,0j,0j,0j,0j,0j,0j,0j,0j,0j,0j,0j,0j,0j,0j,(-0.23361782881866688+0.4895057150964911j),(0.09614185186136348-0.1435583168868609j),(0.0655540338450535-0.11732817314109913j),(0.4098552492881637-0.858530126500342j),(-0.16862971716549321+0.2517710968047102j),(-0.11503908468586269+0.20579699384714625j),0j,0j,0j,(-0.17608507993048766+0.36895580018466867j),(0.07246512714923664-0.10820440302666384j),(0.04941012998768954-0.08843392154664935j),0j,0j,0j,0j,0j,0j,0j,0j,0j,0j,0j,0j,0j,0j,0j,0j,0j,0j,0j,0j,0j,0j,0j,0j,0j,0j,0j,0j,0j,0j
57,0j,0j,0j,0j,0j,0j,0j,0j,0j,0j,0j,0j,0j,0j,0j,0j,0j,0j,0j,0j,0j,0j,0j,0j,0j,0j,0j,0j,0j,0j,0j,0j,0j,0j,0j,0j,0j,0j,0j,0j,0j,0j,0j,0j,0j,0j,0j,0j,0j,0j,0j,0j,0j,(0.09614185186136348-0.1435583168868609j),(-0.21762672901262575+0.4781117427402309j),(0.043688477498588105-0.09875589805242732j),(-0.16862971716549321+0.2517710968047102j),(0.3817508822879757-0.8385191419158833j),(-0.07663249912597536+0.17319744096047293j),0j,0j,0j,(0.07246512714923664-0.10820440302666384j),(-0.1640320867930985+0.3603678060952487j),(0.03292937483102536-0.07443541569623251j),0j,0j,0j,0j,0j,0j,0j,0j,0j,0j,0j,0j,0j,0j,0j,0j,0j,0j,0j,0j,0j,0j,0j,0j,0j,0j,0j,0j,0j,0j
58,0j,0j,0j,0j,0j,0j,0j,0j,0j,0j,0j,0j,0j,0j,0j,0j,0j,0j,0j,0j,0j,0j,0j,0j,0j,0j,0j,0j,0j,0j,0j,0j,0j,0j,0j,0j,0j,0j,0j,0j,0j,0j,0j,0j,0j,0j,0j,0j,0j,0j,0j,0j,0j,(0.0655540338450535-0.11732817314109913j),(0.043688477498588105-0.09875589805242732j),(-0.20079474147440454+0.46662962686738235j),(-0.11503908468586269+0.20579699384714625j),(-0.07663249912597536+0.17319744096047293j),(0.352284280870665-0.8184085375588398j),0j,0j,0j,(0.04941012998768954-0.08843392154664935j),(0.03292937483102536-0.07443541569623251j),(-0.15134529021578247+0.35171337547466874j),0j,0j,0j,0j,0j,0j,0j,0j,0j,0j,0j,0j,0j,0j,0j,0j,0j,0j,0j,0j,0j,0j,0j,0j,0j,0j,0j,0j,0j,0j
59,0j,0j,0j,0j,0j,0j,0j,0j,0j,0j,0j,0j,0j,0j,0j,0j,0j,0j,0j,0j,0j,0j,0j,0j,0j,0j,0j,0j,0j,0j,0j,0j,0j,0j,0j,0j,0j,0j,0j,0j,0j,0j,0j,0j,0j,0j,0j,0j,0j,0j,0j,0j,0j,(-1.685385765048953+3.531434087481828j),(0.6935947884284075-1.035670714683782j),(0.47292552988217135-0.8464389633750722j),0j,0j,0j,(2.0349603037387576-4.263882839939125j),(-0.8374514852876327+1.2504755484212797j),(-0.5710137879318069+1.0219960563188235j),0j,0j,0j,0j,0j,0j,0j,0j,0j,(-0.3495614920101532+0.7324455885147494j),(0.14385669685922525-0.21480577786033994j),(0.0980882580496355-0.17555771092223715j),0j,0j,0j,0j,0j,0j,0j,0j,0j,0j,0j,0j,0j,0j,0j,0j,0j,0j,0j,0j,0j
60,0j,0j,0j,0j,0j,0j,0j,0j,0j,0j,0j,0j,0j,0j,0j,0j,0j,0j,0j,0j,0j,0j,0j,0j,0j,0j,0j,0j,0j,0j,0j,0j,0j,0j,0j,0j,0j,0j,0j,0j,0j,0j,0j,0j,0j,0j,0j,0j,0j,0j,0j,0j,0j,(0.6935947884284075-1.035670714683782j),(-1.570021402162514+3.4492347154830942j),(0.3151811590969569-0.7124532645210825j),0j,0j,0j,(-0.8374514852876327+1.2504755484212797j),(1.8956554707591837-4.16462832105405j),(-0.38055206616891835+0.8602209578645926j),0j,0j,0j,0j,0j,0j,0j,0j,0j,(0.14385669685922525-0.21480577786033994j),(-0.3256340685966696+0.7153968298779749j),(0.06537090707196146-0.14776808449326156j),0j,0j,0j,0j,0j,0j,0j,0j,0j,0j,0j,0j,0j,0j,0j,0j,0j,0j,0j,0j,0j
61,0j,0j,0j,0j,0j,0j,0j,0j,0j,0j,0j,0j,0j,0j,0j,0j,0j,0j,0j,0j,0j,0j,0j,0j,0j,0j,0j,0j,0j,0j,0j,0j,0j,0j,0j,0j,0j,0j,0j,0j,0j,0j,0j,0j,0j,0j,0j,0j,0j,0j,0j,0j,0j,(0.47292552988217135-0.8464389633750722j),(0.3151811590969569-0.7124532645210825j),(-1.448590634922489+3.366399450971829j),0j,0j,0j,(-0.5710137879318069+1.0219960563188235j),(-0.38055206616891835+0.8602209578645926j),(1.7490390629064128-4.0646125340382975j),0j,0j,0j,0j,0j,0j,0j,0j,0j,(0.0980882580496355-0.17555771092223715j),(0.06537090707196146-0.14776808449326156j),(-0.3004484279839237+0.6982161824237868j),0j,0j,0j,0j,0j,0j,0j,0j,0j,0j,0j,0j,0j,0j,0j,0j,0j,0j,0j,0j,0j
62,0j,0j,0j,0j,0j,0j,0j,0j,0j,0j,0j,0j,0j,0j,0j,0j,0j,0j,0j,0j,0j,0j,0j,0j,0j,0j,0j,0j,0j,0j,0j,0j,0j,0j,0j,0j,0j,0j,0j,0j,0j,0j,0j,0j,0j,0j,0j,0j,0j,0j,0j,0j,0j,0j,0j,0j,(-0.17608507993048766+0.36895580018466867j),(0.07246512714923664-0.10820440302666384j),(0.04941012998768954-0.08843392154664935j),0j,0j,0j,(2.410245367839932-5.050172958866999j),(-0.9919052013711699+1.4810796032950826j),(-0.6763319607894487+1.2104663549012127j),(-0.5487302490857059+1.1497692377847815j),(0.22582155902320258-0.3371951164086733j),(0.15397575391512555-0.27558477877327936j),(-1.685385765048953+3.531434087481828j),(0.6935947884284075-1.035670714683782j),(0.47292552988217135-0.8464389633750722j),0j,0j,0j,0j,0j,0j,0j,0j,0j,0j,0j,0j,0j,0j,0j,0j,0j,0j,0j,0j,0j,0j,0j,0j
63,0j,0j,0j,0j,0j,0j,0j,0j,0j,0j,0j,0j,0j,0j,0j,0j,0j,0j,0j,0j,0j,0j,0j,0j,0j,0j,0j,0j,0j,0j,0j,0j,0j,0j,0j,0j,0j,0j,0j,0j,0j,0j,0j,0j,0j,0j,0j,0j,0j,0j,0j,0j,0j,0j,0j,0j,(0.07246512714923664-0.10820440302666384j),(-0.1640320867930985+0.3603678060952487j),(0.03292937483102536-0.07443541569623251j),0j,0j,0j,(-0.9919052013711699+1.4810796032950826j),(2.2452626099813373-4.932620936203638j),(-0.45074329090622545+1.0188570291598946j),(0.22582155902320258-0.3371951164086733j),(-0.5111697588436094+1.1230066515526353j),(0.10261712156645114-0.23196152798360836j),(0.6935947884284075-1.035670714683782j),(-1.570021402162514+3.4492347154830942j),(0.3151811590969569-0.7124532645210825j),0j,0j,0j,0j,0j,0j,0j,0j,0j,0j,0j,0j,0j,0j,0j,0j,0j,0j,0j,0j,0j,0j,0j,0j
64,0j,0j,0j,0j,0j,0j,0j,0j,0j,0j,0j,0j,0j,0j,0j,0j,0j,0j,0j,0j,0j,0j,0j,0j,0j,0j,0j,0j,0j,0j,0j,0j,0j,0j,0j,0j,0j,0j,0j,0j,0j,0j,0j,0j,0j,0j,0j,0j,0j,0j,0j,0j,0j,0j,0j,0j,(0.04941012998768954-0.08843392154664935j),(0.03292937483102536-0.07443541569623251j),(-0.15134529021578247+0.35171337547466874j),0j,0j,0j,(-0.6763319607894487+1.2104663549012127j),(-0.45074329090622545+1.0188570291598946j),(2.071606267761848-4.814160470586974j),(0.15397575391512555-0.27558477877327936j),(0.10261712156645114-0.23196152798360836j),(-0.47163416020732224+1.096037030548968j),(0.47292552988217135-0.8464389633750722j),(0.3151811590969569-0.7124532645210825j),(-1.448590634922489+3.366399450971829j),0j,0j,0j,0j,0j,0j,0j,0j,0j,0j,0j,0j,0j,0j,0j,0j,0j,0j,0j,0j,0j,0j,0j,0j
65,0j,0j,0j,0j,0j,0j,0j,0j,0j,0j,0j,0j,0j,0j,0j,0j,0j,0j,0j,0j,0j,0j,0j,0j,0j,0j,0j,0j,0j,0j,0j,0j,0j,0j,0j,0j,0j,0j,0j,0j,0j,0j,0j,0j,0j,0j,0j,0j,0j,0j,0j,0j,0j,0j,0j,0j,0j,0j,0j,0j,0j,0j,(-0.5487302490857059+1.1497692377847815j),(0.22582155902320258-0.3371951164086733j),(0.15397575391512555-0.27558477877327936j),(0.5487638400051026-1.149785451732529j),(-0.2258304565620738+0.33719896145108724j),(-0.15397575391512555+0.2755844527232807j),0j,0j,0j,0j,0j,0j,0j,0j,0j,0j,0j,0j,0j,0j,0j,0j,0j,0j,0j,0j,0j,0j,0j,0j,0j,0j,0j
66,0j,0j,0j,0j,0j,0j,0j,0j,0j,0j,0j,0j,0j,0j,0j,0j,0j,0j,0j,0j,0j,0j,0j,0j,0j,0j,0j,0j,0j,0j,0j,0j,0j,0j,0j,0j,0j,0j,0j,0j,0j,0j,0j,0j,0j,0j,0j,0j,0j,0j,0j,0j,0j,0j,0j,0j,0j,0j,0j,0j,0j,0j,(0.22582155902320258-0.3371951164086733j),(-0.5111697588436094+1.1230066515526353j),(0.10261712156645114-0.23196152798360836j),(-0.2258304565620738+0.33719896145108724j),(0.5112142245327376-1.1230282484462912j),(-0.10262799633618262+0.23196662992726846j),0j,0j,0j,0j,0j,0j,0j,0j,0j,0j,0j,0j,0j,0j,0j,0j,0j,0j,0j,0j,0j,0j,0j,0j,0j,0j,0j
67,0j,0j,0j,0j,0j,0j,0j,0j,0j,0j,0j,0j,0j,0j,0j,0j,0j,0j,0j,0j,0j,0j,0j,0j,0j,0j,0j,0j,0j,0j,0j,0j,0j,0j,0j,0j,0j,0j,0j,0j,0j,0j,0j,0j,0j,0j,0j,0j,0j,0j,0j,0j,0j,0j,0j,0j,0j,0j,0j,0j,0j,0j,(0.15397575391512555-0.27558477877327936j),(0.10261712156645114-0.23196152798360836j),(-0.47163416020732224+1.096037030548968j),(-0.15397575391512555+0.2755844527232807j),(-0.10262799633618262+0.23196662992726846j),(0.4716697283575792-1.0960543501984301j),0j,0j,0j,0j,0j,0j,0j,0j,0j,0j,0j,0j,0j,0j,0j,0j,0j,0j,0j,0j,0j,0j,0j,0j,0j,0j,0j
68,0j,0j,0j,0j,0j,0j,0j,0j,0j,0j,0j,0j,0j,0j,0j,0j,0j,0j,0j,0j,0j,0j,0j,0j,0j,0j,0j,0j,0j,0j,0j,0j,0j,0j,0j,0j,0j,0j,0j,0j,0j,0j,0j,0j,0j,0j,0j,0j,0j,0j,0j,0j,0j,0j,0j,0j,0j,0j,0j,0j,0j,0j,(-1.685385765048953+3.531434087481828j),(0.6935947884284075-1.035670714683782j),(0.47292552988217135-0.8464389633750722j),0j,0j,0j,(1.685385765048953-3.5314335093154017j),(-0.6935947884284075+1.035670552503171j),(-0.47292552988217135+0.8464388572192587j),0j,0j,0j,0j,0j,0j,0j,0j,0j,0j,0j,0j,0j,0j,0j,0j,0j,0j,0j,0j,0j,0j,0j,0j
69,0j,0j,0j,0j,0j,0j,0j,0j,0j,0j,0j,0j,0j,0j,0j,0j,0j,0j,0j,0j,0j,0j,0j,0j,0j,0j,0j,0j,0j,0j,0j,0j,0j,0j,0j,0j,0j,0j,0j,0j,0j,0j,0j,0j,0j,0j,0j,0j,0j,0j,0j,0j,0j,0j,0j,0j,0j,0j,0j,0j,0j,0j,(0.6935947884284075-1.035670714683782j),(-1.570021402162514+3.4492347154830942j),(0.3151811590969569-0.7124532645210825j),0j,0j,0j,(-0.6935947884284075+1.035670552503171j),(1.6352258718036925-3.614981807469005j),(-0.3151811590969569+0.7124531973297141j),0j,0j,0j,0j,0j,0j,0j,0j,0j,0j,0j,0j,0j,0j,0j,0j,0j,0j,0j,0j,(-0.06516294766774515+0.16573592946716745j),0j,0j,0j
70,0j,0j,0j,0j,0j,0j,0j,0j,0j,0j,0j,0j,0j,0j,0j,0j,0j,0j,0j,0j,0j,0j,0j,0j,0j,0j,0j,0j,0j,0j,0j,0j,0j,0j,0j,0j,0j,0j,0j,0j,0j,0j,0j,0j,0j,0j,0j,0j,0j,0j,0j,0j,0j,0j,0j,0j,0j,0j,0j,0j,0j,0j,(0.47292552988217135-0.8464389633750722j),(0.3151811590969569-0.7124532645210825j),(-1.448590634922489+3.366399450971829j),0j,0j,0j,(-0.47292552988217135+0.8464388572192587j),(-0.3151811590969569+0.7124531973297141j),(1.448590634922489-3.366398918566891j),0j,0j,0j,0j,0j,0j,0j,0j,0j,0j,0j,0j,0j,0j,0j,0j,0j,0j,0j,0j,0j,0j,0j,0j
71,0j,0j,0j,0j,0j,0j,0j,0j,0j,0j,0j,0j,0j,0j,0j,0j,0j,0j,0j,0j,0j,0j,0j,0j,0j,0j,0j,0j,0j,0j,0j,0j,0j,0j,0j,0j,0j,0j,0j,0j,0j,0j,0j,0j,0j,0j,0j,0j,0j,0j,0j,0j,0j,0j,0j,0j,0j,0j,0j,(-0.3495614920101532+0.7324455885147494j),(0.14385669685922525-0.21480577786033994j),(0.0980882580496355-0.17555771092223715j),0j,0j,0j,0j,0j,0j,0j,0j,0j,(0.4795899982476063-1.0022348384232092j),(-0.1972101421229489+0.294469865622765j),(-0.1344671449636487+0.24066650856437932j),(-0.12964505884991948+0.27164877596014064j),(0.05335344526372367-0.07966697805259862j),(0.036378886914013184-0.06511068949039019j),0j,0j,0j,0j,0j,0j,0j,0j,0j,0j,0j,0j,0j,0j,0j,0j,0j,0j
72,0j,0j,0j,0j,0j,0j,0j,0j,0j,0j,0j,0j,0j,0j,0j,0j,0j,0j,0j,0j,0j,0j,0j,0j,0j,0j,0j,0j,0j,0j,0j,0j,0j,0j,0j,0j,0j,0j,0j,0j,0j,0j,0j,0j,0j,0j,0j,0j,0j,0j,0j,0j,0j,0j,0j,0j,0j,0j,0j,(0.14385669685922525-0.21480577786033994j),(-0.3256340685966696+0.7153968298779749j),(0.06537090707196146-0.14776808449326156j),0j,0j,0j,0j,0j,0j,0j,0j,0j,(-0.1972101421229489+0.294469865622765j),(0.44681277403758596-0.9788750517231904j),(-0.08961561161788123+0.20257098431794265j),(0.05335344526372367-0.07966697805259862j),(-0.12077087708942418+0.2653257473448534j),(0.024244704545919774-0.054804097270852524j),0j,0j,0j,0j,0j,0j,0j,0j,0j,0j,0j,0j,0j,0j,0j,0j,0j,0j
73,0j,0j,0j,0j,0j,0j,0j,0j,0j,0j,0j,0j,0j,0j,0j,0j,0j,0j,0j,0j,0j,0j,0j,0j,0j,0j,0j,0j,0j,0j,0j,0j,0j,0j,0j,0j,0j,0j,0j,0j,0j,0j,0j,0j,0j,0j,0j,0j,0j,0j,0j,0j,0j,0j,0j,0j,0j,0j,0j,(0.0980882580496355-0.17555771092223715j),(0.06537090707196146-0.14776808449326156j),(-0.3004484279839237+0.6982161824237868j),0j,0j,0j,0j,0j,0j,0j,0j,0j,(-0.1344671449636487+0.24066650856437932j),(-0.08961561161788123+0.20257098431794265j),(0.4122779296625195-0.9553192508398405j),(0.036378886914013184-0.06511068949039019j),(0.024244704545919774-0.054804097270852524j),(-0.11143004884019152+0.25895380392091j),0j,0j,0j,0j,0j,0j,0j,0j,0j,0j,0j,0j,0j,0j,0j,0j,0j,0j
74,0j,0j,0j,0j,0j,0j,0j,0j,0j,0j,0j,0j,0j,0j,0j,0j,0j,0j,0j,0j,0j,0j,0j,0j,0j,0j,0j,0j,0j,0j,0j,0j,0j,0j,0j,0j,0j,0j,0j,0j,0j,0j,0j,0j,0j,0j,0j,0j,0j,0j,0j,0j,0j,0j,0j,0j,0j,0j,0j,0j,0j,0j,0j,0j,0j,0j,0j,0j,0j,0j,0j,(-0.12964505884991948+0.27164877596014064j),(0.05335344526372367-0.07966697805259862j),(0.036378886914013184-0.06511068949039019j),(1.020037538498423-2.1373034569099834j),(-0.4197808806598635+0.6268113553830588j),(-0.2862263366630849+0.5122844099327233j),(-0.8903924796485037+1.865663291499834j),(0.36642743539613987-0.5471467926631302j),(0.2498474497490717-0.4471753014056986j),0j,0j,0j,0j,0j,0j,0j,0j,0j,0j,0j,0j,0j,0j,0j
75,0j,0j,0j,0j,0j,0j,0j,0j,0j,0j,0j,0j,0j,0j,0j,0j,0j,0j,0j,0j,0j,0j,0j,0j,0j,0j,0j,0j,0j,0j,0j,0j,0j,0j,0j,0j,0j,0j,0j,0j,0j,0j,0j,0j,0j,0j,0j,0j,0j,0j,0j,0j,0j,0j,0j,0j,0j,0j,0j,0j,0j,0j,0j,0j,0j,0j,0j,0j,0j,0j,0j,(0.05335344526372367-0.07966697805259862j),(-0.12077087708942418+0.2653257473448534j),(0.024244704545919774-0.054804097270852524j),(-0.4197808806598635+0.6268113553830588j),(0.9502880370365172-2.0875894538918947j),(-0.19075550557827442+0.43119350049733307j),(0.36642743539613987-0.5471467926631302j),(-0.8294452690669887+1.8222372081797475j),(0.16651080103235466-0.37639040389793044j),0j,0j,0j,0j,0j,0j,0j,0j,0j,0j,0j,0j,0j,0j,0j
76,0j,0j,0j,0j,0j,0j,0j,0j,0j,0j,0j,0j,0j,0j,0j,0j,0j,0j,0j,0j,0j,0j,0j,0j,0j,0j,0j,0j,0j,0j,0j,0j,0j,0j,0j,0j,0j,0j,0j,0j,0j,0j,0j,0j,0j,0j,0j,0j,0j,0j,0j,0j,0j,0j,0j,0j,0j,0j,0j,0j,0j,0j,0j,0j,0j,0j,0j,0j,0j,0j,0j,(0.036378886914013184-0.06511068949039019j),(0.024244704545919774-0.054804097270852524j),(-0.11143004884019152+0.25895380392091j),(-0.2862263366630849+0.5122844099327233j),(-0.19075550557827442+0.43119350049733307j),(0.8767522665901418-2.0374355612445516j),(0.2498474497490717-0.4471753014056986j),(0.16651080103235466-0.37639040389793044j),(-0.7652931656194284+1.778475181645495j),0j,0j,0j,0j,0j,0j,0j,0j,0j,0j,0j,0j,0j,0j,0j
77,0j,0j,0j,0j,0j,0j,0j,0j,0j,0j,0j,0j,0j,0j,0j,0j,0j,0j,0j,0j,0j,0j,0j,0j,0j,0j,0j,0j,0j,0j,0j,0j,0j,0j,0j,0j,0j,0j,0j,0j,0j,0j,0j,0j,0j,0j,0j,0j,0j,0j,0j,0j,0j,0j,0j,0j,0j,0j,0j,0j,0j,0j,0j,0j,0j,0j,0j,0j,0j,0j,0j,0j,0j,0j,(-0.8903924796485037+1.865663291499834j),(0.36642743539613987-0.5471467926631302j),(0.2498474497490717-0.4471753014056986j),(0.8904289340025012-1.8625918784142024j),(-0.36644566257313865+0.5471566643072311j),(-0.2498656769260705+0.4471852790967376j),0j,0j,0j,0j,0j,0j,0j,0j,0j,0j,0j,0j,0j,0j,0j
78,0j,0j,0j,0j,0j,0j,0j,0j,0j,0j,0j,0j,0j,0j,0j,0j,0j,0j,0j,0j,0j,0j,0j,0j,0j,0j,0j,0j,0j,0j,0j,0j,0j,0j,0j,0j,0j,0j,0j,0j,0j,0j,0j,0j,0j,0j,0j,0j,0j,0j,0j,0j,0j,0j,0j,0j,0j,0j,0j,0j,0j,0j,0j,0j,0j,0j,0j,0j,0j,0j,0j,0j,0j,0j,(0.36642743539613987-0.5471467926631302j),(-0.8294452690669887+1.8222372081797475j),(0.16651080103235466-0.37639040389793044j),(-0.36644566257313865+0.5471566643072311j),(0.8295161866574808-1.8191824909120553j),(-0.16652902820935347+0.3764004553430978j),0j,0j,0j,0j,0j,0j,0j,0j,0j,0j,0j,0j,0j,0j,0j
79,0j,0j,0j,0j,0j,0j,0j,0j,0j,0j,0j,0j,0j,0j,0j,0j,0j,0j,0j,0j,0j,0j,0j,0j,0j,0j,0j,0j,0j,0j,0j,0j,0j,0j,0j,0j,0j,0j,0j,0j,0j,0j,0j,0j,0j,0j,0j,0j,0j,0j,0j,0j,0j,0j,0j,0j,0j,0j,0j,0j,0j,0j,0j,0j,0j,0j,0j,0j,0j,0j,0j,0j,0j,0j,(0.2498474497490717-0.4471753014056986j),(0.16651080103235466-0.37639040389793044j),(-0.7652931656194284+1.778475181645495j),(-0.2498656769260705+0.4471852790967376j),(-0.16652902820935347+0.3764004553430978j),(0.765329619973426-1.775403855179823j),0j,0j,0j,0j,0j,0j,0j,0j,0j,0j,0j,0j,0j,0j,0j
80,0j,0j,0j,0j,0j,0j,0j,0j,0j,0j,0j,0j,0j,0j,0j,0j,0j,0j,0j,0j,0j,0j,0j,0j,0j,0j,0j,0j,0j,0j,0j,0j,0j,0j,0j,0j,0j,0j,0j,0j,0j,0j,0j,0j,0j,0j,0j,(-47.19080142137069+98.88015444949119j),(19.420654075995404-28.998780011145886j),(13.2419148367008-23.700290974502025j),0j,0j,0j,0j,0j,0j,0j,0j,0j,0j,0j,0j,0j,0j,0j,0j,0j,0j,0j,0j,0j,0j,0j,0j,0j,0j,0j,0j,0j,0j,(47.37179664791886-100.80699949318956j),(-19.420654075995404+28.998780005353723j),(-13.2419148367008+23.700290970710746j),0j,0j,0j,0j,(-0.19570108870520814+2.0834011735075233j),0j,0j,0j,0j,0j,0j,0j
81,0j,0j,0j,0j,0j,0j,0j,0j,0j,0j,0j,0j,0j,0j,0j,0j,0j,0j,0j,0j,0j,0j,0j,0j,0j,0j,0j,0j,0j,0j,0j,0j,0j,0j,0j,0j,0j,0j,0j,0j,0j,0j,0j,0j,0j,0j,0j,(19.420654075995404-28.998780011145886j),(-43.960599260550374+96.57857203352661j),(8.825072454714793-19.948691406590317j),0j,0j,0j,0j,0j,0j,0j,0j,0j,0j,0j,0j,0j,0j,0j,0j,0j,0j,0j,0j,0j,0j,0j,0j,0j,0j,0j,0j,0j,0j,(-19.420654075995404+28.998780005353723j),(44.141594487098544-98.50541707809276j),(-8.825072454714793+19.948691404190626j),0j,0j,0j,0j,0j,(-0.19570108870520814+2.0834011735075233j),0j,0j,0j,0j,0j,0j
82,0j,0j,0j,0j,0j,0j,0j,0j,0j,0j,0j,0j,0j,0j,0j,0j,0j,0j,0j,0j,0j,0j,0j,0j,0j,0j,0j,0j,0j,0j,0j,0j,0j,0j,0j,0j,0j,0j,0j,0j,0j,0j,0j,0j,0j,0j,0j,(13.2419148367008-23.700290974502025j),(8.825072454714793-19.948691406590317j),(-40.5605377778297+94.25918462721123j),0j,0j,0j,0j,0j,0j,0j,0j,0j,0j,0j,0j,0j,0j,0j,0j,0j,0j,0j,0j,0j,0j,0j,0j,0j,0j,0j,0j,0j,0j,(-13.2419148367008+23.700290970710746j),(-8.825072454714793+19.948691404190626j),(40.74153300437787-96.18602967254394j),0j,0j,0j,0j,0j,0j,(-0.19570108870520814+2.0834011735075233j),0j,0j,0j,0j,0j
83,0j,0j,0j,0j,0j,0j,0j,0j,0j,0j,0j,0j,0j,0j,0j,0j,0j,0j,0j,0j,0j,0j,0j,0j,0j,0j,0j,0j,0j,0j,0j,0j,0j,0j,0j,0j,0j,0j,0j,0j,0j,0j,0j,0j,0j,0j,0j,(-0.00300239774964693+0.02745455710650823j),0j,0j,0j,0j,0j,0j,0j,0j,0j,0j,0j,0j,0j,0j,0j,0j,0j,0j,0j,0j,0j,0j,0j,0j,0j,0j,0j,0j,0j,0j,0j,0j,0j,0j,0j,(0.053219147646977404-0.270726185591182j),(-0.013183057426336915+0.032374749394372244j),(-0.00810017209210156+0.025095409865303266j),0j,0j,0j,0j,0j,0j,(-0.035248064962792654+0.10641752536809958j),(0.013183057426336915-0.03238127002658242j),(0.00810017209210156-0.025099643826386346j)
84,0j,0j,0j,0j,0j,0j,0j,0j,0j,0j,0j,0j,0j,0j,0j,0j,0j,0j,0j,0j,0j,0j,0j,0j,0j,0j,0j,0j,0j,0j,0j,0j,0j,0j,0j,0j,0j,0j,0j,0j,0j,0j,0j,0j,0j,0j,0j,0j,(-0.00300239774964693+0.02745455710650823j),0j,0j,0j,0j,0j,0j,0j,0j,0j,0j,0j,0j,0j,0j,0j,0j,0j,0j,0j,0j,0j,0j,0j,0j,0j,0j,0j,0j,0j,0j,0j,0j,0j,0j,(-0.013183057426336915+0.032374749394372244j),(0.050466626498271494-0.2671055140869532j),(-0.004641616175028376+0.02009015376656551j),0j,0j,0j,0j,0j,0j,(0.013183057426336915-0.03238127002658242j),(-0.032495543814086744+0.10279584423682869j),(0.004641616175028376-0.020092798980909196j)
85,0j,0j,0j,0j,0j,0j,0j,0j,0j,0j,0j,0j,0j,0j,0j,0j,0j,0j,0j,0j,0j,0j,0j,0j,0j,0j,0j,0j,0j,0j,0j,0j,0j,0j,0j,0j,0j,0j,0j,0j,0j,0j,0j,0j,0j,0j,0j,0j,0j,(-0.00300239774964693+0.02745455710650823j),0j,0j,0j,0j,0j,0j,0j,0j,0j,0j,0j,0j,0j,0j,0j,0j,0j,0j,0j,0j,0j,0j,0j,0j,0j,0j,0j,0j,0j,0j,0j,0j,0j,(-0.00810017209210156+0.025095409865303266j),(-0.004641616175028376+0.02009015376656551j),(0.04803119106608508-0.26377191062996463j),0j,0j,0j,0j,0j,0j,(0.00810017209210156-0.025099643826386346j),(0.004641616175028376-0.020092798980909196j),(-0.03006010838190033+0.09946134697673238j)
86,0j,0j,0j,0j,0j,0j,0j,0j,0j,0j,0j,0j,0j,0j,0j,0j,0j,0j,0j,0j,0j,0j,0j,0j,0j,0j,0j,0j,0j,0j,0j,0j,0j,0j,0j,0j,0j,0j,0j,0j,0j,0j,0j,0j,0j,(-0.015610009326621078+0.029870950116407998j),0j,0j,0j,0j,0j,0j,0j,0j,0j,0j,0j,0j,0j,0j,0j,0j,0j,0j,0j,0j,0j,0j,0j,0j,0j,0j,0j,0j,0j,0j,0j,0j,0j,0j,0j,0j,0j,0j,0j,0j,(0.015615941037111539-0.029834097364344017j),0j,0j,0j,0j,0j,0j,0j,0j
87,0j,0j,0j,0j,0j,0j,0j,0j,0j,0j,0j,0j,0j,0j,0j,0j,0j,0j,0j,0j,0j,0j,0j,0j,0j,0j,0j,0j,0j,0j,0j,0j,0j,0j,0j,0j,0j,0j,0j,0j,0j,0j,0j,0j,(-0.012813141846693106+0.026847720458726913j),(0.005273052966602071-0.007873684499360826j),(0.003595415377871518-0.006435050495384748j),0j,0j,0j,0j,0j,0j,0j,0j,0j,0j,0j,0j,0j,0j,0j,0j,0j,0j,0j,0j,0j,0j,0j,0j,0j,0j,0j,0j,0j,0j,0j,0j,0j,(-0.19570108870520814+2.0834011735075233j),0j,0j,0j,0j,0j,0j,(0.22441494400919945-2.2794492381663436j),(-0.005273052966602071+0.007852351956857675j),(-0.003595415377871518+0.0064210872146282265j),0j,0j,0j,0j,0j
88,0j,0j,0j,0j,0j,0j,0j,0j,0j,0j,0j,0j,0j,0j,0j,0j,0j,0j,0j,0j,0j,0j,0j,0j,0j,0j,0j,0j,0j,0j,0j,0j,0j,0j,0j,0j,0j,0j,0j,0j,0j,0j,0j,0j,(0.005273052966602071-0.007873684499360826j),(-0.01193608451277502+0.026222799900495967j),(0.0023961641202049407-0.005416424492693542j),0j,0j,0j,0j,0j,0j,0j,0j,0j,0j,0j,0j,0j,0j,0j,0j,0j,0j,0j,0j,0j,0j,0j,0j,0j,0j,0j,0j,0j,0j,0j,0j,0j,0j,(-0.19570108870520814+2.0834011735075233j),0j,0j,0j,0j,0j,(-0.005273052966602071+0.007852351956857675j),(0.22353788667528138-2.2788275136281406j),(-0.0023961641202049407+0.005407586428065518j),0j,0j,0j,0j,0j
89,0j,0j,0j,0j,0j,0j,0j,0j,0j,0j,0j,0j,0j,0j,0j,0j,0j,0j,0j,0j,0j,0j,0j,0j,0j,0j,0j,0j,0j,0j,0j,0j,0j,0j,0j,0j,0j,0j,0j,0j,0j,0j,0j,0j,(0.003595415377871518-0.006435050495384748j),(0.0023961641202049407-0.005416424492693542j),(-0.011012907352112331+0.025593044970733433j),0j,0j,0j,0j,0j,0j,0j,0j,0j,0j,0j,0j,0j,0j,0j,0j,0j,0j,0j,0j,0j,0j,0j,0j,0j,0j,0j,0j,0j,0j,0j,0j,0j,0j,0j,(-0.19570108870520814+2.0834011735075233j),0j,0j,0j,0j,(-0.003595415377871518+0.0064210872146282265j),(-0.0023961641202049407+0.005407586428065518j),(0.22261470951461867-2.278200581948382j),0j,0j,0j,0j,0j
90,0j,0j,0j,0j,0j,0j,0j,0j,0j,0j,0j,0j,0j,0j,0j,0j,0j,0j,0j,0j,0j,0j,0j,0j,0j,0j,0j,0j,0j,0j,0j,0j,0j,0j,0j,0j,0j,0j,0j,0j,0j,0j,0j,0j,0j,0j,0j,0j,0j,0j,(-0.22480340591979617+0.4301785593924683j),0j,0j,0j,0j,0j,0j,0j,0j,0j,0j,0j,0j,0j,0j,0j,0j,0j,0j,0j,0j,0j,0j,0j,0j,0j,0j,0j,0j,0j,0j,0j,0j,0j,0j,0j,0j,0j,0j,0j,(0.2248063717750414-0.4301772470642087j),0j,0j,0j,0j
91,0j,0j,0j,0j,0j,0j,0j,0j,0j,0j,0j,0j,0j,0j,0j,0j,0j,0j,0j,0j,0j,0j,0j,0j,0j,0j,0j,0j,0j,0j,0j,0j,0j,0j,0j,0j,0j,0j,0j,0j,0j,0j,0j,0j,0j,0j,0j,0j,0j,0j,0j,0j,0j,0j,0j,0j,0j,0j,0j,0j,0j,0j,0j,0j,0j,0j,0j,0j,0j,(-0.06516294766774515+0.16573592946716745j),0j,0j,0j,0j,0j,0j,0j,0j,0j,0j,0j,0j,0j,0j,0j,0j,0j,0j,0j,0j,0j,(0.06520446964117838-0.16574764585460122j),0j,0j,0j
92,0j,0j,0j,0j,0j,0j,0j,0j,0j,0j,0j,0j,0j,0j,0j,0j,0j,0j,0j,0j,0j,0j,0j,0j,0j,0j,0j,0j,0j,0j,0j,0j,0j,0j,0j,0j,0j,0j,0j,0j,0j,0j,0j,0j,0j,0j,0j,0j,0j,0j,0j,0j,0j,0j,0j,0j,0j,0j,0j,0j,0j,0j,0j,0j,0j,0j,0j,0j,0j,0j,0j,0j,0j,0j,0j,0j,0j,0j,0j,0j,0j,0j,0j,(-0.035248064962792654+0.10641752536809958j),(0.013183057426336915-0.03238127002658242j),(0.00810017209210156-0.025099643826386346j),0j,0j,0j,0j,0j,0j,(0.045873841350286805-0.11158158336078276j),(-0.01849594562008399+0.034968137227274654j),(-0.013413060285848636+0.027688797698205675j)
93,0j,0j,0j,0j,0j,0j,0j,0j,0j,0j,0j,0j,0j,0j,0j,0j,0j,0j,0j,0j,0j,0j,0j,0j,0j,0j,0j,0j,0j,0j,0j,0j,0j,0j,0j,0j,0j,0j,0j,0j,0j,0j,0j,0j,0j,0j,0j,0j,0j,0j,0j,0j,0j,0j,0j,0j,0j,0j,0j,0j,0j,0j,0j,0j,0j,0j,0j,0j,0j,0j,0j,0j,0j,0j,0j,0j,0j,0j,0j,0j,0j,0j,0j,(0.013183057426336915-0.03238127002658242j),(-0.032495543814086744+0.10279584423682869j),(0.004641616175028376-0.020092798980909196j),0j,0j,0j,0j,0j,0j,(-0.01849594562008399+0.034968137227274654j),(0.043121320201580896-0.10796091185655399j),(-0.00995450436877545+0.022683541599467918j)
94,0j,0j,0j,0j,0j,0j,0j,0j,0j,0j,0j,0j,0j,0j,0j,0j,0j,0j,0j,0j,0j,0j,0j,0j,0j,0j,0j,0j,0j,0j,0j,0j,0j,0j,0j,0j,0j,0j,0j,0j,0j,0j,0j,0j,0j,0j,0j,0j,0j,0j,0j,0j,0j,0j,0j,0j,0j,0j,0j,0j,0j,0j,0j,0j,0j,0j,0j,0j,0j,0j,0j,0j,0j,0j,0j,0j,0j,0j,0j,0j,0j,0j,0j,(0.00810017209210156-0.025099643826386346j),(0.004641616175028376-0.020092798980909196j),(-0.03006010838190033+0.09946134697673238j),0j,0j,0j,0j,0j,0j,(-0.013413060285848636+0.027688797698205675j),(-0.00995450436877545+0.022683541599467918j),(0.040685884769394484-0.1046273083995654j)
