,0,1,2,3,4,5,6,7,8,9,10,11,12,13,14,15,16,17,18,19,20,21,22,23,24,25,26,27,28,29,30,31,32,33,34,35,36,37,38,39,40,41,42,43,44,45,46,47,48,49,50,51,52,53,54,55,56,57,58,59,60,61,62,63,64,65,66,67,68,69,70,71,72,73,74,75,76,77,78,79,80,81,82,83,84,85,86,87,88,89,90,91,92,93,94
0,(0.011953514094684644-2.1331532925418055j),(-0.00594779438082403+1.0639729016757418j),(-0.00594779438082403+1.063972901675742j),(-0.00935511721237175+2.8034167913073906j),(0.00935511721237175-2.8034167913073906j),0j,0j,0j,0j,0j,0j,0j,0j,0j,0j,0j,0j,0j,0j,0j,0j,0j,0j,0j,0j,0j,0j,0j,0j,0j,0j,0j,0j,0j,0j,0j,0j,0j,0j,0j,0j,0j,0j,0j,0j,0j,0j,0j,0j,0j,0j,0j,0j,0j,0j,0j,0j,0j,0j,0j,0j,0j,0j,0j,0j,0j,0j,0j,0j,0j,0j,0j,0j,0j,0j,0j,0j,0j,0j,0j,0j,0j,0j,0j,0j,0j,0j,0j,0j,0j,0j,0j,0j,0j,0j
1,(-0.00594779438082403+1.0639729016757418j),(0.011953514094684647-2.133153292541811j),(-0.0059477943808240305+1.063972901675747j),0j,(-0.00935511721237175+2.8034167913073906j),(0.00935511721237175-2.8034167913073906j),0j,0j,0j,0j,0j,0j,0j,0j,0j,0j,0j,0j,0j,0j,0j,0j,0j,0j,0j,0j,0j,0j,0j,0j,0j,0j,0j,0j,0j,0j,0j,0j,0j,0j,0j,0j,0j,0j,0j,0j,0j,0j,0j,0j,0j,0j,0j,0j,0j,0j,0j,0j,0j,0j,0j,0j,0j,0j,0j,0j,0j,0j,0j,0j,0j,0j,0j,0j,0j,0j,0j,0j,0j,0j,0j,0j,0j,0j,0j,0j,0j,0j,0j,0j,0j,0j,0j,0j,0j
2,(-0.00594779438082403+1.063972901675742j),(-0.0059477943808240305+1.063972901675747j),(0.01195351409468465-2.133153292541811j),(0.00935511721237175-2.8034167913073906j),0j,(-0.00935511721237175+2.8034167913073906j),0j,0j,0j,0j,0j,0j,0j,0j,0j,0j,0j,0j,0j,0j,0j,0j,0j,0j,0j,0j,0j,0j,0j,0j,0j,0j,0j,0j,0j,0j,0j,0j,0j,0j,0j,0j,0j,0j,0j,0j,0j,0j,0j,0j,0j,0j,0j,0j,0j,0j,0j,0j,0j,0j,0j,0j,0j,0j,0j,0j,0j,0j,0j,0j,0j,0j,0j,0j,0j,0j,0j,0j,0j,0j,0j,0j,0j,0j,0j,0j,0j,0j,0j,0j,0j,0j,0j,0j,0j
3,(-0.00935511721237175+2.8034167913073906j),0j,(0.00935511721237175-2.8034167913073906j),(0.04987341554193408-13.525564358200864j),(0.0005533105237981516+0.020098263829133444j),(0.0012346931561198595+0.014317318062943942j),(-0.004972044286564213+0.0701591439376643j),(-0.0005533105237981516-0.020109474827147537j),(-0.0012346931561198595-0.0143245975609687j),0j,0j,0j,0j,0j,0j,0j,0j,0j,0j,0j,0j,0j,0j,0j,0j,0j,0j,0j,0j,0j,0j,0j,0j,0j,0j,0j,0j,0j,0j,0j,0j,0j,0j,0j,0j,0j,0j,0j,0j,0j,0j,0j,0j,0j,0j,0j,0j,0j,0j,0j,0j,0j,0j,0j,0j,0j,0j,0j,0j,0j,0j,0j,0j,0j,0j,0j,0j,0j,0j,0j,0j,0j,0j,0j,0j,0j,0j,0j,0j,0j,0j,0j,0j,0j,0j
4,(0.00935511721237175-2.8034167913073906j),(-0.00935511721237175+2.8034167913073906j),0j,(0.0005533105237981516+0.020098263829133444j),(0.049715927168431824-13.522780436082309j),(0.0016462541578263585+0.010382418460530358j),(-0.0005533105237981516-0.020109474827147537j),(-0.004814555913061959+0.06737348595571543j),(-0.0016462541578263585-0.010386966407998953j),0j,0j,0j,0j,0j,0j,0j,0j,0j,0j,0j,0j,0j,0j,0j,0j,0j,0j,0j,0j,0j,0j,0j,0j,0j,0j,0j,0j,0j,0j,0j,0j,0j,0j,0j,0j,0j,0j,0j,0j,0j,0j,0j,0j,0j,0j,0j,0j,0j,0j,0j,0j,0j,0j,0j,0j,0j,0j,0j,0j,0j,0j,0j,0j,0j,0j,0j,0j,0j,0j,0j,0j,0j,0j,0j,0j,0j,0j,0j,0j,0j,0j,0j,0j,0j,0j
5,0j,(0.00935511721237175-2.8034167913073906j),(-0.00935511721237175+2.8034167913073906j),(0.0012346931561198595+0.014317318062943942j),(0.0016462541578263585+0.010382418460530358j),(0.04985052947892903-13.520441072875519j),(-0.0012346931561198595-0.0143245975609687j),(-0.0016462541578263585-0.010386966407998953j),(-0.004949158223559165+0.06503258602295398j),0j,0j,0j,0j,0j,0j,0j,0j,0j,0j,0j,0j,0j,0j,0j,0j,0j,0j,0j,0j,0j,0j,0j,0j,0j,0j,0j,0j,0j,0j,0j,0j,0j,0j,0j,0j,0j,0j,0j,0j,0j,0j,0j,0j,0j,0j,0j,0j,0j,0j,0j,0j,0j,0j,0j,0j,0j,0j,0j,0j,0j,0j,0j,0j,0j,0j,0j,0j,0j,0j,0j,0j,0j,0j,0j,0j,0j,0j,0j,0j,0j,0j,0j,0j,0j,0j
6,0j,0j,0j,(-0.004972044286564213+0.0701591439376643j),(-0.0005533105237981516-0.020109474827147537j),(-0.0012346931561198595-0.0143245975609687j),(0.012387000505833379-0.17472429424856784j),(0.001378478819404643+0.05008059900937015j),(0.003076027458310172+0.03567513147764881j),(-0.0074149562192691665+0.10463039962958026j),(-0.0008251682956064914-0.02998985263239344j),(-0.0018413343021903127-0.021362694628496662j),0j,0j,0j,0j,0j,0j,0j,0j,0j,0j,0j,0j,0j,0j,0j,0j,0j,0j,0j,0j,0j,0j,0j,0j,0j,0j,0j,0j,0j,0j,0j,0j,0j,0j,0j,0j,0j,0j,0j,0j,0j,0j,0j,0j,0j,0j,0j,0j,0j,0j,0j,0j,0j,0j,0j,0j,0j,0j,0j,0j,0j,0j,0j,0j,0j,0j,0j,0j,0j,0j,0j,0j,0j,0j,0j,0j,0j,0j,0j,0j,0j,0j,0j
7,0j,0j,0j,(-0.0005533105237981516-0.020109474827147537j),(-0.004814555913061959+0.06737348595571543j),(-0.0016462541578263585-0.010386966407998953j),(0.001378478819404643+0.05008059900937015j),(0.012031136088021826-0.16779082182698657j),(0.004101361514584745+0.025869758077464874j),(-0.0008251682956064914-0.02998985263239344j),(-0.0071800891651444265+0.10047606576054675j),(-0.0024551073567583865-0.015490389209616946j),0j,0j,0j,0j,0j,0j,0j,0j,0j,0j,0j,0j,0j,0j,0j,0j,0j,0j,0j,0j,0j,0j,0j,0j,0j,0j,0j,0j,0j,0j,0j,0j,0j,0j,0j,0j,0j,0j,0j,0j,0j,0j,0j,0j,0j,0j,0j,0j,0j,0j,0j,0j,0j,0j,0j,0j,0j,0j,0j,0j,0j,0j,0j,0j,0j,0j,0j,0j,0j,0j,0j,0j,0j,0j,0j,0j,0j,0j,0j,0j,0j,0j,0j
8,0j,0j,0j,(-0.0012346931561198595-0.0143245975609687j),(-0.0016462541578263585-0.010386966407998953j),(-0.004949158223559165+0.06503258602295398j),(0.003076027458310172+0.03567513147764881j),(0.004101361514584745+0.025869758077464874j),(0.012360365885600808-0.16196074037700184j),(-0.0018413343021903127-0.021362694628496662j),(-0.0024551073567583865-0.015490389209616946j),(-0.0073808255588338955+0.09698501268163078j),0j,0j,0j,0j,0j,0j,0j,0j,0j,0j,0j,0j,0j,0j,0j,0j,0j,0j,0j,0j,0j,0j,0j,0j,0j,0j,0j,0j,0j,0j,0j,0j,0j,0j,0j,0j,0j,0j,0j,0j,0j,0j,0j,0j,0j,0j,0j,0j,0j,0j,0j,0j,0j,0j,0j,0j,0j,0j,0j,0j,0j,0j,0j,0j,0j,0j,0j,0j,0j,0j,0j,0j,0j,0j,0j,0j,0j,0j,0j,0j,0j,0j,0j
9,0j,0j,0j,0j,0j,0j,(-0.0074149562192691665+0.10463039962958026j),(-0.0008251682956064914-0.02998985263239344j),(-0.0018413343021903127-0.021362694628496662j),(0.007812966590331396-0.10973249182645228j),(0.0008694606056095702+0.03145204089666477j),(0.0019401710487863177+0.02241355504320244j),(-0.0003980103710622298+0.005616214438696056j),(-4.429231000307875e-05-0.001609756284642899j),(-9.883674659600491e-05-0.0011466789235897992j),0j,0j,0j,0j,0j,0j,0j,0j,0j,0j,0j,0j,0j,0j,0j,0j,0j,0j,0j,0j,0j,0j,0j,0j,0j,0j,0j,0j,0j,0j,0j,0j,0j,0j,0j,0j,0j,0j,0j,0j,0j,0j,0j,0j,0j,0j,0j,0j,0j,0j,0j,0j,0j,0j,0j,0j,0j,0j,0j,0j,0j,0j,0j,0j,0j,0j,0j,0j,0j,0j,0j,0j,0j,0j,0j,0j,0j,0j,0j,0j
10,0j,0j,0j,0j,0j,0j,(-0.0008251682956064914-0.02998985263239344j),(-0.0071800891651444265+0.10047606576054675j),(-0.0024551073567583865-0.015490389209616946j),(0.0008694606056095702+0.03145204089666477j),(0.007601983657916735-0.10538163543205036j),(0.002586889414691741+0.016261998483766218j),(-4.429231000307875e-05-0.001609756284642899j),(-0.00038540348295686795+0.005393223511192859j),(-0.00013178205793335412-0.0008314729547824173j),0j,0j,0j,0j,0j,0j,0j,0j,0j,0j,0j,0j,0j,0j,0j,0j,0j,0j,0j,0j,0j,0j,0j,0j,0j,0j,0j,0j,0j,0j,0j,0j,0j,0j,0j,0j,0j,0j,0j,0j,0j,0j,0j,0j,0j,0j,0j,0j,0j,0j,0j,0j,0j,0j,0j,0j,0j,0j,0j,0j,0j,0j,0j,0j,0j,0j,0j,0j,0j,0j,0j,0j,0j,0j,0j,0j,0j,0j,0j,0j
11,0j,0j,0j,0j,0j,0j,(-0.0018413343021903127-0.021362694628496662j),(-0.0024551073567583865-0.015490389209616946j),(-0.0073808255588338955+0.09698501268163078j),(0.0019401710487863177+0.02241355504320244j),(0.002586889414691741+0.016261998483766218j),(0.007807386011926306-0.10172272614653084j),(-9.883674659600491e-05-0.0011466789235897992j),(-0.00013178205793335412-0.0008314729547824173j),(-0.00039617834988466157+0.005205835306832803j),0j,0j,0j,0j,0j,0j,0j,0j,0j,0j,0j,0j,0j,0j,0j,0j,0j,0j,0j,0j,0j,0j,0j,0j,0j,0j,0j,0j,0j,0j,0j,0j,0j,0j,0j,0j,0j,0j,0j,0j,0j,0j,0j,0j,0j,0j,0j,0j,0j,0j,0j,0j,0j,0j,0j,0j,0j,0j,0j,0j,0j,0j,0j,0j,0j,0j,0j,0j,0j,0j,0j,0j,0j,0j,0j,0j,0j,0j,0j,0j
12,0j,0j,0j,0j,0j,0j,0j,0j,0j,(-0.0003980103710622298+0.005616214438696056j),(-4.429231000307875e-05-0.001609756284642899j),(-9.883674659600491e-05-0.0011466789235897992j),(0.0007400870179778475-0.009387517371925672j),(8.23600740403916e-05+0.0026902870320053823j),(0.00018378363573705116+0.0019354672833556189j),0j,(-0.0003420766469156176+0.0048269491029113015j),(-3.8067764037312855e-05-0.00138353186810775j),(-8.494688914104625e-05-0.000985532312194646j),0j,0j,0j,0j,0j,0j,0j,0j,0j,0j,0j,0j,0j,0j,0j,0j,0j,0j,0j,0j,0j,0j,0j,0j,0j,0j,0j,0j,0j,0j,0j,0j,0j,0j,0j,0j,0j,0j,0j,0j,0j,0j,0j,0j,0j,0j,0j,0j,0j,0j,0j,0j,0j,0j,0j,0j,0j,0j,0j,0j,0j,0j,0j,0j,0j,0j,0j,0j,0j,0j,0j,0j,0j,0j,0j,0j
13,0j,0j,0j,0j,0j,0j,0j,0j,0j,(-4.429231000307875e-05-0.001609756284642899j),(-0.00038540348295686795+0.005393223511192859j),(-0.00013178205793335412-0.0008314729547824173j),(8.23600740403916e-05+0.0026902870320053823j),(0.004107748770262202-0.03219606727772705j),(0.0002450443439918076+0.0014231782680770952j),(-0.003371641968585103+0.023243935382435393j),(-3.8067764037312855e-05-0.00138353186810775j),(-0.00033124144681866277+0.004635295833753222j),(-0.00011326228605845351-0.0007146232888703282j),0j,0j,0j,0j,0j,0j,0j,0j,0j,0j,0j,0j,0j,0j,0j,0j,0j,0j,0j,0j,0j,0j,0j,0j,0j,0j,0j,0j,0j,0j,0j,0j,0j,0j,0j,0j,0j,0j,0j,0j,0j,0j,0j,0j,0j,0j,0j,0j,0j,0j,0j,0j,0j,0j,0j,0j,0j,0j,0j,0j,0j,0j,0j,0j,0j,0j,0j,0j,0j,0j,0j,0j,0j,0j,0j,0j
14,0j,0j,0j,0j,0j,0j,0j,0j,0j,(-9.883674659600491e-05-0.0011466789235897992j),(-0.00013178205793335412-0.0008314729547824173j),(-0.00039617834988466157+0.005205835306832803j),(0.00018378363573705116+0.0019354672833556189j),(0.0002450443439918076+0.0014231782680770952j),(0.000736680435665532-0.008712879759592687j),0j,(-8.494688914104625e-05-0.000985532312194646j),(-0.00011326228605845351-0.0007146232888703282j),(-0.00034050208578087043+0.004474241918379232j),0j,0j,0j,0j,0j,0j,0j,0j,0j,0j,0j,0j,0j,0j,0j,0j,0j,0j,0j,0j,0j,0j,0j,0j,0j,0j,0j,0j,0j,0j,0j,0j,0j,0j,0j,0j,0j,0j,0j,0j,0j,0j,0j,0j,0j,0j,0j,0j,0j,0j,0j,0j,0j,0j,0j,0j,0j,0j,0j,0j,0j,0j,0j,0j,0j,0j,0j,0j,0j,0j,0j,0j,0j,0j,0j,0j
15,0j,0j,0j,0j,0j,0j,0j,0j,0j,0j,0j,0j,0j,(-0.003371641968585103+0.023243935382435393j),0j,(0.0033911038404866706-0.023176278693736903j),0j,0j,0j,0j,0j,0j,0j,0j,0j,0j,0j,0j,0j,0j,0j,0j,0j,0j,0j,0j,0j,0j,0j,0j,0j,0j,0j,0j,0j,0j,0j,0j,0j,0j,0j,0j,0j,0j,0j,0j,0j,0j,0j,0j,0j,0j,0j,0j,0j,0j,0j,0j,0j,0j,0j,0j,0j,0j,0j,0j,0j,0j,0j,0j,0j,0j,0j,0j,0j,0j,0j,0j,0j,0j,0j,0j,0j,0j,0j
16,0j,0j,0j,0j,0j,0j,0j,0j,0j,0j,0j,0j,(-0.0003420766469156176+0.0048269491029113015j),(-3.8067764037312855e-05-0.00138353186810775j),(-8.494688914104625e-05-0.000985532312194646j),0j,(0.0007735557676467196-0.009897633289020182j),(8.608462079477095e-05+0.0028365150409768777j),(0.0001920948320535668+0.0020389454570460203j),(-0.00043147912073110195+0.006088482723147454j),(-4.801685675745809e-05-0.0017451209234456986j),(-0.00010714794291252055-0.0012431033201244274j),0j,0j,0j,0j,0j,0j,0j,0j,0j,0j,0j,0j,0j,0j,0j,0j,0j,0j,0j,0j,0j,0j,0j,0j,0j,0j,0j,0j,0j,0j,0j,0j,0j,0j,0j,0j,0j,0j,0j,0j,0j,0j,0j,0j,0j,0j,0j,0j,0j,0j,0j,0j,0j,0j,0j,0j,0j,0j,0j,0j,0j,0j,0j,0j,0j,0j,0j,0j,0j,0j,0j,0j,0j
17,0j,0j,0j,0j,0j,0j,0j,0j,0j,0j,0j,0j,(-3.8067764037312855e-05-0.00138353186810775j),(-0.00033124144681866277+0.004635295833753222j),(-0.00011326228605845351-0.0007146232888703282j),0j,(8.608462079477095e-05+0.0028365150409768777j),(0.0007490535644002253-0.00950947112356545j),(0.000256125916303728+0.001497503874946543j),(-4.801685675745809e-05-0.0017451209234456986j),(-0.0004178121175815625+0.0058467404562982115j),(-0.0001428636302452745-0.0009013916358102025j),0j,0j,0j,0j,0j,0j,0j,0j,0j,0j,0j,0j,0j,0j,0j,0j,0j,0j,0j,0j,0j,0j,0j,0j,0j,0j,0j,0j,0j,0j,0j,0j,0j,0j,0j,0j,0j,0j,0j,0j,0j,0j,0j,0j,0j,0j,0j,0j,0j,0j,0j,0j,0j,0j,0j,0j,0j,0j,0j,0j,0j,0j,0j,0j,0j,0j,0j,0j,0j,0j,0j,0j,0j
18,0j,0j,0j,0j,0j,0j,0j,0j,0j,0j,0j,0j,(-8.494688914104625e-05-0.000985532312194646j),(-0.00011326228605845351-0.0007146232888703282j),(-0.00034050208578087043+0.004474241918379232j),0j,(0.0001920948320535668+0.0020389454570460203j),(0.000256125916303728+0.001497503874946543j),(0.0007699951304086082-0.009185315722407012j),(-0.00010714794291252055-0.0012431033201244274j),(-0.0001428636302452745-0.0009013916358102025j),(-0.00042949304462773773+0.0056435947507306175j),0j,0j,0j,0j,0j,0j,0j,0j,0j,0j,0j,0j,0j,0j,0j,0j,0j,0j,0j,0j,0j,0j,0j,0j,0j,0j,0j,0j,0j,0j,0j,0j,0j,0j,0j,0j,0j,0j,0j,0j,0j,0j,0j,0j,0j,0j,0j,0j,0j,0j,0j,0j,0j,0j,0j,0j,0j,0j,0j,0j,0j,0j,0j,0j,0j,0j,0j,0j,0j,0j,0j,0j,0j
19,0j,0j,0j,0j,0j,0j,0j,0j,0j,0j,0j,0j,0j,0j,0j,0j,(-0.00043147912073110195+0.006088482723147454j),(-4.801685675745809e-05-0.0017451209234456986j),(-0.00010714794291252055-0.0012431033201244274j),(0.004741303881094741-0.3285161520261261j),(4.801685675745809e-05+0.0016159337253995665j),(0.00010714794291252055+0.0011592198021879725j),(-0.003963057250909095+0.2968990390472719j),0j,0j,0j,0j,0j,0j,0j,0j,0j,0j,0j,0j,0j,0j,0j,0j,0j,0j,0j,0j,0j,0j,0j,0j,0j,0j,0j,0j,0j,0j,0j,0j,0j,0j,0j,0j,0j,0j,0j,0j,0j,0j,0j,0j,0j,0j,0j,0j,0j,0j,0j,0j,0j,0j,0j,0j,0j,0j,0j,0j,0j,0j,0j,0j,0j,0j,0j,0j,0j,0j,0j,0j
20,0j,0j,0j,0j,0j,0j,0j,0j,0j,0j,0j,0j,0j,0j,0j,0j,(-4.801685675745809e-05-0.0017451209234456986j),(-0.0004178121175815625+0.0058467404562982115j),(-0.0001428636302452745-0.0009013916358102025j),(4.801685675745809e-05+0.0016159337253995665j),(0.004727636877945202-0.3282944125572321j),(0.0001428636302452745+0.0008489844737011521j),0j,(-0.004204707083281599+0.31500263898917863j),0j,0j,0j,0j,0j,0j,0j,0j,0j,0j,0j,0j,0j,0j,0j,0j,0j,0j,0j,0j,0j,0j,0j,0j,0j,0j,0j,0j,0j,0j,0j,0j,0j,0j,0j,0j,0j,0j,0j,0j,0j,0j,0j,0j,0j,0j,0j,0j,0j,0j,0j,0j,0j,0j,0j,0j,0j,0j,0j,0j,0j,0j,0j,0j,0j,0j,0j,0j,0j,0j,0j
21,0j,0j,0j,0j,0j,0j,0j,0j,0j,0j,0j,0j,0j,0j,0j,0j,(-0.00010714794291252055-0.0012431033201244274j),(-0.0001428636302452745-0.0009013916358102025j),(-0.00042949304462773773+0.0056435947507306175j),(0.00010714794291252055+0.0011592198021879725j),(0.0001428636302452745+0.0008489844737011521j),(0.004739317804991377-0.328108974938146j),0j,0j,(-0.00417922401004959+0.31309353208621393j),0j,0j,0j,0j,0j,0j,0j,0j,0j,0j,0j,0j,0j,0j,0j,0j,0j,0j,0j,0j,0j,0j,0j,0j,0j,0j,0j,0j,0j,0j,0j,0j,0j,0j,0j,0j,0j,0j,0j,0j,0j,0j,0j,0j,0j,0j,0j,0j,0j,0j,0j,0j,0j,0j,0j,0j,0j,0j,0j,0j,0j,0j,0j,0j,0j,0j,0j,0j,0j,0j
22,0j,0j,0j,0j,0j,0j,0j,0j,0j,0j,0j,0j,0j,0j,0j,0j,0j,0j,0j,(-0.003963057250909095+0.2968990390472719j),0j,0j,(1.5417673429417125-17.84859538957833j),(-0.1444577603570008+5.381146429255582j),(0.07306860952355065+3.9668585313148554j),(-1.5381231523661638+17.575584875883056j),(0.1444577603570008-5.381146470016099j),(-0.07306860952355065-3.966858557994776j),0j,0j,0j,0j,0j,0j,0j,0j,0j,0j,0j,0j,0j,0j,0j,0j,0j,0j,0j,0j,0j,0j,0j,0j,0j,0j,0j,0j,0j,0j,0j,0j,0j,0j,0j,0j,0j,0j,0j,0j,0j,0j,0j,0j,0j,0j,0j,0j,0j,0j,0j,0j,0j,0j,0j,0j,0j,0j,0j,0j,0j,0j,0j,0j,0j,0j,0j
23,0j,0j,0j,0j,0j,0j,0j,0j,0j,0j,0j,0j,0j,0j,0j,0j,0j,0j,0j,0j,(-0.004204707083281599+0.31500263898917863j),0j,(-0.1444577603570008+5.381146429255582j),(1.4778426370726037-17.230284027519915j),(0.22488733557826524+2.9539566940146997j),(0.1444577603570008-5.381146470016099j),(-1.4737404838206216+16.9229644705418j),(-0.22488733557826524-2.953956710901767j),0j,0j,0j,0j,0j,0j,0j,0j,0j,0j,0j,0j,0j,0j,0j,0j,0j,0j,0j,0j,0j,0j,0j,0j,0j,0j,0j,0j,0j,0j,0j,0j,0j,0j,0j,0j,0j,0j,0j,0j,0j,0j,0j,0j,0j,0j,0j,0j,0j,0j,0j,0j,0j,0j,0j,0j,0j,0j,0j,0j,0j,0j,0j,0j,0j,0j,0j
24,0j,0j,0j,0j,0j,0j,0j,0j,0j,0j,0j,0j,0j,0j,0j,0j,0j,0j,0j,0j,0j,(-0.00417922401004959+0.31309353208621393j),(0.07306860952355065+3.9668585313148554j),(0.22488733557826524+2.9539566940146997j),(1.4454380172949552-16.557777394145536j),(-0.07306860952355065-3.966858557994776j),(-0.22488733557826524-2.953956710901767j),(-1.4413854364367253+16.25417163027158j),0j,0j,0j,0j,0j,0j,0j,0j,0j,0j,0j,0j,0j,0j,0j,0j,0j,0j,0j,0j,0j,0j,0j,0j,0j,0j,0j,0j,0j,0j,0j,0j,0j,0j,0j,0j,0j,0j,0j,0j,0j,0j,0j,0j,0j,0j,0j,0j,0j,0j,0j,0j,0j,0j,0j,0j,0j,0j,0j,0j,0j,0j,0j,0j,0j,0j,0j
25,0j,0j,0j,0j,0j,0j,0j,0j,0j,0j,0j,0j,0j,0j,0j,0j,0j,0j,0j,0j,0j,0j,(-1.5381231523661638+17.575584875883056j),(0.1444577603570008-5.381146470016099j),(-0.07306860952355065-3.966858557994776j),(1.5877400282489433-18.142534576818147j),(-0.14911768811045245+5.554730535680076j),(0.07542566144366518+4.0948208835274675j),(-0.049616875882779486+0.5669543508349373j),0j,(0.00465992775345163-0.17358537000051935j),(-0.002357051920114525-0.12796317929015408j),0j,0j,0j,0j,0j,0j,0j,0j,0j,0j,0j,0j,0j,0j,0j,0j,0j,0j,0j,0j,0j,0j,0j,0j,0j,0j,0j,0j,0j,0j,0j,0j,0j,0j,0j,0j,0j,0j,0j,0j,0j,0j,0j,0j,0j,0j,0j,0j,0j,0j,0j,0j,0j,0j,0j,0j,0j,0j,0j,0j,0j,0j,0j
26,0j,0j,0j,0j,0j,0j,0j,0j,0j,0j,0j,0j,0j,0j,0j,0j,0j,0j,0j,0j,0j,0j,(0.1444577603570008-5.381146470016099j),(-1.4737404838206216+16.9229644705418j),(-0.22488733557826524-2.953956710901767j),(-0.14911768811045245+5.554730535680076j),(1.5212804994277385-17.468862095751238j),(0.23214176575820927+3.0492450966737317j),(0.00465992775345163-0.17358537000051935j),0j,(-0.04754001560711681+0.5459020796948968j),(-0.0072544301799440485-0.09528892615812151j),0j,0j,0j,0j,0j,0j,0j,0j,0j,0j,0j,0j,0j,0j,0j,0j,0j,0j,0j,0j,0j,0j,0j,0j,0j,0j,0j,0j,0j,0j,0j,0j,0j,0j,0j,0j,0j,0j,0j,0j,0j,0j,0j,0j,0j,0j,0j,0j,0j,0j,0j,0j,0j,0j,0j,0j,0j,0j,0j,0j,0j,0j,0j
27,0j,0j,0j,0j,0j,0j,0j,0j,0j,0j,0j,0j,0j,0j,0j,0j,0j,0j,0j,0j,0j,0j,(-0.07306860952355065-3.966858557994776j),(-0.22488733557826524-2.953956710901767j),(-1.4413854364367253+16.25417163027158j),(0.07542566144366518+4.0948208835274675j),(0.23214176575820927+3.0492450966737317j),(1.48788174083791-16.77849546551375j),(-0.002357051920114525-0.12796317929015408j),0j,(-0.0072544301799440485-0.09528892615812151j),(-0.04649630440118468+0.5243281171055348j),0j,0j,0j,0j,0j,0j,0j,0j,0j,0j,0j,0j,0j,0j,0j,0j,0j,0j,0j,0j,0j,0j,0j,0j,0j,0j,0j,0j,0j,0j,0j,0j,0j,0j,0j,0j,0j,0j,0j,0j,0j,0j,0j,0j,0j,0j,0j,0j,0j,0j,0j,0j,0j,0j,0j,0j,0j,0j,0j,0j,0j,0j,0j
28,0j,0j,0j,0j,0j,0j,0j,0j,0j,0j,0j,0j,0j,0j,0j,0j,0j,0j,0j,0j,0j,0j,0j,0j,0j,(-0.049616875882779486+0.5669543508349373j),(0.00465992775345163-0.17358537000051935j),(-0.002357051920114525-0.12796317929015408j),(0.06256722829837542-0.6628885231687597j),(-0.011443865488694702+0.07889345085359943j),(-0.004801414296406577+0.1788129566066046j),(0.0024286176493246627+0.13182037994501006j),(-0.0015064869269012379+0.01721408900674148j),(0.0001414865429549467-0.005270466669947207j),(-7.156572921013753e-05-0.0038852679314346464j),0j,0j,0j,0j,0j,0j,0j,0j,0j,0j,0j,0j,0j,0j,0j,0j,0j,0j,0j,0j,0j,0j,0j,0j,0j,0j,0j,0j,0j,0j,0j,0j,0j,0j,0j,0j,0j,0j,0j,0j,0j,0j,0j,0j,0j,0j,0j,0j,0j,0j,0j,0j,0j,0j,0j,0j,0j,0j,0j,0j
29,0j,0j,0j,0j,0j,0j,0j,0j,0j,0j,0j,0j,0j,0j,0j,0j,0j,0j,0j,0j,0j,0j,0j,0j,0j,0j,0j,0j,(-0.011443865488694702+0.07889345085359943j),(0.011891639619355066-0.0811015793785105j),0j,0j,0j,0j,0j,(-0.00040641765286953134+0.002801823488258671j),0j,0j,0j,0j,0j,0j,0j,0j,0j,0j,0j,0j,0j,0j,0j,0j,0j,0j,0j,0j,0j,0j,0j,0j,0j,0j,0j,0j,0j,0j,0j,0j,0j,0j,0j,0j,0j,0j,0j,0j,0j,0j,0j,0j,0j,0j,0j,0j,0j,0j,0j,0j,0j,0j,0j,0j,0j,0j,0j
30,0j,0j,0j,0j,0j,0j,0j,0j,0j,0j,0j,0j,0j,0j,0j,0j,0j,0j,0j,0j,0j,0j,0j,0j,0j,(0.00465992775345163-0.17358537000051935j),(-0.04754001560711681+0.5459020796948968j),(-0.0072544301799440485-0.09528892615812151j),(-0.004801414296406577+0.1788129566066046j),0j,(0.04898547635367945-0.5623307508981032j),(0.007472659756005202+0.09816458115293371j),(0.0001414865429549467-0.005270466669947207j),(-0.0014434284856225479+0.01657489174391949j),(-0.00022026183700123896-0.002893199520961574j),0j,0j,0j,0j,0j,0j,0j,0j,0j,0j,0j,0j,0j,0j,0j,0j,0j,0j,0j,0j,0j,0j,0j,0j,0j,0j,0j,0j,0j,0j,0j,0j,0j,0j,0j,0j,0j,0j,0j,0j,0j,0j,0j,0j,0j,0j,0j,0j,0j,0j,0j,0j,0j,0j,0j,0j,0j,0j,0j,0j
31,0j,0j,0j,0j,0j,0j,0j,0j,0j,0j,0j,0j,0j,0j,0j,0j,0j,0j,0j,0j,0j,0j,0j,0j,0j,(-0.002357051920114525-0.12796317929015408j),(-0.0072544301799440485-0.09528892615812151j),(-0.04649630440118468+0.5243281171055348j),(0.0024286176493246627+0.13182037994501006j),0j,(0.007472659756005202+0.09816458115293371j),(0.047910075581259655-0.5401074261981029j),(-7.156572921013753e-05-0.0038852679314346464j),(-0.00022026183700123896-0.002893199520961574j),(-0.0014117389191348922+0.01591985468195061j),0j,0j,0j,0j,0j,0j,0j,0j,0j,0j,0j,0j,0j,0j,0j,0j,0j,0j,0j,0j,0j,0j,0j,0j,0j,0j,0j,0j,0j,0j,0j,0j,0j,0j,0j,0j,0j,0j,0j,0j,0j,0j,0j,0j,0j,0j,0j,0j,0j,0j,0j,0j,0j,0j,0j,0j,0j,0j,0j,0j
32,0j,0j,0j,0j,0j,0j,0j,0j,0j,0j,0j,0j,0j,0j,0j,0j,0j,0j,0j,0j,0j,0j,0j,0j,0j,0j,0j,0j,(-0.0015064869269012379+0.01721408900674148j),0j,(0.0001414865429549467-0.005270466669947207j),(-7.156572921013753e-05-0.0038852679314346464j),(0.019817476836022228-0.22628667543698924j),(-0.001861221785300187+0.069286693798877j),(0.0009414301283000217+0.05108029326185369j),0j,0j,0j,(-0.01831098990912099+0.20923315328432204j),(0.0017197352423452402-0.06406126750019166j),(-0.0008698643990898841-0.04722450664279494j),0j,0j,0j,0j,0j,0j,0j,0j,0j,0j,0j,0j,0j,0j,0j,0j,0j,0j,0j,0j,0j,0j,0j,0j,0j,0j,0j,0j,0j,0j,0j,0j,0j,0j,0j,0j,0j,0j,0j,0j,0j,0j,0j,0j,0j,0j,0j,0j,0j,0j,0j,0j,0j,0j
33,0j,0j,0j,0j,0j,0j,0j,0j,0j,0j,0j,0j,0j,0j,0j,0j,0j,0j,0j,0j,0j,0j,0j,0j,0j,0j,0j,0j,(0.0001414865429549467-0.005270466669947207j),0j,(-0.0014434284856225479+0.01657489174391949j),(-0.00022026183700123896-0.002893199520961574j),(-0.001861221785300187+0.069286693798877j),(0.025497064132793797-0.2623776808253802j),(0.002895459761516696+0.03804091130049848j),0j,0j,(-0.006458419137184138+0.044524026719358095j),(0.0017197352423452402-0.06406126750019166j),(-0.01754452956929311+0.20146386274454534j),(-0.0026772301854555425-0.035166151320259145j),0j,0j,0j,0j,0j,0j,0j,0j,0j,0j,0j,0j,0j,0j,0j,0j,0j,0j,0j,0j,0j,0j,0j,0j,0j,0j,0j,0j,0j,0j,0j,0j,0j,0j,0j,0j,0j,0j,0j,0j,0j,0j,0j,0j,0j,0j,0j,0j,0j,0j,0j,0j,0j,0j
34,0j,0j,0j,0j,0j,0j,0j,0j,0j,0j,0j,0j,0j,0j,0j,0j,0j,0j,0j,0j,0j,0j,0j,0j,0j,0j,0j,0j,(-7.156572921013753e-05-0.0038852679314346464j),0j,(-0.00022026183700123896-0.002893199520961574j),(-0.0014117389191348922+0.01591985468195061j),(0.0009414301283000217+0.05108029326185369j),(0.002895459761516696+0.03804091130049848j),(0.018577987081820905-0.2092747430866326j),0j,0j,0j,(-0.0008698643990898841-0.04722450664279494j),(-0.0026772301854555425-0.035166151320259145j),(-0.017159350433770537+0.1935020432175188j),0j,0j,0j,0j,0j,0j,0j,0j,0j,0j,0j,0j,0j,0j,0j,0j,0j,0j,0j,0j,0j,0j,0j,0j,0j,0j,0j,0j,0j,0j,0j,0j,0j,0j,0j,0j,0j,0j,0j,0j,0j,0j,0j,0j,0j,0j,0j,0j,0j,0j,0j,0j,0j,0j
35,0j,0j,0j,0j,0j,0j,0j,0j,0j,0j,0j,0j,0j,0j,0j,0j,0j,0j,0j,0j,0j,0j,0j,0j,0j,0j,0j,0j,0j,(-0.00040641765286953134+0.002801823488258671j),0j,0j,0j,0j,0j,(0.002036169671427885-0.011898618089174133j),(-0.0014242365346192097+0.009818617245971982j),0j,0j,0j,0j,0j,0j,0j,0j,0j,0j,0j,0j,0j,0j,0j,0j,0j,0j,0j,0j,0j,0j,0j,0j,0j,0j,0j,0j,0j,0j,0j,0j,0j,0j,0j,0j,0j,0j,0j,0j,0j,0j,0j,0j,0j,0j,0j,0j,0j,0j,0j,0j,0j,0j,0j,0j,0j,0j
36,0j,0j,0j,0j,0j,0j,0j,0j,0j,0j,0j,0j,0j,0j,0j,0j,0j,0j,0j,0j,0j,0j,0j,0j,0j,0j,0j,0j,0j,0j,0j,0j,0j,0j,0j,(-0.0014242365346192097+0.009818617245971982j),(0.0015883955407675222-0.009669987495198097j),0j,0j,0j,0j,0j,0j,0j,0j,0j,0j,0j,0j,0j,0j,0j,0j,0j,0j,0j,0j,0j,0j,0j,0j,0j,0j,0j,0j,0j,0j,0j,0j,0j,0j,0j,0j,0j,0j,0j,0j,0j,0j,0j,0j,0j,0j,0j,0j,0j,0j,0j,0j,0j,0j,0j,0j,0j,0j
37,0j,0j,0j,0j,0j,0j,0j,0j,0j,0j,0j,0j,0j,0j,0j,0j,0j,0j,0j,0j,0j,0j,0j,0j,0j,0j,0j,0j,0j,0j,0j,0j,0j,(-0.006458419137184138+0.044524026719358095j),0j,0j,0j,(0.0065070738169380575-0.0444925246191708j),0j,0j,0j,0j,0j,0j,0j,0j,0j,0j,0j,0j,0j,0j,0j,0j,0j,0j,0j,0j,0j,0j,0j,0j,0j,0j,0j,0j,0j,0j,0j,0j,0j,0j,0j,0j,0j,0j,0j,0j,0j,0j,0j,0j,0j,0j,0j,0j,0j,0j,0j,0j,0j,0j,0j,0j,0j
38,0j,0j,0j,0j,0j,0j,0j,0j,0j,0j,0j,0j,0j,0j,0j,0j,0j,0j,0j,0j,0j,0j,0j,0j,0j,0j,0j,0j,0j,0j,0j,0j,(-0.01831098990912099+0.20923315328432204j),(0.0017197352423452402-0.06406126750019166j),(-0.0008698643990898841-0.04722450664279494j),0j,0j,0j,(0.019072024375849386-0.2175234545066729j),(-0.0017904092934005241+0.0666071839488352j),(0.0009056122511072765+0.04910846492124463j),(-0.0007525064346214106+0.008598622737711866j),(7.067405105528382e-05-0.002632654828775j),(-3.574785201739249e-05-0.0019407331497039023j),0j,0j,0j,0j,0j,0j,0j,0j,0j,0j,0j,0j,0j,0j,0j,0j,0j,0j,0j,0j,0j,0j,0j,0j,0j,0j,0j,0j,0j,0j,0j,0j,0j,0j,0j,0j,0j,0j,0j,0j,0j,0j,0j,0j,0j,0j,0j,0j,0j,0j,0j
39,0j,0j,0j,0j,0j,0j,0j,0j,0j,0j,0j,0j,0j,0j,0j,0j,0j,0j,0j,0j,0j,0j,0j,0j,0j,0j,0j,0j,0j,0j,0j,0j,(0.0017197352423452402-0.06406126750019166j),(-0.01754452956929311+0.20146386274454534j),(-0.0026772301854555425-0.035166151320259145j),0j,0j,0j,(-0.0017904092934005241+0.0666071839488352j),(0.018265537633784606-0.2094469762866055j),(0.0027872533437619347+0.03657539994163772j),(7.067405105528382e-05-0.002632654828775j),(-0.0007210080644914975+0.008279336825118298j),(-0.00011002315830639208-0.0014451843008325676j),0j,0j,0j,0j,0j,0j,0j,0j,0j,0j,0j,0j,0j,0j,0j,0j,0j,0j,0j,0j,0j,0j,0j,0j,0j,0j,0j,0j,0j,0j,0j,0j,0j,0j,0j,0j,0j,0j,0j,0j,0j,0j,0j,0j,0j,0j,0j,0j,0j,0j,0j
40,0j,0j,0j,0j,0j,0j,0j,0j,0j,0j,0j,0j,0j,0j,0j,0j,0j,0j,0j,0j,0j,0j,0j,0j,0j,0j,0j,0j,0j,0j,0j,0j,(-0.0008698643990898841-0.04722450664279494j),(-0.0026772301854555425-0.035166151320259145j),(-0.017159350433770537+0.1935020432175188j),0j,0j,0j,(0.0009056122511072765+0.04910846492124463j),(0.0027872533437619347+0.03657539994163772j),(0.017869394686695402-0.20116992067880113j),(-3.574785201739249e-05-0.0019407331497039023j),(-0.00011002315830639208-0.0014451843008325676j),(-0.0007051787849494744+0.007952138762363788j),0j,0j,0j,0j,0j,0j,0j,0j,0j,0j,0j,0j,0j,0j,0j,0j,0j,0j,0j,0j,0j,0j,0j,0j,0j,0j,0j,0j,0j,0j,0j,0j,0j,0j,0j,0j,0j,0j,0j,0j,0j,0j,0j,0j,0j,0j,0j,0j,0j,0j,0j
41,0j,0j,0j,0j,0j,0j,0j,0j,0j,0j,0j,0j,0j,0j,0j,0j,0j,0j,0j,0j,0j,0j,0j,0j,0j,0j,0j,0j,0j,0j,0j,0j,0j,0j,0j,0j,0j,0j,(-0.0007525064346214106+0.008598622737711866j),(7.067405105528382e-05-0.002632654828775j),(-3.574785201739249e-05-0.0019407331497039023j),(0.03036875755659467-0.34628997900593605j),(-0.002856816992882946+0.10603161109918205j),(0.0014205908103771226+0.07817276022349834j),(-0.029579291391656996+0.33799201684390495j),(0.0027780338530192378-0.10348358596184808j),(-0.001405165567760584-0.07628574149989954j),0j,0j,0j,0j,0j,0j,0j,0j,0j,0j,0j,0j,0j,0j,0j,0j,0j,0j,0j,0j,0j,0j,0j,0j,0j,0j,0j,0j,0j,0j,0j,0j,0j,0j,0j,0j,0j,0j,0j,0j,0j,0j,0j,0j,0j,0j,0j,0j
42,0j,0j,0j,0j,0j,0j,0j,0j,0j,0j,0j,0j,0j,0j,0j,0j,0j,0j,0j,0j,0j,0j,0j,0j,0j,0j,0j,0j,0j,0j,0j,0j,0j,0j,0j,0j,0j,0j,(7.067405105528382e-05-0.002632654828775j),(-0.0007210080644914975+0.008279336825118298j),(-0.00011002315830639208-0.0014451843008325676j),(-0.002856816992882946+0.10603161109918205j),(0.029078389392504914-0.33343080116531015j),(0.004426670522926144+0.05821745318471686j),(0.0027780338530192378-0.10348358596184808j),(-0.028341163150396566+0.3254416244334963j),(-0.004324756453428176-0.05680685982503399j),0j,0j,0j,0j,0j,0j,0j,0j,0j,0j,0j,0j,0j,0j,0j,0j,0j,0j,0j,0j,0j,0j,0j,0j,0j,0j,0j,0j,0j,0j,0j,0j,0j,0j,0j,0j,0j,0j,0j,0j,0j,0j,0j,0j,0j,0j,0j,0j
43,0j,0j,0j,0j,0j,0j,0j,0j,0j,0j,0j,0j,0j,0j,0j,0j,0j,0j,0j,0j,0j,0j,0j,0j,0j,0j,0j,0j,0j,0j,0j,0j,0j,0j,0j,0j,0j,0j,(-3.574785201739249e-05-0.0019407331497039023j),(-0.00011002315830639208-0.0014451843008325676j),(-0.0007051787849494744+0.007952138762363788j),(0.0014205908103771226+0.07817276022349834j),(0.004426670522926144+0.05821745318471686j),(0.028452561183865-0.3202549114108053j),(-0.001405165567760584-0.07628574149989954j),(-0.004324756453428176-0.05680685982503399j),(-0.02771895070070625+0.3125802236590688j),0j,0j,0j,0j,0j,0j,0j,0j,0j,0j,0j,0j,0j,0j,0j,0j,0j,0j,0j,0j,0j,0j,0j,0j,0j,0j,0j,0j,0j,0j,0j,0j,0j,0j,0j,0j,0j,0j,0j,0j,0j,0j,0j,0j,0j,0j,0j,0j
44,0j,0j,0j,0j,0j,0j,0j,0j,0j,0j,0j,0j,0j,0j,0j,0j,0j,0j,0j,0j,0j,0j,0j,0j,0j,0j,0j,0j,0j,0j,0j,0j,0j,0j,0j,0j,0j,0j,0j,0j,0j,(-0.029579291391656996+0.33799201684390495j),(0.0027780338530192378-0.10348358596184808j),(-0.001405165567760584-0.07628574149989954j),(0.029996919182144685-0.34222137021149235j),(-0.002817256704052906+0.10479242239808198j),(0.0014250049947286945+0.07726316464283088j),0j,0j,0j,0j,0j,0j,0j,0j,0j,0j,0j,0j,0j,0j,0j,0j,0j,0j,0j,0j,0j,0j,0j,0j,0j,0j,0j,0j,0j,0j,0j,0j,0j,0j,0j,0j,0j,0j,0j,0j,(-0.00041762779048769034+0.0047720838652954255j),(3.922285103366827e-05-0.0014610769671507188j),(-1.9839426968110388e-05-0.001077072646753944j),0j,0j,0j,0j,0j
45,0j,0j,0j,0j,0j,0j,0j,0j,0j,0j,0j,0j,0j,0j,0j,0j,0j,0j,0j,0j,0j,0j,0j,0j,0j,0j,0j,0j,0j,0j,0j,0j,0j,0j,0j,0j,0j,0j,0j,0j,0j,(0.0027780338530192378-0.10348358596184808j),(-0.028341163150396566+0.3254416244334963j),(-0.004324756453428176-0.05680685982503399j),(-0.002817256704052906+0.10479242239808198j),(0.02958496705325349-0.33501994450937284j),(0.004385817364527352+0.05754583840964947j),0j,0j,0j,0j,0j,0j,0j,0j,0j,0j,0j,0j,0j,0j,0j,0j,0j,0j,0j,0j,0j,0j,0j,0j,0j,0j,0j,0j,0j,0j,0j,0j,0j,0j,0j,0j,0j,0j,0j,(-0.0008387916839120421+0.005782588982411275j),(3.922285103366827e-05-0.0014610769671507188j),(-0.00040014675096948705+0.004594885818773229j),(-6.106091109917602e-05-0.0008020517814015117j),0j,0j,0j,0j,0j
46,0j,0j,0j,0j,0j,0j,0j,0j,0j,0j,0j,0j,0j,0j,0j,0j,0j,0j,0j,0j,0j,0j,0j,0j,0j,0j,0j,0j,0j,0j,0j,0j,0j,0j,0j,0j,0j,0j,0j,0j,0j,(-0.001405165567760584-0.07628574149989954j),(-0.004324756453428176-0.05680685982503399j),(-0.02771895070070625+0.3125802236590688j),(0.0014250049947286945+0.07726316464283088j),(0.004385817364527352+0.05754583840964947j),(0.028110312480895423-0.3164937465878903j),0j,0j,0j,0j,0j,0j,0j,0j,0j,0j,0j,0j,0j,0j,0j,0j,0j,0j,0j,0j,0j,0j,0j,0j,0j,0j,0j,0j,0j,0j,0j,0j,0j,0j,0j,0j,0j,0j,0j,0j,(-1.9839426968110388e-05-0.001077072646753944j),(-6.106091109917602e-05-0.0008020517814015117j),(-0.00039136178018917337+0.0044132966685505245j),0j,0j,0j,0j,0j
47,0j,0j,0j,0j,0j,0j,0j,0j,0j,0j,0j,0j,0j,0j,0j,0j,0j,0j,0j,0j,0j,0j,0j,0j,0j,0j,0j,0j,0j,0j,0j,0j,0j,0j,0j,0j,0j,0j,0j,0j,0j,0j,0j,0j,0j,0j,0j,(1.541275269492515-17.612041797585306j),(-0.14475257211283143+5.392108388173724j),(0.0732177291348232+3.974941087863905j),(-0.0031390268415635975+0.03586854056302663j),(0.000294811755830613-0.010981931571461425j),(-0.00014911961127255164-0.008095629710193416j),0j,0j,0j,0j,0j,0j,0j,0j,0j,0j,0j,0j,0j,0j,0j,0j,0j,0j,0j,0j,0j,0j,0j,0j,0j,0j,0j,(-1.5381231523661638+17.575584875883056j),(0.1444577603570008-5.381146470016099j),(-0.07306860952355065-3.966858557994776j),(-6.13378938540155e-05+0.003947061186403856j),0j,0j,0j,0j,0j,0j,0j,0j,0j,0j,0j
48,0j,0j,0j,0j,0j,0j,0j,0j,0j,0j,0j,0j,0j,0j,0j,0j,0j,0j,0j,0j,0j,0j,0j,0j,0j,0j,0j,0j,0j,0j,0j,0j,0j,0j,0j,0j,0j,0j,0j,0j,0j,0j,0j,0j,0j,0j,0j,(-0.14475257211283143+5.392108388173724j),(1.4767591759859542-16.958092293749946j),(0.22534628932434334+2.9599769024351406j),(0.000294811755830613-0.010981931571461425j),(-0.0030076336404502475+0.03453666218477919j),(-0.0004589537460780921-0.006028483083472995j),0j,0j,0j,0j,0j,0j,0j,0j,0j,0j,0j,0j,0j,0j,0j,0j,0j,0j,0j,0j,0j,0j,0j,0j,0j,0j,0j,(0.1444577603570008-5.381146470016099j),(-1.4737404838206216+16.9229644705418j),(-0.22488733557826524-2.953956710901767j),0j,(-6.13378938540155e-05+0.003947061186403856j),0j,0j,0j,0j,0j,0j,0j,0j,0j,0j
49,0j,0j,0j,0j,0j,0j,0j,0j,0j,0j,0j,0j,0j,0j,0j,0j,0j,0j,0j,0j,0j,0j,0j,0j,0j,0j,0j,0j,0j,0j,0j,0j,0j,0j,0j,0j,0j,0j,0j,0j,0j,0j,0j,0j,0j,0j,0j,(0.0732177291348232+3.974941087863905j),(0.22534628932434334+2.9599769024351406j),(1.4443397197108727-16.28793737967292j),(-0.00014911961127255164-0.008095629710193416j),(-0.0004589537460780921-0.006028483083472995j),(-0.0029416029315035216+0.03317177883728893j),0j,0j,0j,0j,0j,0j,0j,0j,0j,0j,0j,0j,0j,0j,0j,0j,0j,0j,0j,0j,0j,0j,0j,0j,0j,0j,0j,(-0.07306860952355065-3.966858557994776j),(-0.22488733557826524-2.953956710901767j),(-1.4413854364367253+16.25417163027158j),0j,0j,(-6.13378938540155e-05+0.003947061186403856j),0j,0j,0j,0j,0j,0j,0j,0j,0j
50,0j,0j,0j,0j,0j,0j,0j,0j,0j,0j,0j,0j,0j,0j,0j,0j,0j,0j,0j,0j,0j,0j,0j,0j,0j,0j,0j,0j,0j,0j,0j,0j,0j,0j,0j,0j,0j,0j,0j,0j,0j,0j,0j,0j,0j,0j,0j,(-0.0031390268415635975+0.03586854056302663j),(0.000294811755830613-0.010981931571461425j),(-0.00014911961127255164-0.008095629710193416j),(0.01786911771835389-0.1491176345066289j),(-0.0005442170390416989+0.020168453268263383j),(0.0002691839817268961+0.014871730867408391j),(-0.0026382901412798695+0.03014680081626596j),(0.00024778346544940093-0.00923009686109108j),(-0.00012533209180711922-0.006804217080608533j),0j,0j,0j,0j,0j,0j,0j,0j,0j,0j,0j,0j,0j,0j,0j,0j,0j,0j,0j,0j,0j,0j,0j,0j,0j,0j,0j,0j,0j,0j,0j,0j,0j,0j,(-0.012079635793622184+0.08327642034546606j),0j,0j,0j,0j
51,0j,0j,0j,0j,0j,0j,0j,0j,0j,0j,0j,0j,0j,0j,0j,0j,0j,0j,0j,0j,0j,0j,0j,0j,0j,0j,0j,0j,0j,0j,0j,0j,0j,0j,0j,0j,0j,0j,0j,0j,0j,0j,0j,0j,0j,0j,0j,(0.000294811755830613-0.010981931571461425j),(-0.0030076336404502475+0.03453666218477919j),(-0.0004589537460780921-0.006028483083472995j),(-0.0005442170390416989+0.020168453268263383j),(0.005544001699581782-0.06341551416877195j),(0.0008386167315974679+0.011077776209129614j),(0.00024778346544940093-0.00923009686109108j),(-0.002527856747548236+0.029027383311392457j),(-0.00038574157046014624-0.005066821116469585j),0j,0j,0j,0j,0j,0j,0j,0j,0j,0j,0j,0j,0j,0j,0j,0j,0j,0j,0j,0j,0j,0j,0j,0j,0j,0j,0j,0j,0j,0j,0j,0j,0j,0j,0j,0j,0j,0j,0j
52,0j,0j,0j,0j,0j,0j,0j,0j,0j,0j,0j,0j,0j,0j,0j,0j,0j,0j,0j,0j,0j,0j,0j,0j,0j,0j,0j,0j,0j,0j,0j,0j,0j,0j,0j,0j,0j,0j,0j,0j,0j,0j,0j,0j,0j,0j,0j,(-0.00014911961127255164-0.008095629710193416j),(-0.0004589537460780921-0.006028483083472995j),(-0.0029416029315035216+0.03317177883728893j),(0.0002691839817268961+0.014871730867408391j),(0.0008386167315974679+0.011077776209129614j),(0.00542774120361065-0.0609097731569004j),(-0.00012533209180711922-0.006804217080608533j),(-0.00038574157046014624-0.005066821116469585j),(-0.0024723592391710553+0.027880225780911795j),0j,0j,0j,0j,0j,0j,0j,0j,0j,0j,0j,0j,0j,0j,0j,0j,0j,0j,0j,0j,0j,0j,0j,0j,0j,0j,0j,0j,0j,0j,0j,0j,0j,0j,0j,0j,0j,0j,0j
53,0j,0j,0j,0j,0j,0j,0j,0j,0j,0j,0j,0j,0j,0j,0j,0j,0j,0j,0j,0j,0j,0j,0j,0j,0j,0j,0j,0j,0j,0j,0j,0j,0j,0j,0j,0j,0j,0j,0j,0j,0j,0j,0j,0j,0j,0j,0j,0j,0j,0j,(-0.0026382901412798695+0.03014680081626596j),(0.00024778346544940093-0.00923009686109108j),(-0.00012533209180711922-0.006804217080608533j),(0.06524370771856801-0.7447417099919461j),(-0.006130235708803454+0.2280209043739848j),(0.0030467833689982126+0.16809889545523085j),(-0.007614471051317643+0.08700784592021314j),(0.000715137427509904-0.026639338960475732j),(-0.00036172578972054744-0.019637913653439483j),(-0.05493296972736297+0.627699459852966j),(0.005159205727035725-0.1921838025005749j),(-0.002609593197269654-0.1416735199283848j),0j,0j,0j,0j,0j,0j,0j,0j,0j,0j,0j,0j,0j,0j,0j,0j,0j,0j,0j,0j,0j,0j,0j,0j,0j,0j,0j,0j,0j,0j,0j,0j,0j
54,0j,0j,0j,0j,0j,0j,0j,0j,0j,0j,0j,0j,0j,0j,0j,0j,0j,0j,0j,0j,0j,0j,0j,0j,0j,0j,0j,0j,0j,0j,0j,0j,0j,0j,0j,0j,0j,0j,0j,0j,0j,0j,0j,0j,0j,0j,0j,0j,0j,0j,(0.00024778346544940093-0.00923009686109108j),(-0.002527856747548236+0.029027383311392457j),(-0.00038574157046014624-0.005066821116469585j),(-0.006130235708803454+0.2280209043739848j),(0.06247948718739419-0.7170850521450026j),(0.009516548094554133+0.1251764901498795j),(0.000715137427509904-0.026639338960475732j),(-0.007295744969409015+0.08377705183436536j),(-0.0011133036414765608-0.014623548073771128j),(0.005159205727035725-0.1921838025005749j),(-0.05263358870787932+0.6043915882336357j),(-0.008031690556366622-0.1054984539607774j),0j,0j,0j,0j,0j,0j,0j,0j,0j,0j,0j,0j,0j,0j,0j,0j,0j,0j,0j,0j,0j,0j,0j,0j,0j,0j,0j,0j,0j,0j,0j,0j,0j
55,0j,0j,0j,0j,0j,0j,0j,0j,0j,0j,0j,0j,0j,0j,0j,0j,0j,0j,0j,0j,0j,0j,0j,0j,0j,0j,0j,0j,0j,0j,0j,0j,0j,0j,0j,0j,0j,0j,0j,0j,0j,0j,0j,0j,0j,0j,0j,0j,0j,0j,(-0.00012533209180711922-0.006804217080608533j),(-0.00038574157046014624-0.005066821116469585j),(-0.0024723592391710553+0.027880225780911795j),(0.0030467833689982126+0.16809889545523085j),(0.009516548094554133+0.1251764901498795j),(0.0611500373915395-0.6887500972847902j),(-0.00036172578972054744-0.019637913653439483j),(-0.0011133036414765608-0.014623548073771128j),(-0.00713557146750854+0.08046619618946325j),(-0.002609593197269654-0.1416735199283848j),(-0.008031690556366622-0.1054984539607774j),(-0.051478051301311605+0.5805061296525563j),0j,0j,0j,0j,0j,0j,0j,0j,0j,0j,0j,0j,0j,0j,0j,0j,0j,0j,0j,0j,0j,0j,0j,0j,0j,0j,0j,0j,0j,0j,0j,0j,0j
56,0j,0j,0j,0j,0j,0j,0j,0j,0j,0j,0j,0j,0j,0j,0j,0j,0j,0j,0j,0j,0j,0j,0j,0j,0j,0j,0j,0j,0j,0j,0j,0j,0j,0j,0j,0j,0j,0j,0j,0j,0j,0j,0j,0j,0j,0j,0j,0j,0j,0j,0j,0j,0j,(-0.007614471051317643+0.08700784592021314j),(0.000715137427509904-0.026639338960475732j),(-0.00036172578972054744-0.019637913653439483j),(0.013482534036409363-0.15253262649080523j),(-0.0012728098256386859+0.04670093626629993j),(0.0005727474179552784+0.03443317444726811j),0j,0j,0j,(-0.005739265493903598+0.06558054058165319j),(0.0005390214938694059-0.020078904738866043j),(-0.00027264406538638104-0.014801711037293943j),0j,0j,0j,0j,0j,0j,0j,0j,0j,0j,0j,0j,0j,0j,0j,0j,0j,0j,0j,0j,0j,0j,0j,0j,0j,0j,0j,0j,0j,0j
57,0j,0j,0j,0j,0j,0j,0j,0j,0j,0j,0j,0j,0j,0j,0j,0j,0j,0j,0j,0j,0j,0j,0j,0j,0j,0j,0j,0j,0j,0j,0j,0j,0j,0j,0j,0j,0j,0j,0j,0j,0j,0j,0j,0j,0j,0j,0j,0j,0j,0j,0j,0j,0j,(0.000715137427509904-0.026639338960475732j),(-0.007295744969409015+0.08377705183436536j),(-0.0011133036414765608-0.014623548073771128j),(-0.0012728098256386859+0.04670093626629993j),(0.012874109871949846-0.14686465160695644j),(0.001940277298191927+0.02563902682395655j),0j,0j,0j,(0.0005390214938694059-0.020078904738866043j),(-0.005499031656047094+0.06314538981545448j),(-0.0008391318491726321-0.01102222653321555j),0j,0j,0j,0j,0j,0j,0j,0j,0j,0j,0j,0j,0j,0j,0j,0j,0j,0j,0j,0j,0j,0j,0j,0j,0j,0j,0j,0j,0j,0j
58,0j,0j,0j,0j,0j,0j,0j,0j,0j,0j,0j,0j,0j,0j,0j,0j,0j,0j,0j,0j,0j,0j,0j,0j,0j,0j,0j,0j,0j,0j,0j,0j,0j,0j,0j,0j,0j,0j,0j,0j,0j,0j,0j,0j,0j,0j,0j,0j,0j,0j,0j,0j,0j,(-0.00036172578972054744-0.019637913653439483j),(-0.0011133036414765608-0.014623548073771128j),(-0.00713557146750854+0.08046619618946325j),(0.0005727474179552784+0.03443317444726811j),(0.001940277298191927+0.02563902682395655j),(0.012636180114195766-0.14106507498573193j),0j,0j,0j,(-0.00027264406538638104-0.014801711037293943j),(-0.0008391318491726321-0.01102222653321555j),(-0.0053783038673012136+0.060649894142804396j),0j,0j,0j,0j,0j,0j,0j,0j,0j,0j,0j,0j,0j,0j,0j,0j,0j,0j,0j,0j,0j,0j,0j,0j,0j,0j,0j,0j,0j,0j
59,0j,0j,0j,0j,0j,0j,0j,0j,0j,0j,0j,0j,0j,0j,0j,0j,0j,0j,0j,0j,0j,0j,0j,0j,0j,0j,0j,0j,0j,0j,0j,0j,0j,0j,0j,0j,0j,0j,0j,0j,0j,0j,0j,0j,0j,0j,0j,0j,0j,0j,0j,0j,0j,(-0.05493296972736297+0.627699459852966j),(0.005159205727035725-0.1921838025005749j),(-0.002609593197269654-0.1416735199283848j),0j,0j,0j,(0.06633741273277319-0.757866346561086j),(-0.006229263211161655+0.23203750275864876j),(0.0031508421567033604+0.17105330856793832j),0j,0j,0j,0j,0j,0j,0j,0j,0j,(-0.011393504832341951+0.13018951759913372j),(0.0010700574841259291-0.039860344222341464j),(-0.0005412489594337063-0.02938413746662797j),0j,0j,0j,0j,0j,0j,0j,0j,0j,0j,0j,0j,0j,0j,0j,0j,0j,0j,0j,0j,0j
60,0j,0j,0j,0j,0j,0j,0j,0j,0j,0j,0j,0j,0j,0j,0j,0j,0j,0j,0j,0j,0j,0j,0j,0j,0j,0j,0j,0j,0j,0j,0j,0j,0j,0j,0j,0j,0j,0j,0j,0j,0j,0j,0j,0j,0j,0j,0j,0j,0j,0j,0j,0j,0j,(0.005159205727035725-0.1921838025005749j),(-0.05263358870787932+0.6043915882336357j),(-0.008031690556366622-0.1054984539607774j),0j,0j,0j,(-0.006229263211161655+0.23203750275864876j),(0.06355018488432837-0.72972419057271j),(0.009697522671761181+0.1273768621902837j),0j,0j,0j,0j,0j,0j,0j,0j,0j,(0.0010700574841259291-0.039860344222341464j),(-0.010916596176449045+0.1253552923743837j),(-0.0016658321153945588-0.021881160821494577j),0j,0j,0j,0j,0j,0j,0j,0j,0j,0j,0j,0j,0j,0j,0j,0j,0j,0j,0j,0j,0j
61,0j,0j,0j,0j,0j,0j,0j,0j,0j,0j,0j,0j,0j,0j,0j,0j,0j,0j,0j,0j,0j,0j,0j,0j,0j,0j,0j,0j,0j,0j,0j,0j,0j,0j,0j,0j,0j,0j,0j,0j,0j,0j,0j,0j,0j,0j,0j,0j,0j,0j,0j,0j,0j,(-0.002609593197269654-0.1416735199283848j),(-0.008031690556366622-0.1054984539607774j),(-0.051478051301311605+0.5805061296525563j),0j,0j,0j,(0.0031508421567033604+0.17105330856793832j),(0.009697522671761181+0.1273768621902837j),(0.06215498046010216-0.7008855902463818j),0j,0j,0j,0j,0j,0j,0j,0j,0j,(-0.0005412489594337063-0.02938413746662797j),(-0.0016658321153945588-0.021881160821494577j),(-0.010676929158790555+0.12040127133534503j),0j,0j,0j,0j,0j,0j,0j,0j,0j,0j,0j,0j,0j,0j,0j,0j,0j,0j,0j,0j,0j
62,0j,0j,0j,0j,0j,0j,0j,0j,0j,0j,0j,0j,0j,0j,0j,0j,0j,0j,0j,0j,0j,0j,0j,0j,0j,0j,0j,0j,0j,0j,0j,0j,0j,0j,0j,0j,0j,0j,0j,0j,0j,0j,0j,0j,0j,0j,0j,0j,0j,0j,0j,0j,0j,0j,0j,0j,(-0.005739265493903598+0.06558054058165319j),(0.0005390214938694059-0.020078904738866043j),(-0.00027264406538638104-0.014801711037293943j),0j,0j,0j,(0.07859387241760234-0.8975953540814505j),(-0.007397430433545351+0.2748205377486905j),(0.0037148498084106094+0.20259296692069104j),(-0.017885152934490264+0.2043672659986401j),(0.001679741399500001-0.06257147058158252j),(-0.0008496349944598905-0.04612626230226481j),(-0.05493296972736297+0.627699459852966j),(0.005159205727035725-0.1921838025005749j),(-0.002609593197269654-0.1416735199283848j),0j,0j,0j,0j,0j,0j,0j,0j,0j,0j,0j,0j,0j,0j,0j,0j,0j,0j,0j,0j,0j,0j,0j,0j
63,0j,0j,0j,0j,0j,0j,0j,0j,0j,0j,0j,0j,0j,0j,0j,0j,0j,0j,0j,0j,0j,0j,0j,0j,0j,0j,0j,0j,0j,0j,0j,0j,0j,0j,0j,0j,0j,0j,0j,0j,0j,0j,0j,0j,0j,0j,0j,0j,0j,0j,0j,0j,0j,0j,0j,0j,(0.0005390214938694059-0.020078904738866043j),(-0.005499031656047094+0.06314538981545448j),(-0.0008391318491726321-0.01102222653321555j),0j,0j,0j,(-0.007397430433545351+0.2748205377486905j),(0.07530156853213288-0.8642656592821457j),(0.011472822322553065+0.1508638330558048j),(0.001679741399500001-0.06257147058158252j),(-0.01713651725372815+0.196778656634207j),(-0.0026149690183519215-0.03434833384769497j),(0.005159205727035725-0.1921838025005749j),(-0.05263358870787932+0.6043915882336357j),(-0.008031690556366622-0.1054984539607774j),0j,0j,0j,0j,0j,0j,0j,0j,0j,0j,0j,0j,0j,0j,0j,0j,0j,0j,0j,0j,0j,0j,0j,0j
64,0j,0j,0j,0j,0j,0j,0j,0j,0j,0j,0j,0j,0j,0j,0j,0j,0j,0j,0j,0j,0j,0j,0j,0j,0j,0j,0j,0j,0j,0j,0j,0j,0j,0j,0j,0j,0j,0j,0j,0j,0j,0j,0j,0j,0j,0j,0j,0j,0j,0j,0j,0j,0j,0j,0j,0j,(-0.00027264406538638104-0.014801711037293943j),(-0.0008391318491726321-0.01102222653321555j),(-0.0053783038673012136+0.060649894142804396j),0j,0j,0j,(0.0037148498084106094+0.20259296692069104j),(0.011472822322553065+0.1508638330558048j),(0.0736466424911763-0.8301098397085878j),(-0.0008496349944598905-0.04612626230226481j),(-0.0026149690183519215-0.03434833384769497j),(-0.016760295772520056+0.1890019957008323j),(-0.002609593197269654-0.1416735199283848j),(-0.008031690556366622-0.1054984539607774j),(-0.051478051301311605+0.5805061296525563j),0j,0j,0j,0j,0j,0j,0j,0j,0j,0j,0j,0j,0j,0j,0j,0j,0j,0j,0j,0j,0j,0j,0j,0j
65,0j,0j,0j,0j,0j,0j,0j,0j,0j,0j,0j,0j,0j,0j,0j,0j,0j,0j,0j,0j,0j,0j,0j,0j,0j,0j,0j,0j,0j,0j,0j,0j,0j,0j,0j,0j,0j,0j,0j,0j,0j,0j,0j,0j,0j,0j,0j,0j,0j,0j,0j,0j,0j,0j,0j,0j,0j,0j,0j,0j,0j,0j,(-0.017885152934490264+0.2043672659986401j),(0.001679741399500001-0.06257147058158252j),(-0.0008496349944598905-0.04612626230226481j),(0.017914289167378195-0.20435755502737002j),(-0.001687039579427583+0.0625686890940547j),(0.0008496349944598905+0.04612396782908443j),0j,0j,0j,0j,0j,0j,0j,0j,0j,0j,0j,0j,0j,0j,0j,0j,0j,0j,0j,0j,0j,0j,0j,0j,0j,0j,0j
66,0j,0j,0j,0j,0j,0j,0j,0j,0j,0j,0j,0j,0j,0j,0j,0j,0j,0j,0j,0j,0j,0j,0j,0j,0j,0j,0j,0j,0j,0j,0j,0j,0j,0j,0j,0j,0j,0j,0j,0j,0j,0j,0j,0j,0j,0j,0j,0j,0j,0j,0j,0j,0j,0j,0j,0j,0j,0j,0j,0j,0j,0j,(0.001679741399500001-0.06257147058158252j),(-0.01713651725372815+0.196778656634207j),(-0.0026149690183519215-0.03434833384769497j),(-0.001687039579427583+0.0625686890940547j),(0.017174573484305348-0.1967703556264637j),(0.002606049020662655+0.03434776634725929j),0j,0j,0j,0j,0j,0j,0j,0j,0j,0j,0j,0j,0j,0j,0j,0j,0j,0j,0j,0j,0j,0j,0j,0j,0j,0j,0j
67,0j,0j,0j,0j,0j,0j,0j,0j,0j,0j,0j,0j,0j,0j,0j,0j,0j,0j,0j,0j,0j,0j,0j,0j,0j,0j,0j,0j,0j,0j,0j,0j,0j,0j,0j,0j,0j,0j,0j,0j,0j,0j,0j,0j,0j,0j,0j,0j,0j,0j,0j,0j,0j,0j,0j,0j,0j,0j,0j,0j,0j,0j,(-0.0008496349944598905-0.04612626230226481j),(-0.0026149690183519215-0.03434833384769497j),(-0.016760295772520056+0.1890019957008323j),(0.0008496349944598905+0.04612396782908443j),(0.002606049020662655+0.03434776634725929j),(0.01679105382316967-0.18899343469803345j),0j,0j,0j,0j,0j,0j,0j,0j,0j,0j,0j,0j,0j,0j,0j,0j,0j,0j,0j,0j,0j,0j,0j,0j,0j,0j,0j
68,0j,0j,0j,0j,0j,0j,0j,0j,0j,0j,0j,0j,0j,0j,0j,0j,0j,0j,0j,0j,0j,0j,0j,0j,0j,0j,0j,0j,0j,0j,0j,0j,0j,0j,0j,0j,0j,0j,0j,0j,0j,0j,0j,0j,0j,0j,0j,0j,0j,0j,0j,0j,0j,0j,0j,0j,0j,0j,0j,0j,0j,0j,(-0.05493296972736297+0.627699459852966j),(0.005159205727035725-0.1921838025005749j),(-0.002609593197269654-0.1416735199283848j),0j,0j,0j,(0.05493296972736297-0.6276953911906004j),(-0.005159205727035725+0.19218266120609948j),(0.002609593197269654+0.14167277289060515j),0j,0j,0j,0j,0j,0j,0j,0j,0j,0j,0j,0j,0j,0j,0j,0j,0j,0j,0j,0j,0j,0j,0j,0j
69,0j,0j,0j,0j,0j,0j,0j,0j,0j,0j,0j,0j,0j,0j,0j,0j,0j,0j,0j,0j,0j,0j,0j,0j,0j,0j,0j,0j,0j,0j,0j,0j,0j,0j,0j,0j,0j,0j,0j,0j,0j,0j,0j,0j,0j,0j,0j,0j,0j,0j,0j,0j,0j,0j,0j,0j,0j,0j,0j,0j,0j,0j,(0.005159205727035725-0.1921838025005749j),(-0.05263358870787932+0.6043915882336357j),(-0.008031690556366622-0.1054984539607774j),0j,0j,0j,(-0.005159205727035725+0.19218266120609948j),(0.056443588688469375-0.6336882633338046j),(0.008031690556366622+0.10549798112288984j),0j,0j,0j,0j,0j,0j,0j,0j,0j,0j,0j,0j,0j,0j,0j,0j,0j,0j,0j,0j,(-0.0037759417047623124+0.029357375014977833j),0j,0j,0j
70,0j,0j,0j,0j,0j,0j,0j,0j,0j,0j,0j,0j,0j,0j,0j,0j,0j,0j,0j,0j,0j,0j,0j,0j,0j,0j,0j,0j,0j,0j,0j,0j,0j,0j,0j,0j,0j,0j,0j,0j,0j,0j,0j,0j,0j,0j,0j,0j,0j,0j,0j,0j,0j,0j,0j,0j,0j,0j,0j,0j,0j,0j,(-0.002609593197269654-0.1416735199283848j),(-0.008031690556366622-0.1054984539607774j),(-0.051478051301311605+0.5805061296525563j),0j,0j,0j,(0.002609593197269654+0.14167277289060515j),(0.008031690556366622+0.10549798112288984j),(0.051478051301311605-0.5805023830221112j),0j,0j,0j,0j,0j,0j,0j,0j,0j,0j,0j,0j,0j,0j,0j,0j,0j,0j,0j,0j,0j,0j,0j,0j
71,0j,0j,0j,0j,0j,0j,0j,0j,0j,0j,0j,0j,0j,0j,0j,0j,0j,0j,0j,0j,0j,0j,0j,0j,0j,0j,0j,0j,0j,0j,0j,0j,0j,0j,0j,0j,0j,0j,0j,0j,0j,0j,0j,0j,0j,0j,0j,0j,0j,0j,0j,0j,0j,0j,0j,0j,0j,0j,0j,(-0.011393504832341951+0.13018951759913372j),(0.0010700574841259291-0.039860344222341464j),(-0.0005412489594337063-0.02938413746662797j),0j,0j,0j,0j,0j,0j,0j,0j,0j,(0.015957626855766432-0.16393379622629614j),(-0.0014669194631286779+0.05462337414749005j),(0.0007419868976852184+0.04026878725761181j),(-0.0042256130559509995+0.04828457383484355j),(0.00039686197900274886-0.014783369423121149j),(-0.00020073793825151206-0.010897963071414217j),0j,0j,0j,0j,0j,0j,0j,0j,0j,0j,0j,0j,0j,0j,0j,0j,0j,0j
72,0j,0j,0j,0j,0j,0j,0j,0j,0j,0j,0j,0j,0j,0j,0j,0j,0j,0j,0j,0j,0j,0j,0j,0j,0j,0j,0j,0j,0j,0j,0j,0j,0j,0j,0j,0j,0j,0j,0j,0j,0j,0j,0j,0j,0j,0j,0j,0j,0j,0j,0j,0j,0j,0j,0j,0j,0j,0j,0j,(0.0010700574841259291-0.039860344222341464j),(-0.010916596176449045+0.1253552923743837j),(-0.0016658321153945588-0.021881160821494577j),0j,0j,0j,0j,0j,0j,0j,0j,0j,(-0.0014669194631286779+0.05462337414749005j),(0.015323325079644458-0.15731170931267782j),(0.002283654465884299+0.029987999864146263j),(0.00039686197900274886-0.014783369423121149j),(-0.004048737592913794+0.046491660633356593j),(-0.0006178223504897402-0.008115265689290566j),0j,0j,0j,0j,0j,0j,0j,0j,0j,0j,0j,0j,0j,0j,0j,0j,0j,0j
73,0j,0j,0j,0j,0j,0j,0j,0j,0j,0j,0j,0j,0j,0j,0j,0j,0j,0j,0j,0j,0j,0j,0j,0j,0j,0j,0j,0j,0j,0j,0j,0j,0j,0j,0j,0j,0j,0j,0j,0j,0j,0j,0j,0j,0j,0j,0j,0j,0j,0j,0j,0j,0j,0j,0j,0j,0j,0j,0j,(-0.0005412489594337063-0.02938413746662797j),(-0.0016658321153945588-0.021881160821494577j),(-0.010676929158790555+0.12040127133534503j),0j,0j,0j,0j,0j,0j,0j,0j,0j,(0.0007419868976852184+0.04026878725761181j),(0.002283654465884299+0.029987999864146263j),(0.014988658862081868-0.15052232727260897j),(-0.00020073793825151206-0.010897963071414217j),(-0.0006178223504897402-0.008115265689290566j),(-0.003959850100100893+0.04465431766558125j),0j,0j,0j,0j,0j,0j,0j,0j,0j,0j,0j,0j,0j,0j,0j,0j,0j,0j
74,0j,0j,0j,0j,0j,0j,0j,0j,0j,0j,0j,0j,0j,0j,0j,0j,0j,0j,0j,0j,0j,0j,0j,0j,0j,0j,0j,0j,0j,0j,0j,0j,0j,0j,0j,0j,0j,0j,0j,0j,0j,0j,0j,0j,0j,0j,0j,0j,0j,0j,0j,0j,0j,0j,0j,0j,0j,0j,0j,0j,0j,0j,0j,0j,0j,0j,0j,0j,0j,0j,0j,(-0.0042256130559509995+0.04828457383484355j),(0.00039686197900274886-0.014783369423121149j),(-0.00020073793825151206-0.010897963071414217j),(0.03324680461002956-0.37983878880639443j),(-0.003122480098946151+0.11629743775954272j),(0.0015793909481298207+0.0857332254311753j),(-0.02902119155407856+0.33161480897892553j),(0.0027256181199434024-0.10153106547200184j),(-0.0013786530098783088-0.07484638788669389j),0j,0j,0j,0j,0j,0j,0j,0j,0j,0j,0j,0j,0j,0j,0j
75,0j,0j,0j,0j,0j,0j,0j,0j,0j,0j,0j,0j,0j,0j,0j,0j,0j,0j,0j,0j,0j,0j,0j,0j,0j,0j,0j,0j,0j,0j,0j,0j,0j,0j,0j,0j,0j,0j,0j,0j,0j,0j,0j,0j,0j,0j,0j,0j,0j,0j,0j,0j,0j,0j,0j,0j,0j,0j,0j,0j,0j,0j,0j,0j,0j,0j,0j,0j,0j,0j,0j,(0.00039686197900274886-0.014783369423121149j),(-0.004048737592913794+0.046491660633356593j),(-0.0006178223504897402-0.008115265689290566j),(-0.003122480098946151+0.11629743775954272j),(0.03191357017566737-0.36574070614728305j),(0.00486097962555135+0.06384325606334494j),(0.0027256181199434024-0.10153106547200184j),(-0.027806424223030583+0.31930121642531695j),(-0.00424315727506161-0.05573503228116543j),0j,0j,0j,0j,0j,0j,0j,0j,0j,0j,0j,0j,0j,0j,0j
76,0j,0j,0j,0j,0j,0j,0j,0j,0j,0j,0j,0j,0j,0j,0j,0j,0j,0j,0j,0j,0j,0j,0j,0j,0j,0j,0j,0j,0j,0j,0j,0j,0j,0j,0j,0j,0j,0j,0j,0j,0j,0j,0j,0j,0j,0j,0j,0j,0j,0j,0j,0j,0j,0j,0j,0j,0j,0j,0j,0j,0j,0j,0j,0j,0j,0j,0j,0j,0j,0j,0j,(-0.00020073793825151206-0.010897963071414217j),(-0.0006178223504897402-0.008115265689290566j),(-0.003959850100100893+0.04465431766558125j),(0.0015793909481298207+0.0857332254311753j),(0.00486097962555135+0.06384325606334494j),(0.03118011053976771-0.3512833521704478j),(-0.0013786530098783088-0.07484638788669389j),(-0.00424315727506161-0.05573503228116543j),(-0.027195951630881607+0.3066824835900298j),0j,0j,0j,0j,0j,0j,0j,0j,0j,0j,0j,0j,0j,0j,0j
77,0j,0j,0j,0j,0j,0j,0j,0j,0j,0j,0j,0j,0j,0j,0j,0j,0j,0j,0j,0j,0j,0j,0j,0j,0j,0j,0j,0j,0j,0j,0j,0j,0j,0j,0j,0j,0j,0j,0j,0j,0j,0j,0j,0j,0j,0j,0j,0j,0j,0j,0j,0j,0j,0j,0j,0j,0j,0j,0j,0j,0j,0j,0j,0j,0j,0j,0j,0j,0j,0j,0j,0j,0j,0j,(-0.02902119155407856+0.33161480897892553j),(0.0027256181199434024-0.10153106547200184j),(-0.0013786530098783088-0.07484638788669389j),(0.029053540987263288-0.30986052242558587j),(-0.002741792836535767+0.1015304371858457j),(0.001362478293285944+0.07484650587214041j),0j,0j,0j,0j,0j,0j,0j,0j,0j,0j,0j,0j,0j,0j,0j
78,0j,0j,0j,0j,0j,0j,0j,0j,0j,0j,0j,0j,0j,0j,0j,0j,0j,0j,0j,0j,0j,0j,0j,0j,0j,0j,0j,0j,0j,0j,0j,0j,0j,0j,0j,0j,0j,0j,0j,0j,0j,0j,0j,0j,0j,0j,0j,0j,0j,0j,0j,0j,0j,0j,0j,0j,0j,0j,0j,0j,0j,0j,0j,0j,0j,0j,0j,0j,0j,0j,0j,0j,0j,0j,(0.0027256181199434024-0.10153106547200184j),(-0.027806424223030583+0.31930121642531695j),(-0.00424315727506161-0.05573503228116543j),(-0.002741792836535767+0.1015304371858457j),(0.0278667615000619-0.29755007132345856j),(0.004226982558469245+0.055735669287836305j),0j,0j,0j,0j,0j,0j,0j,0j,0j,0j,0j,0j,0j,0j,0j
79,0j,0j,0j,0j,0j,0j,0j,0j,0j,0j,0j,0j,0j,0j,0j,0j,0j,0j,0j,0j,0j,0j,0j,0j,0j,0j,0j,0j,0j,0j,0j,0j,0j,0j,0j,0j,0j,0j,0j,0j,0j,0j,0j,0j,0j,0j,0j,0j,0j,0j,0j,0j,0j,0j,0j,0j,0j,0j,0j,0j,0j,0j,0j,0j,0j,0j,0j,0j,0j,0j,0j,0j,0j,0j,(-0.0013786530098783088-0.07484638788669389j),(-0.00424315727506161-0.05573503228116543j),(-0.027195951630881607+0.3066824835900298j),(0.001362478293285944+0.07484650587214041j),(0.004226982558469245+0.055735669287836305j),(0.027228301064066335-0.2849288065971113j),0j,0j,0j,0j,0j,0j,0j,0j,0j,0j,0j,0j,0j,0j,0j
80,0j,0j,0j,0j,0j,0j,0j,0j,0j,0j,0j,0j,0j,0j,0j,0j,0j,0j,0j,0j,0j,0j,0j,0j,0j,0j,0j,0j,0j,0j,0j,0j,0j,0j,0j,0j,0j,0j,0j,0j,0j,0j,0j,0j,0j,0j,0j,(-1.5381231523661638+17.575584875883056j),(0.1444577603570008-5.381146470016099j),(-0.07306860952355065-3.966858557994776j),0j,0j,0j,0j,0j,0j,0j,0j,0j,0j,0j,0j,0j,0j,0j,0j,0j,0j,0j,0j,0j,0j,0j,0j,0j,0j,0j,0j,0j,0j,(1.5418095940737153-17.85176070355088j),(-0.1444577603570008+5.381146429255582j),(0.07306860952355065+3.9668585313148554j),0j,0j,0j,0j,(-0.003985965096290071+0.29861521846373j),0j,0j,0j,0j,0j,0j,0j
81,0j,0j,0j,0j,0j,0j,0j,0j,0j,0j,0j,0j,0j,0j,0j,0j,0j,0j,0j,0j,0j,0j,0j,0j,0j,0j,0j,0j,0j,0j,0j,0j,0j,0j,0j,0j,0j,0j,0j,0j,0j,0j,0j,0j,0j,0j,0j,(0.1444577603570008-5.381146470016099j),(-1.4737404838206216+16.9229644705418j),(-0.22488733557826524-2.953956710901767j),0j,0j,0j,0j,0j,0j,0j,0j,0j,0j,0j,0j,0j,0j,0j,0j,0j,0j,0j,0j,0j,0j,0j,0j,0j,0j,0j,0j,0j,0j,(-0.1444577603570008+5.381146429255582j),(1.4774269255281731-17.199140304316327j),(0.22488733557826524+2.9539566940146997j),0j,0j,0j,0j,0j,(-0.003985965096290071+0.29861521846373j),0j,0j,0j,0j,0j,0j
82,0j,0j,0j,0j,0j,0j,0j,0j,0j,0j,0j,0j,0j,0j,0j,0j,0j,0j,0j,0j,0j,0j,0j,0j,0j,0j,0j,0j,0j,0j,0j,0j,0j,0j,0j,0j,0j,0j,0j,0j,0j,0j,0j,0j,0j,0j,0j,(-0.07306860952355065-3.966858557994776j),(-0.22488733557826524-2.953956710901767j),(-1.4413854364367253+16.25417163027158j),0j,0j,0j,0j,0j,0j,0j,0j,0j,0j,0j,0j,0j,0j,0j,0j,0j,0j,0j,0j,0j,0j,0j,0j,0j,0j,0j,0j,0j,0j,(0.07306860952355065+3.9668585313148554j),(0.22488733557826524+2.9539566940146997j),(1.4450718781442768-16.530347469440546j),0j,0j,0j,0j,0j,0j,(-0.003985965096290071+0.29861521846373j),0j,0j,0j,0j,0j
83,0j,0j,0j,0j,0j,0j,0j,0j,0j,0j,0j,0j,0j,0j,0j,0j,0j,0j,0j,0j,0j,0j,0j,0j,0j,0j,0j,0j,0j,0j,0j,0j,0j,0j,0j,0j,0j,0j,0j,0j,0j,0j,0j,0j,0j,0j,0j,(-6.13378938540155e-05+0.003947061186403856j),0j,0j,0j,0j,0j,0j,0j,0j,0j,0j,0j,0j,0j,0j,0j,0j,0j,0j,0j,0j,0j,0j,0j,0j,0j,0j,0j,0j,0j,0j,0j,0j,0j,0j,0j,(0.0015819035019755835-0.040606738881988104j),(0.00013518382115523006+0.004867223451494609j),(0.0003016579870065563+0.0034699644766670473j),0j,0j,0j,0j,0j,0j,(-0.0012147608200128465+0.017141154484770247j),(-0.00013518382115523006-0.00491311032708718j),(-0.0003016579870065563-0.003499759631373033j)
84,0j,0j,0j,0j,0j,0j,0j,0j,0j,0j,0j,0j,0j,0j,0j,0j,0j,0j,0j,0j,0j,0j,0j,0j,0j,0j,0j,0j,0j,0j,0j,0j,0j,0j,0j,0j,0j,0j,0j,0j,0j,0j,0j,0j,0j,0j,0j,0j,(-6.13378938540155e-05+0.003947061186403856j),0j,0j,0j,0j,0j,0j,0j,0j,0j,0j,0j,0j,0j,0j,0j,0j,0j,0j,0j,0j,0j,0j,0j,0j,0j,0j,0j,0j,0j,0j,0j,0j,0j,0j,(0.00013518382115523006+0.004867223451494609j),(0.001543426228904011-0.03993325691791448j),(0.0004022098226507583+0.002519109892653653j),0j,0j,0j,0j,0j,0j,(-0.00013518382115523006-0.00491311032708718j),(-0.0011762835469412741+0.0164605675914532j),(-0.0004022098226507583-0.0025377247474088357j)
85,0j,0j,0j,0j,0j,0j,0j,0j,0j,0j,0j,0j,0j,0j,0j,0j,0j,0j,0j,0j,0j,0j,0j,0j,0j,0j,0j,0j,0j,0j,0j,0j,0j,0j,0j,0j,0j,0j,0j,0j,0j,0j,0j,0j,0j,0j,0j,0j,0j,(-6.13378938540155e-05+0.003947061186403856j),0j,0j,0j,0j,0j,0j,0j,0j,0j,0j,0j,0j,0j,0j,0j,0j,0j,0j,0j,0j,0j,0j,0j,0j,0j,0j,0j,0j,0j,0j,0j,0j,0j,(0.0003016579870065563+0.0034699644766670473j),(0.0004022098226507583+0.002519109892653653j),(0.0015763120206732143-0.039367622357661634j),0j,0j,0j,0j,0j,0j,(-0.0003016579870065563-0.003499759631373033j),(-0.0004022098226507583-0.0025377247474088357j),(-0.0012091693387104774+0.015888643176062617j)
86,0j,0j,0j,0j,0j,0j,0j,0j,0j,0j,0j,0j,0j,0j,0j,0j,0j,0j,0j,0j,0j,0j,0j,0j,0j,0j,0j,0j,0j,0j,0j,0j,0j,0j,0j,0j,0j,0j,0j,0j,0j,0j,0j,0j,0j,(-0.0008387916839120421+0.005782588982411275j),0j,0j,0j,0j,0j,0j,0j,0j,0j,0j,0j,0j,0j,0j,0j,0j,0j,0j,0j,0j,0j,0j,0j,0j,0j,0j,0j,0j,0j,0j,0j,0j,0j,0j,0j,0j,0j,0j,0j,0j,(0.000843657151887434-0.005503356231831808j),0j,0j,0j,0j,0j,0j,0j,0j
87,0j,0j,0j,0j,0j,0j,0j,0j,0j,0j,0j,0j,0j,0j,0j,0j,0j,0j,0j,0j,0j,0j,0j,0j,0j,0j,0j,0j,0j,0j,0j,0j,0j,0j,0j,0j,0j,0j,0j,0j,0j,0j,0j,0j,(-0.00041762779048769034+0.0047720838652954255j),(3.922285103366827e-05-0.0014610769671507188j),(-1.9839426968110388e-05-0.001077072646753944j),0j,0j,0j,0j,0j,0j,0j,0j,0j,0j,0j,0j,0j,0j,0j,0j,0j,0j,0j,0j,0j,0j,0j,0j,0j,0j,0j,0j,0j,0j,0j,0j,0j,(-0.003985965096290071+0.29861521846373j),0j,0j,0j,0j,0j,0j,(0.00472745255085133-0.3271146628052085j),(-3.922285103366827e-05+0.0013109559831168073j),(1.9839426968110388e-05+0.0009788104988078556j),0j,0j,0j,0j,0j
88,0j,0j,0j,0j,0j,0j,0j,0j,0j,0j,0j,0j,0j,0j,0j,0j,0j,0j,0j,0j,0j,0j,0j,0j,0j,0j,0j,0j,0j,0j,0j,0j,0j,0j,0j,0j,0j,0j,0j,0j,0j,0j,0j,0j,(3.922285103366827e-05-0.0014610769671507188j),(-0.00040014675096948705+0.004594885818773229j),(-6.106091109917602e-05-0.0008020517814015117j),0j,0j,0j,0j,0j,0j,0j,0j,0j,0j,0j,0j,0j,0j,0j,0j,0j,0j,0j,0j,0j,0j,0j,0j,0j,0j,0j,0j,0j,0j,0j,0j,0j,0j,(-0.003985965096290071+0.29861521846373j),0j,0j,0j,0j,0j,(-3.922285103366827e-05+0.0013109559831168073j),(0.004709971511333126-0.326959955733287j),(6.106091109917602e-05+0.0007398567121209374j),0j,0j,0j,0j,0j
89,0j,0j,0j,0j,0j,0j,0j,0j,0j,0j,0j,0j,0j,0j,0j,0j,0j,0j,0j,0j,0j,0j,0j,0j,0j,0j,0j,0j,0j,0j,0j,0j,0j,0j,0j,0j,0j,0j,0j,0j,0j,0j,0j,0j,(-1.9839426968110388e-05-0.001077072646753944j),(-6.106091109917602e-05-0.0008020517814015117j),(-0.00039136178018917337+0.0044132966685505245j),0j,0j,0j,0j,0j,0j,0j,0j,0j,0j,0j,0j,0j,0j,0j,0j,0j,0j,0j,0j,0j,0j,0j,0j,0j,0j,0j,0j,0j,0j,0j,0j,0j,0j,0j,(-0.003985965096290071+0.29861521846373j),0j,0j,0j,0j,(1.9839426968110388e-05+0.0009788104988078556j),(6.106091109917602e-05+0.0007398567121209374j),(0.004701186540552813-0.32679823430716154j),0j,0j,0j,0j,0j
90,0j,0j,0j,0j,0j,0j,0j,0j,0j,0j,0j,0j,0j,0j,0j,0j,0j,0j,0j,0j,0j,0j,0j,0j,0j,0j,0j,0j,0j,0j,0j,0j,0j,0j,0j,0j,0j,0j,0j,0j,0j,0j,0j,0j,0j,0j,0j,0j,0j,0j,(-0.012079635793622184+0.08327642034546606j),0j,0j,0j,0j,0j,0j,0j,0j,0j,0j,0j,0j,0j,0j,0j,0j,0j,0j,0j,0j,0j,0j,0j,0j,0j,0j,0j,0j,0j,0j,0j,0j,0j,0j,0j,0j,0j,0j,0j,(0.012082068527609879-0.08325723863904039j),0j,0j,0j,0j
91,0j,0j,0j,0j,0j,0j,0j,0j,0j,0j,0j,0j,0j,0j,0j,0j,0j,0j,0j,0j,0j,0j,0j,0j,0j,0j,0j,0j,0j,0j,0j,0j,0j,0j,0j,0j,0j,0j,0j,0j,0j,0j,0j,0j,0j,0j,0j,0j,0j,0j,0j,0j,0j,0j,0j,0j,0j,0j,0j,0j,0j,0j,0j,0j,0j,0j,0j,0j,0j,(-0.0037759417047623124+0.029357375014977833j),0j,0j,0j,0j,0j,0j,0j,0j,0j,0j,0j,0j,0j,0j,0j,0j,0j,0j,0j,0j,0j,(0.003809999980590056-0.029300572774945872j),0j,0j,0j
92,0j,0j,0j,0j,0j,0j,0j,0j,0j,0j,0j,0j,0j,0j,0j,0j,0j,0j,0j,0j,0j,0j,0j,0j,0j,0j,0j,0j,0j,0j,0j,0j,0j,0j,0j,0j,0j,0j,0j,0j,0j,0j,0j,0j,0j,0j,0j,0j,0j,0j,0j,0j,0j,0j,0j,0j,0j,0j,0j,0j,0j,0j,0j,0j,0j,0j,0j,0j,0j,0j,0j,0j,0j,0j,0j,0j,0j,0j,0j,0j,0j,0j,0j,(-0.0012147608200128465+0.017141154484770247j),(-0.00013518382115523006-0.00491311032708718j),(-0.0003016579870065563-0.003499759631373033j),0j,0j,0j,0j,0j,0j,(0.009930522455745506-0.017845814979271343j),(-0.0042226969967111+0.005299487898887409j),(-0.004056222830859773+0.0039022289240598484j)
93,0j,0j,0j,0j,0j,0j,0j,0j,0j,0j,0j,0j,0j,0j,0j,0j,0j,0j,0j,0j,0j,0j,0j,0j,0j,0j,0j,0j,0j,0j,0j,0j,0j,0j,0j,0j,0j,0j,0j,0j,0j,0j,0j,0j,0j,0j,0j,0j,0j,0j,0j,0j,0j,0j,0j,0j,0j,0j,0j,0j,0j,0j,0j,0j,0j,0j,0j,0j,0j,0j,0j,0j,0j,0j,0j,0j,0j,0j,0j,0j,0j,0j,0j,(-0.00013518382115523006-0.00491311032708718j),(-0.0011762835469412741+0.0164605675914532j),(-0.0004022098226507583-0.0025377247474088357j),0j,0j,0j,0j,0j,0j,(-0.0042226969967111+0.005299487898887409j),(0.009892045182673934-0.017172333015197723j),(-0.003955670995215572+0.002951374340046454j)
94,0j,0j,0j,0j,0j,0j,0j,0j,0j,0j,0j,0j,0j,0j,0j,0j,0j,0j,0j,0j,0j,0j,0j,0j,0j,0j,0j,0j,0j,0j,0j,0j,0j,0j,0j,0j,0j,0j,0j,0j,0j,0j,0j,0j,0j,0j,0j,0j,0j,0j,0j,0j,0j,0j,0j,0j,0j,0j,0j,0j,0j,0j,0j,0j,0j,0j,0j,0j,0j,0j,0j,0j,0j,0j,0j,0j,0j,0j,0j,0j,0j,0j,0j,(-0.0003016579870065563-0.003499759631373033j),(-0.0004022098226507583-0.0025377247474088357j),(-0.0012091693387104774+0.015888643176062617j),0j,0j,0j,0j,0j,0j,(-0.004056222830859773+0.0039022289240598484j),(-0.003955670995215572+0.002951374340046454j),(0.009924930974443138-0.016606698454944873j)
