,0,1,2,3,4,5,6,7,8,9,10,11,12,13,14,15,16,17,18,19,20,21,22,23,24,25,26,27,28,29,30,31,32,33,34,35,36,37,38,39,40,41,42,43,44,45,46,47,48,49,50,51,52,53,54,55,56,57,58,59,60,61,62,63,64,65,66,67,68,69,70,71,72,73,74,75,76,77,78,79,80,81,82,83,84,85,86,87,88,89,90,91,92,93,94
0,(0.9998958466553505+0.000633449688785446j),(3.9180755889838705e-05-0.0002486449631714789j),(6.497258875785582e-05-0.00038480472561932074j),(-3.996356972614746e-05+0.00014526846263979618j),(3.343666989525701e-05-0.00011989175327634764j),(6.554738440101659e-06-2.5203169082738217e-05j),(-0.0005594449225596921-0.00041865082748690583j),(0.00043477363412237164+0.0004603070834475315j),(0.00013972764604895202-4.237790699265212e-05j),(-0.0007249098039428987-0.0006562347637781273j),(0.0005733481089789195+0.000636898365954925j),(0.00016654859374590772+1.9526623776122622e-05j),(5.794507365360641e-05+1.8562968851161722e-05j),(-6.573344464697511e-05-0.00023037079006689096j),(-3.6342144963276326e-05+6.171315526637075e-05j),(6.786541980928059e-05+9.604114678744011e-06j),(-3.089910925244374e-05+0.0001342136180587815j),(-2.7780259672431325e-05+3.754014399207373e-05j),(-5.078023318989427e-06+3.804008639474631e-05j),(7.931072648758878e-06-1.878513082846522e-05j),(-1.3164188187335115e-05-8.952939680817433e-06j),(2.1833219970483305e-05-2.102037309296871e-05j),(9.427528106202172e-06-2.2110086475203758e-05j),(-1.3377811572665206e-05-8.747968082266724e-06j),(2.2350961169348852e-05-2.1813662999019667e-05j),(9.431084452136968e-06-2.2128188071687973e-05j),(-1.3366363426650831e-05-8.743303652778697e-06j),(2.2341598464634344e-05-2.1816825068193914e-05j),(9.424995611319502e-06-2.2114928032337838e-05j),(1.0700285192930702e-05-2.3868726945495007e-05j),(-1.2934448482211163e-05-8.243781024526176e-06j),(2.1741632257200876e-05-2.1620078159090643e-05j),(-3.5196799755868077e-06+5.962606102260769e-06j),(-6.142780683034663e-07+2.2989951417124934e-05j),(-1.1707086570268594e-05-2.5701605138088595e-06j),(4.6262634537741885e-06+6.806004261298995e-06j),(-6.32941296857314e-06+4.6415948833869136e-06j),(2.139831225430156e-06+2.904629106789903e-05j),(-4.081924602994764e-06+7.28721750927425e-06j),(2.1299802463765312e-07+2.294101788062781e-05j),(-1.3687998660354864e-05-1.6543608109163428e-06j),(-1.120680102498518e-07+3.136833052798262e-05j),(3.0443647992013142e-05-1.784955686717726e-06j),(-3.679362625366596e-05+1.8015366285236997e-05j),(-1.4687557613092138e-07+3.113270377982744e-05j),(3.025337367840067e-05-2.4636477753982526e-06j),(-3.700043497852251e-05+1.814920393496685e-05j),(5.22116478263236e-06-2.7341735946422274e-05j),(-3.830414457072414e-06-9.326649908232508e-06j),(-1.0246339922460446e-05+1.8065098583482005e-05j),(5.158795892022728e-06-8.850592317538126e-06j),(-1.4959632817234011e-06+1.4061708192648607e-06j),(-2.5038956096663315e-06+1.4413320802475188e-05j),(-7.752300128539933e-07+7.040057945574549e-06j),(4.875617423684785e-07+5.926685128562326e-06j),(4.950277197333811e-06-5.3431109216202905e-08j),(-5.042156266448044e-06+9.919239547956672e-06j),(-1.567343530333274e-06+8.132237578843698e-06j),(1.7102512283850125e-06-2.601133932566246e-06j),(-4.682048318535448e-07+7.043744228461963e-06j),(8.624549459990221e-07+5.512481989699054e-06j),(5.701799581437259e-06-6.470911372106262e-07j),(-9.93815834429959e-06+1.1086728463873145e-05j),(-3.922435453823e-06+8.704546392150061e-06j),(-2.274291861868128e-06-7.1442719194715736e-06j),(-1.0489904479917006e-05+1.1159036776587356e-05j),(-4.209052093115317e-06+8.70732168135797e-06j),(-2.729745256065779e-06-7.688421574438842e-06j),(-1.0101608716127807e-05+1.1135449318116687e-05j),(-3.988866500747493e-06+8.738087983332261e-06j),(-2.406582505172446e-06-7.2951720392759785e-06j),(9.82144382390598e-07+5.341965470669588e-06j),(2.605577720865718e-06+2.00068247817213e-06j),(8.991995339539145e-06-4.672579520783274e-06j),(4.303567519399378e-06-2.3418693206511202e-06j),(6.556993602684595e-06-9.565369975034954e-06j),(1.6108527073126303e-05-1.6760857551530508e-05j),(4.561672631740974e-06-2.9577556440294076e-06j),(6.860542109861658e-06-1.047356094299262e-05j),(1.665001532858684e-05-1.771177100438196e-05j),(5.221240066053004e-06-2.7360472660772794e-05j),(-3.8307888125164e-06-9.339278350890937e-06j),(-1.0259825489617957e-05+1.806890642324161e-05j),(-1.943601431600143e-06-1.1054075897460998e-05j),(2.3846247415680977e-06-7.194508071902115e-06j),(4.548185322966991e-07+1.3168679361395081e-05j),(-5.016997807573749e-06-2.9381487203214176e-05j),(4.840904033268629e-06-2.5302694943112383e-05j),(-3.137418682263122e-06-8.785965686124092e-06j),(-1.0046815561242482e-05+1.671452105098243e-05j),(6.397359434133416e-06-8.582249203251222e-06j),(-3.639030064642355e-06+9.036385302138725e-06j),(-4.232858800607328e-06-1.4762316104492725e-05j),(4.2067880233572035e-06-1.2873118448473854e-05j),(5.829060707384495e-06+1.930283398341519e-05j)
1,(3.9180755889838705e-05-0.0002486449631714789j),(0.9999522323919174+0.00032105342362507747j),(8.586852193925313e-06-7.240846045439704e-05j),(7.386115855733668e-06-3.21499934165956e-05j),(-1.9495815598263286e-05+6.253859077902043e-05j),(1.1791360005962862e-05-2.986415028670761e-05j),(0.00010753627954925563+4.985674008239189e-05j),(-0.00019642009932853004-0.0004462597897520238j),(5.7469691600924616e-05+0.0004888933932499719j),(0.00012140634171076706+0.00015814522979088375j),(-0.00029503663811015156-0.00045369856960072986j),(0.00014322946967167377+0.00040971753891566555j),(-5.0968281964326715e-05-4.9915033112008184e-05j),(7.511682497907173e-05+0.000118251231110275j),(0.00016447268089442307-0.00011327535394987194j),(-0.00013209151104157744+0.00010465932807282932j),(1.2486325415560874e-05-1.748757907957214e-05j),(3.643392984527575e-05-3.213664650058404e-05j),(-7.782579224237523e-05-0.00011166129022340348j),(-6.6537941569050735e-06+1.735475984774073e-05j),(5.200259592156144e-06-2.375709341552754e-07j),(-6.96609632129305e-06+3.3480409651381764e-05j),(-7.567479612390374e-06+1.8489378862324683e-05j),(4.892782447761293e-06-3.6203620582421476e-07j),(-6.494536618551589e-06+3.597477159885119e-05j),(-7.571023954245762e-06+1.848311979195683e-05j),(4.8899849911085135e-06-3.6344803305713306e-07j),(-6.4866759738172335e-06+3.597826470626353e-05j),(-7.613194028915803e-06+1.7960704329098192e-05j),(-8.586351374858709e-06+1.7396275143786665e-05j),(4.9380489328593726e-06-6.657455046677044e-07j),(-6.581719418248161e-06+3.536286464435818e-05j),(-8.622381338401577e-07-5.940490797320622e-06j),(1.3084341153601705e-05-1.7118107097842392e-05j),(-1.8285963397750314e-05-6.489029662907776e-06j),(8.84359515152356e-06-3.780393382172358e-06j),(2.1144052793046937e-06-7.80233900241387e-06j),(1.9690431665764317e-05-1.9371376339002836e-05j),(-5.303639863495684e-07-7.311178145717941e-06j),(1.162082948157311e-05-1.7328060376855195e-05j),(-1.8047614442638752e-05-8.641952766991686e-06j),(2.0580887219044976e-05-2.631218706294377e-05j),(-3.1271460977078753e-05-3.0188241734588133e-06j),(3.30439332729024e-05-2.880047419411298e-05j),(2.0754950392299058e-05-2.622289866496692e-05j),(-3.1404530230311236e-05-2.283797567799414e-06j),(3.359193518278501e-05-2.86783388754851e-05j),(-2.8007219969023585e-06-4.645555370349842e-06j),(-1.4112857357542388e-06+1.7846231456702808e-05j),(9.412038117590577e-06+5.317210503341146e-06j),(-1.4233209905011848e-06-3.2578189285233567e-07j),(9.475245940991339e-07+1.1051546248048706e-05j),(4.784644533297139e-06+4.39684338115098e-06j),(-1.1922837450470063e-07+4.409777269321315e-06j),(1.3178178125495975e-06-3.113484090507352e-08j),(-2.29072738028627e-06+1.0822383401338864e-06j),(2.7406827031980366e-06+1.0735859386195383e-06j),(3.3799754893376423e-06-6.45313814212256e-06j),(3.7176041373099076e-07-2.8531346921201956e-06j),(-5.197950609704507e-07+5.017514596920148e-06j),(9.63273249311324e-07+2.8422294638439454e-07j),(-3.0276698134188945e-06+1.4187314796925646e-06j),(5.5901465357687315e-06-3.328609416418868e-06j),(5.179805554109537e-06-1.438847415122791e-05j),(3.184521136309828e-06-7.762497423287877e-06j),(5.900459469159469e-06-3.726890037052893e-06j),(5.403459926271349e-06-1.5035046402621956e-05j),(3.4986092983406507e-06-8.233324761998443e-06j),(5.687683160336967e-06-3.5394653319176207e-06j),(5.222574193428494e-06-1.4808251715237104e-05j),(3.278059653083553e-06-7.978868146169682e-06j),(-2.73369340805715e-06+7.503314015562177e-06j),(-1.120980853762462e-06+1.5690989685910778e-06j),(-6.650914079830615e-06+2.773475544328859e-06j),(-8.627403319344951e-06+1.2467001366798277e-05j),(-6.858298066112409e-06+4.090688868442544e-06j),(-1.5456164165063836e-05+5.39687658597512e-06j),(-9.084974057391033e-06+1.2855810576014944e-05j),(-7.30617633590895e-06+4.293507687107174e-06j),(-1.6135086729647248e-05+5.6097346593374625e-06j),(-2.80049588439444e-06-4.653214689517794e-06j),(-1.4167436727576307e-06+1.7852769473716486e-05j),(9.42080113716876e-06+5.315464212583638e-06j),(1.4247734648031378e-06-1.7804846186244454e-06j),(-3.170470396798358e-06+7.052859150437804e-06j),(-1.0765952353533484e-07-5.32175392133696e-07j),(-8.256008814669e-06+3.549097668572155e-05j),(-2.3267946067048445e-06-4.505082105550737e-06j),(-1.8328928469564242e-06+1.6536681731052905e-05j),(9.140651034124587e-06+4.84510524985165e-06j),(-1.5561245355663431e-06-5.621878393599203e-07j),(4.759390493267956e-06-1.8506026952112595e-05j),(1.178501170385037e-06-1.4189350256288067e-06j),(-5.312846716037485e-06+1.1353576232622154e-05j),(-2.854722275719388e-06-4.722904403152346e-07j)
2,(6.497258875785582e-05-0.00038480472561932074j),(8.586852193925313e-06-7.240846045439704e-05j),(0.99992644055905+0.0004572131860708328j),(3.257745386890872e-05-0.00011311846922442846j),(-1.3940854295665275e-05+5.735316249891637e-05j),(-1.834609844618014e-05+5.5067319368920964e-05j),(0.00045190864291924665+0.00036879408739448746j),(-0.00023835353475565573-1.4047293663016697e-05j),(-0.00019719733764881936-0.0004465154863188478j),(0.0006035034621257043+0.0004980895340106157j),(-0.00027831147080771334-0.00018319979628498933j),(-0.00030977806341659145-0.0004292441627381668j),(-6.976791723074786e-06+3.13520643780366e-05j),(-9.383380514445265e-06+0.00011211955882919065j),(-0.00012813053592165136+5.156219879930501e-05j),(6.42260911871735e-05-0.00011426344283447436j),(1.841278378527531e-05-0.00011672603885636332j),(-8.653670167279488e-06-5.403497434555246e-06j),(8.290381568502558e-05+7.362120392989816e-05j),(-1.2772784469981517e-06+1.4303709441427186e-06j),(7.963928570036321e-06+9.190510631644463e-06j),(-1.4867123629449697e-05-1.246003660446334e-05j),(-1.8600484468485963e-06+3.620707573272722e-06j),(8.485029099777407e-06+9.110004310401461e-06j),(-1.58564245345102e-05-1.4161108650467596e-05j),(-1.8600604495379805e-06+3.6450682420828574e-06j),(8.476378411214905e-06+9.106751707838226e-06j),(-1.5854922474146462e-05-1.4161439688480536e-05j),(-1.811801535796557e-06+4.15422366550384e-06j),(-2.1139337659882827e-06+6.472451755328219e-06j),(7.996399524194489e-06+8.909526554567742e-06j),(-1.5159912825478081e-05-1.3742786534392976e-05j),(4.38191812662918e-06-2.2115339712750295e-08j),(-1.2470063117611663e-05-5.8718442676068585e-06j),(2.9993049931061397e-05+9.059190168916675e-06j),(-1.3469858612961735e-05-3.025610888533358e-06j),(4.215007670651079e-06+3.160744114467103e-06j),(-2.1830262930035565e-05-9.674914672232741e-06j),(4.612288612699562e-06+2.3960602165516297e-08j),(-1.1833827544357323e-05-5.612957450976048e-06j),(3.173561306215255e-05+1.0296313573581378e-05j),(-2.0468819204940823e-05-5.056143504633741e-06j),(8.278129986745303e-07+4.803779888713581e-06j),(3.7496929154414495e-06+1.0785107967536901e-05j),(-2.060807481267128e-05-4.909805153715269e-06j),(1.151156567011256e-06+4.747445370364971e-06j),(3.4084997313809764e-06+1.0529135000166706e-05j),(-2.4204427906160794e-06+3.1987291301510187e-05j),(5.2417002043608255e-06-8.51958155257201e-06j),(8.343017995257543e-07-2.338230907011147e-05j),(-3.735474906176726e-06+9.176374204306906e-06j),(5.484386941452986e-07-1.245771707045975e-05j),(-2.280748923130774e-06-1.881016417582302e-05j),(8.944583853138035e-07-1.144983520963612e-05j),(-1.8053795547485332e-06-5.895550289156459e-06j),(-2.659549810069492e-06-1.0288072349826251e-06j),(2.3014735603728285e-06-1.0992825478825342e-05j),(-1.8126319626673183e-06-1.679099437895098e-06j),(-2.082011635606834e-06+5.454268617918294e-06j),(9.87999891440001e-07-1.2061258819515433e-05j),(-1.8257281955852066e-06-5.796704937363468e-06j),(-2.6741297612338304e-06-7.716403471876249e-07j),(4.348011804034482e-06-7.758119037833253e-06j),(-1.2573701078731776e-06+5.6839277588259825e-06j),(-9.102292691444932e-07+1.4906769333560326e-05j),(4.589445005671382e-06-7.432146729784537e-06j),(-1.1944078412746952e-06+6.327724721800757e-06j),(-7.688640367511335e-07+1.5921746327176193e-05j),(4.413925551535309e-06-7.5959839755178164e-06j),(-1.2337076997899512e-06+6.070163731869436e-06j),(-8.714771415944295e-07+1.5274040176226505e-05j),(1.7515490247506178e-06-1.284527947930905e-05j),(-1.4845968668751233e-06-3.5697814486973327e-06j),(-2.3410812510979587e-06+1.899103970193796e-06j),(4.323835801021774e-06-1.0125132038271632e-05j),(3.0130446482285616e-07+5.474681103766961e-06j),(-6.523628973648527e-07+1.1363980957187814e-05j),(4.5233014268163384e-06-9.898054924138248e-06j),(4.45634228128101e-07+6.1800532531057115e-06j),(-5.149285880425508e-07+1.2102036336597148e-05j),(-2.420744187141572e-06+3.201368733481476e-05j),(5.247532496320111e-06-8.513491126689059e-06j),(8.390243475775437e-07-2.33843706189114e-05j),(5.188279643066702e-07+1.2834560512275607e-05j),(7.858456582098549e-07+1.4164892010226742e-07j),(-3.471590087957775e-07-1.2636503965047014e-05j),(1.3273006698800165e-05-6.109489508474193e-06j),(-2.5141094312182353e-06+2.9807777034002552e-05j),(4.970311540033989e-06-7.750716048633897e-06j),(9.061645209008356e-07-2.1559626285350137e-05j),(-4.841234904365847e-06+9.144437035564336e-06j),(-1.1203604388844364e-06+9.469641650604144e-06j),(3.0543576267810408e-06+1.618125112448653e-05j),(1.1060586967395673e-06+1.5195422106951293e-06j),(-2.9743384295817067e-06-1.8830543540606788e-05j)
3,(-3.996356972614746e-05+0.00014526846263979618j),(7.386115855733668e-06-3.21499934165956e-05j),(3.257745386890872e-05-0.00011311846922442846j),(0.9999780025221161+8.648988388050936e-05j),(1.3616152404884768e-05-0.00037832855251879264j),(7.265993636470786e-06-0.00032348799311703j),(-0.00041099804836727165-0.00030315969324225256j),(0.00021341283793216843+0.00017621767830209114j),(9.32651708367248e-05+0.00013761905735046169j),(-0.0005442254149148715-0.0004307088750812293j),(0.0002648765295794855+0.0003149839855821658j),(0.00012932801963515245+0.00016576554207308229j),(2.3745671161794006e-05-4.2780306942687976e-06j),(-1.8133375114531516e-05-0.00011789693090600867j),(3.488460496755782e-05-2.1400486167881972e-05j),(6.4683382199316145e-06+5.617189470737507e-05j),(-1.176560584689618e-05+9.983001344531411e-05j),(-1.2621534168707497e-05+3.99229168723855e-06j),(-3.8058151081697344e-05+3.401627123218253e-05j),(3.93902185413489e-06-9.689157075136045e-06j),(-1.369122795963819e-05-3.916522430199454e-06j),(1.971758475304448e-05-7.251165455243951e-06j),(4.545703266789947e-06-1.1911480080165161e-05j),(-1.393717079180741e-05-3.361686173213245e-06j),(2.0548318554798453e-05-7.766653638627327e-06j),(4.543750584701313e-06-1.192616817737516e-05j),(-1.3922310848485793e-05-3.3583886959526623e-06j),(2.053682086241543e-05-7.777513649602968e-06j),(4.398090984940547e-06-1.2007844685837603e-05j),(5.071497481584774e-06-1.3889655234218512e-05j),(-1.3257150538147769e-05-3.1618172188416292e-06j),(1.9666638212301324e-05-8.019543917105463e-06j),(-8.113419251578956e-06+7.465889105901903e-06j),(1.2378638896914668e-05+1.0244841475866641e-05j),(-2.739753223469072e-05-9.174473809589901e-06j),(6.953520419406213e-06+3.799987935241646e-06j),(-2.276498949362887e-06+2.427152485602462e-06j),(2.171541218900037e-05+1.2588368922142207e-05j),(-8.781396066772875e-06+8.15175068659215e-06j),(1.213290027896172e-05+1.0009984533208696e-05j),(-2.9428603636000627e-05-9.083648450662857e-06j),(8.845283124435935e-06+1.3233921709153879e-05j),(8.872585726044199e-06-6.743311025394553e-06j),(-1.1452093239338256e-05+6.2071952841518085e-06j),(8.990632091253495e-06+1.3043738194231223e-05j),(8.623469011853494e-06-6.92987101208352e-06j),(-1.1206555370984807e-05+6.4542606971450944e-06j),(4.634292904228595e-06-2.2813252286228844e-05j),(-2.017753904572552e-06-9.271678881136114e-07j),(-4.4211389721329285e-06+1.5401057437308863e-05j),(3.2758498350453634e-06-8.922642860017068e-06j),(-8.542531288772142e-07+3.396163496502191e-06j),(-1.041071464543361e-06+1.0886945325817739e-05j),(-1.2206195855059137e-06+5.985556248826782e-06j),(-6.6585604997718e-08+3.4404992906208236e-06j),(2.4148244270034533e-06-6.783616495571506e-07j),(-3.506320141204227e-06+7.833260975607742e-06j),(-6.53478423197863e-07+3.526625226262555e-06j),(7.471348589002817e-07-3.8007495533425024e-06j),(-1.1098999425980258e-06+6.211992917317541e-06j),(5.3417920381500235e-08+3.239972027810351e-06j),(2.789969051421143e-06-9.454147831437681e-07j),(-6.070577310748975e-06+8.584834339286558e-06j),(-1.2741798452234232e-06+2.4314034106093432e-06j),(-1.2608543792475037e-06-8.336129231102498e-06j),(-6.3717168920520444e-06+8.646217476752518e-06j),(-1.3840282090982435e-06+2.313223658418703e-06j),(-1.4997916041597687e-06-8.849868151868946e-06j),(-6.148255644355046e-06+8.607215266235566e-06j),(-1.270621949466569e-06+2.377627363208168e-06j),(-1.321466232950808e-06-8.496593169048349e-06j),(-5.440313201700894e-07+6.1734029917777656e-06j),(6.223552983362681e-07+1.3827840727911232e-06j),(4.457171566985067e-06-2.908116555591872e-06j),(8.144310832261118e-07+3.702985156171733e-06j),(1.9220674844383328e-06-4.929319377100744e-06j),(8.109258889647926e-06-9.049150274902838e-06j),(9.212228526712193e-07+3.4997146941570965e-06j),(2.0218414903785744e-06-5.422265196717586e-06j),(8.386510856411532e-06-9.531824000868373e-06j),(4.636877897343607e-06-2.2827973433357402e-05j),(-2.018511552912351e-06-9.327852791669699e-07j),(-4.426834324819532e-06+1.5405337520808966e-05j),(-1.0889689776855257e-06-9.598207460936002e-06j),(1.314880733837067e-06-3.705886044021203e-06j),(8.128962644724108e-07+1.1131078580698877e-05j),(-4.4412403796220305e-06-7.071453814544244e-06j),(4.425438514423397e-06-2.1143147076435938e-05j),(-1.7659663040263786e-06-9.95226314838133e-07j),(-4.330857801389594e-06+1.4290295330571407e-05j),(3.881204520217732e-06-9.183570995297468e-06j),(-6.525417021927847e-07+1.9350737167607002e-06j),(-3.151231026669743e-06-1.2818991372738877e-05j),(2.1074946032162536e-06-7.416840967700048e-06j),(4.807247455051915e-06+1.652121729601011e-05j)
4,(3.343666989525701e-05-0.00011989175327634764j),(-1.9495815598263286e-05+6.253859077902043e-05j),(-1.3940854295665275e-05+5.735316249891637e-05j),(1.3616152404884768e-05-0.00037832855251879264j),(0.9999835742291565+4.432049018418107e-05j),(1.4318180987917657e-06-0.00028100810214265926j),(0.00021359935454153876+0.00017440564909854041j),(-0.00027119426620990947-0.00034491544466721917j),(-6.35378159976556e-05+0.00018183483708660898j),(0.0002655508922930045+0.00031431588929291737j),(-0.0003733940710709501-0.0004082894281735381j),(-5.920024381658322e-05+0.00014398134896270606j),(-4.0445124019336755e-05-2.4168917165424753e-05j),(5.190598626707754e-05+0.0001410713951872399j),(7.675295719961894e-05-9.105967405542774e-05j),(-7.055740775922857e-05+4.604106056514505e-05j),(2.533769190391882e-05-5.23738969848869e-05j),(1.966771785978163e-05-3.797706192634127e-05j),(-3.158283027354475e-05-9.374854184609623e-06j),(-5.3794035349288004e-06+1.1530644987556872e-05j),(1.1380405877032134e-06+6.475914838651009e-06j),(-5.457287972011763e-06+1.6350538677172178e-05j),(-6.524118169344073e-06+1.3068782797191938e-05j),(1.1390100455145212e-06+6.79461693859017e-06j),(-5.22949725733671e-06+1.6732899671052387e-05j),(-6.530301640746544e-06+1.3074669957155125e-05j),(1.1409502665622164e-06+6.792362551908961e-06j),(-5.23036280228379e-06+1.672579639513433e-05j),(-6.665273422365509e-06+1.297981707701803e-05j),(-7.451704705965779e-06+1.3089829228709466e-05j),(1.3242701506724875e-06+6.4131641123646495e-06j),(-5.413441630863396e-06+1.6268887168825688e-05j),(-4.021108886670684e-06+7.214452359412165e-07j),(1.3435621455374578e-05-1.588841024486183e-05j),(-1.4133611247196797e-05-6.077656128237574e-06j),(1.8038776057688194e-06-3.990819467916666e-06j),(4.9852776193491205e-06-2.7784829335847843e-06j),(1.975075434890079e-05-2.0458379108846434e-05j),(-4.030139271288336e-06-9.189496114320167e-08j),(1.2246984500510104e-05-1.608360099447188e-05j),(-1.3897013399819807e-05-7.001145769113193e-06j),(9.44883343384684e-06-2.2443202605913182e-05j),(-2.5737317398218613e-05-5.197057584641839e-06j),(3.0710281421353996e-05-1.3731592553965986e-05j),(9.62982668057584e-06-2.2364769477138828e-05j),(-2.578138700658543e-05-4.60877124364714e-06j),(3.119320359380656e-05-1.363348579989863e-05j),(-1.7139927718765437e-06+8.185515762578839e-06j),(2.1732423510991475e-06+9.742510851481374e-06j),(7.520154822407761e-06-4.983896043328796e-06j),(-2.725976549829575e-06+1.0894442329776815e-06j),(8.492695487316876e-07+1.8481594608212089e-06j),(2.028303217830213e-06-5.44072254512472e-06j),(-2.3711325517979602e-07-1.9883710866650867e-06j),(-5.348357677040197e-07-3.2923233419064283e-06j),(-3.222040187543591e-06-6.785837100320392e-07j),(2.379411950273681e-06-3.3601578225438503e-06j),(1.2570194567241652e-06-5.690444784657179e-06j),(-1.2436795232049904e-06-8.645651536935136e-07j),(-4.762994827244381e-07-1.7707300538908162e-06j),(-8.476744374163483e-07-3.0282229940253384e-06j),(-3.7108115033966706e-06-2.8205270073509856e-07j),(5.4092711569441936e-06-3.880245655336059e-06j),(3.3345215193632232e-06-7.415945422966398e-06j),(1.212150968000377e-06-1.9064387640963005e-07j),(5.737531816201568e-06-3.894766897741143e-06j),(3.5516453542212806e-06-7.534418181649476e-06j),(1.4829979524385498e-06-8.064412234950219e-08j),(5.5185871343155995e-06-3.911485144577496e-06j),(3.414703404478869e-06-7.507578186619999e-06j),(1.2998026959954144e-06-1.7815843801617965e-07j),(-1.5883039290023538e-06+9.900419915476447e-08j),(-2.3143977555690065e-06-9.266472125096149e-07j),(-5.846588406511846e-06+2.277837680389996e-06j),(-4.127530457497877e-06+6.2933199600474185e-06j),(-5.681887945737332e-06+5.8235987699601615e-06j),(-1.0469432491669316e-05+9.752988099524164e-06j),(-4.323906868569753e-06+6.784712994997215e-06j),(-5.940961773879195e-06+6.35645074976448e-06j),(-1.0822292486830887e-05+1.0341696425690015e-05j),(-1.7117699604197139e-06+8.192046966789153e-06j),(2.17271816662322e-06+9.751227607433208e-06j),(7.5298711715668245e-06-4.983772528097919e-06j),(9.444661845689636e-07+2.999957606387581e-06j),(-1.5061651305397061e-06+4.43631882401402e-06j),(5.024686334763151e-07-3.846891147966035e-06j),(7.601220000767123e-07+2.6425531240860925e-05j),(-1.4597014965344076e-06+7.542867806327191e-06j),(1.6471925994421588e-06+9.048309169202416e-06j),(7.362494237647785e-06-4.5622209225245146e-06j),(-3.523731314731514e-06+5.114487499193437e-07j),(3.64409994095205e-06-8.299851206954041e-06j),(1.4211770840267425e-06+4.0377009623697496e-06j),(-2.871920953577389e-06+7.15509122475105e-06j),(-1.5194478473383389e-06-5.509096546822857e-06j)
5,(6.554738440101659e-06-2.5203169082738217e-05j),(1.1791360005962862e-05-2.986415028670761e-05j),(-1.834609844618014e-05+5.5067319368920964e-05j),(7.265993636470786e-06-0.00032348799311703j),(1.4318180987917657e-06-0.00028100810214265926j),(0.9999895933185106-9.927069204797949e-06j),(9.452501878039211e-05+0.00011477833097511619j),(-5.2337567429853325e-05+0.0001535483696671828j),(-0.00012695130399334578-0.0003608202622834614j),(0.0001297525908693765+0.00013740110667586757j),(-4.851157136552301e-05+0.00011021278325923904j),(-0.00021190854190958255-0.0003268366809888812j),(1.628343404758667e-05+3.273837025037518e-05j),(-3.0129130331678645e-05+7.522474342882586e-06j),(-0.00011194426061900402+3.442504774885972e-05j),(8.039766445296672e-05-7.176235020546509e-05j),(1.1037848195900719e-05-3.243998431732076e-05j),(-2.225688499863393e-05-2.173719860814493e-06j),(5.48290998036936e-05+0.00011881202884020945j),(2.471980859723469e-06-8.126242959427392e-06j),(-4.817507021160001e-06+6.648218315581936e-06j),(3.050197442516757e-06-2.158126924559954e-05j),(2.3817139865881586e-06-7.872807235792527e-06j),(-4.471246618008133e-06+7.1177993125774096e-06j),(2.7872307878150208e-06-2.404169533268666e-05j),(2.3793748809587015e-06-7.859801392467161e-06j),(-4.466145428635222e-06+7.117249686216953e-06j),(2.7774774004223436e-06-2.4052950921708078e-05j),(2.2812117981754676e-06-7.361079501275159e-06j),(2.5808075682482487e-06-6.606671211074711e-06j),(-4.341865757832033e-06+7.082344559132851e-06j),(2.6905298224828468e-06-2.3811161557135948e-05j),(-3.1493964725266764e-06+7.500724762603644e-06j),(-1.6926638294356823e-06+3.408175325634868e-06j),(6.516852918046821e-06+1.5255015486288374e-06j),(-8.301897800154315e-06+1.8204865210737837e-07j),(2.435234511706291e-06+6.059494037004241e-06j),(-2.911178916350756e-06+1.3052447228933208e-06j),(-3.558693948500416e-06+8.243124913910469e-06j),(-1.220804500210985e-06+3.4742754197871136e-06j),(6.44451122847559e-06+3.0445244326615157e-06j),(-1.4377340129535383e-05+7.198326188231957e-06j),(9.730094793579875e-06-1.3010374466834188e-06j),(-7.321510809665948e-06+1.854057151901917e-05j),(-1.439237794223013e-05+7.172668394841677e-06j),(9.849430259314808e-06-1.546831714870527e-06j),(-7.459048835014589e-06+1.8492389425663237e-05j),(1.3924986915353759e-06+1.3496829499454292e-05j),(4.070466266925229e-06-1.0538379665929166e-05j),(-3.1148510447463206e-06-1.118028821642556e-05j),(-1.1103405115522726e-06+1.4773382756616304e-06j),(-4.075963476702941e-08-1.0733810797392511e-05j),(-3.3488920177837397e-06-1.0513882200047507e-05j),(-2.68086086847067e-08-6.999338197898781e-06j),(-2.0259160406077615e-06-3.273454687529917e-06j),(-5.960717206353001e-07-1.8717995445383933e-06j),(-7.19259616590562e-07-4.6210158294949154e-06j),(-2.6868273426912777e-06+1.601440292108042e-06j),(-1.70746498912575e-06+2.3789057138996117e-06j),(1.9954893861344585e-07-7.466548252843529e-06j),(-1.9302498936907094e-06-3.3627602150639684e-06j),(-2.413069768062797e-07-1.8469678536502304e-06j),(-1.005805703742015e-06-1.7960820101204348e-07j),(-2.7908814244721923e-06+8.873251049249678e-06j),(-2.5293551345337794e-06+8.594364030176518e-06j),(-1.0373108926912148e-06+2.5392446090439277e-07j),(-2.838999478949749e-06+9.486687792282675e-06j),(-2.6231957430597176e-06+9.235152885497257e-06j),(-1.0110567124749899e-06+2.739832468212347e-08j),(-2.7665298862703686e-06+9.25837466002883e-06j),(-2.5516201755035817e-06+8.85153013956279e-06j),(1.6451290887816337e-06-8.389957425700333e-06j),(-1.0062880028867672e-06-2.692177681722675e-06j),(1.7642449029819331e-06-7.743683721965716e-07j),(5.8852631669354325e-06-7.752227043837157e-06j),(2.1878126327008348e-06+1.2727788085874912e-06j),(7.192455941840482e-06+3.845969812835692e-06j),(6.215259894202472e-06-7.696161111394962e-06j),(2.44105019974888e-06+1.5814050046570263e-06j),(7.614730871773497e-06+4.202521081780031e-06j),(1.3943327906274486e-06+1.3512058228644395e-05j),(4.076244136027463e-06-1.053702602702138e-05j),(-3.1151395750436782e-06-1.1178317271251579e-05j),(-6.99546213968786e-07+5.0022033838490805e-06j),(2.2088632492910957e-06-3.5371431942858933e-06j),(6.141580914570182e-07-3.2439164840291088e-06j),(1.0757362990810326e-05-1.3808797673370174e-05j),(1.110287975590577e-06+1.2688414414693943e-05j),(4.002144991491806e-06-9.736820633380751e-06j),(-2.9702658341373613e-06-1.0217020964224022e-05j),(-1.760118348418349e-06+1.1707187945200442e-06j),(-2.0747795237616444e-06+1.2678620224726844e-05j),(6.817918146318142e-08+5.632971690255484e-06j),(3.34552873940848e-06-5.676064990421468e-06j),(1.7181882321879437e-06-4.933993986011563e-06j)
6,(-0.0005594449225596921-0.00041865082748690583j),(0.00010753627954925563+4.985674008239189e-05j),(0.00045190864291924665+0.00036879408739448746j),(-0.00041099804836727165-0.00030315969324225256j),(0.00021359935454153876+0.00017440564909854041j),(9.452501878039211e-05+0.00011477833097511619j),(0.9531769872327237-0.012033136049909687j),(0.004261622160138521+0.008219108312374525j),(-0.0032905716522392816+0.007347577276393059j),(-0.06295712695196136-0.012803222190000553j),(0.00572258893515016+0.022070971666219533j),(-0.004498960379871924+0.013386643259786921j),(0.0013935459851674896-0.0005500192507349377j),(-0.0017897991564133227-0.004012058784190295j),(0.00042833544063680066-0.011659247828189723j),(0.0038059133991957244+0.007258790432512312j),(0.00437338222419345+0.008366271212239196j),(-0.0035723180891090904-0.0033679172600273657j),(0.00021381271201035505+0.01993654757465016j),(7.4385652423385635e-06-0.0014696341819976897j),(-0.0027907084158455353+0.0015692500245624661j),(0.0028984520630508004-0.0027448926890978878j),(-7.999607918881115e-05-0.0016682731361081344j),(-0.0027468910771453513+0.0017674017517951756j),(0.002964654545830523-0.0031150902554633445j),(-8.152121983117364e-05-0.0016685155821805995j),(-0.002743195281414798+0.0017667595996234712j),(0.002960186926413638-0.003118392222523037j),(-0.00012829693129973573-0.0016247304271706543j),(-0.00012800368609472516-0.0019003717203370956j),(-0.002584329068765185+0.0017128293471893406j),(0.0027457171819855017-0.0031410653966998294j),(-0.0017614129895088257+0.002959748458400498j),(0.003886378170903917-0.0005417947656240017j),(-0.006715952671909691-0.0007315094724393029j),(0.0006587144601227826+0.00011702496901420554j),(0.0006664027401959108+0.0007016512688970412j),(0.006182743529537049-0.0014940677554741242j),(-0.0019035825121078644+0.003120967869194452j),(0.003735571715320085-0.0005686514131831985j),(-0.00705662043616448-0.0005588602617731218j),(0.0013659294601452662+0.00034112788129698254j),(-0.0008351179743380363-0.0019994524940636885j),(0.0011451172130141985+0.0014846991200374885j),(0.0014057797190351407+0.00029964722733891863j),(-0.0008728029126305803-0.001982072120068166j),(0.0012473955260560573+0.0015154431056357306j),(0.00037351632608115986-0.0020112943512043614j),(0.00027068341776212684-0.00029093919284005256j),(-2.444885614596244e-05+0.0011273607427156706j),(-0.0001912835663437984-0.001433941352873197j),(-0.00016838709283949747-0.00033923044855591034j),(-0.0002855109562857265+0.00030001831497528456j),(-0.00024320154053781998+0.00016374069835659656j),(-0.0003377929591678638-3.750677424150682e-05j),(-0.00010861105135523587-0.00042630775307420825j),(-0.00031857157785394495+0.0006725343891234496j),(-0.00022850754715218941+0.0002391027189325548j),(-0.0003405720350922761-0.0005004084584871245j),(-0.000221933590606382+0.00017460873995062885j),(-0.00034639193769815636-5.3075753072372774e-05j),(-5.654544027205473e-05-0.0004406101015242205j),(-0.00031601666711233474+0.0013002041129423797j),(7.344115199763597e-06+0.0006221427599033188j),(-0.0005298872285984747-0.000521185764472495j),(-0.00032136364190440373+0.0013651918789613993j),(1.6497123250159612e-05+0.0006555877769514713j),(-0.000555375603896276-0.0005258705908329733j),(-0.00031172987298132895+0.0013248894289306175j),(2.672387882862347e-05+0.0006414092029490459j),(-0.0005329601129646623-0.0005197913357010657j),(-5.820888313153228e-05+0.0002497319702797193j),(-0.0003171838645201986-8.628938415549412e-05j),(0.00024330048450510087-0.0004594233566440931j),(0.00046002265623389116+0.0004833211840111001j),(-9.78207421506443e-05-7.425347297316284e-05j),(0.0010596783995535982-0.0003986244672864209j),(0.0005006457062606308+0.0005011827218103865j),(-7.997425445264148e-05-7.289347490085961e-05j),(0.0011225938735053517-0.0003941590712132836j),(0.00037442281282364846-0.0020118071133569844j),(0.0002711632320251459-0.0002909191664585897j),(-2.411853309001533e-05+0.0011284055383478254j),(-0.0003962774500713683-0.0008402580647729739j),(0.00016386503918243078-0.0006539743260135858j),(0.0006110556796490659+0.0012002951093221656j),(0.0005043854011191982+0.00013965692607057194j),(0.0003700094998046592-0.0018535704389158608j),(0.0002473686374845542-0.00029059983225863083j),(-2.2148102037614298e-05+0.001073364535108565j),(-0.00028606167091912657-0.0015739321120067484j),(0.00030802349584272337+0.0007931527008006827j),(-0.0007477435768900998-0.001190690357448111j),(0.0001148338382242423-0.0013033169488158125j),(0.001409154599113412+0.0016602923662695005j)
7,(0.00043477363412237164+0.0004603070834475315j),(-0.00019642009932853004-0.0004462597897520238j),(-0.00023835353475565573-1.4047293663016697e-05j),(0.00021341283793216843+0.00017621767830209114j),(-0.00027119426620990947-0.00034491544466721917j),(-5.2337567429853325e-05+0.0001535483696671828j),(0.004261622160138521+0.008219108312374525j),(0.9616958149244829-0.018653614094327652j),(-0.012607502230607692+0.014665528455933583j),(0.005717986614519108+0.022212847150394736j),(-0.05115681241507007-0.01615752636098901j),(-0.016991750044849395+0.017228955093448187j),(-0.0032853490310491167-0.0007111075715128163j),(0.007732481417423446+0.012309362528637749j),(0.0025764995712480197-0.017445253366960574j),(-0.0020876550621183763+0.008532120228816886j),(0.004081808355496354-0.0027809377950364397j),(-0.0019576502240309093-0.0068628630573085055j),(-0.00041442056551267313+0.016221061316426956j),(-0.0002640555887519595+0.00021821889062694638j),(-0.0015472838276841055+0.001988490512169588j),(0.0015657484676912248-0.0005245237394890098j),(-0.0004035743558777955+0.00031312685484279805j),(-0.0014926504268354026+0.0021629317270648084j),(0.0016081270213494825-0.0008091712195097854j),(-0.00040499286737879126+0.0003143373838625906j),(-0.0014899765755859195+0.0021621397400582347j),(0.0016045221733008053-0.0008123657543497925j),(-0.0004504221422899817+0.0003547217114848156j),(-0.0005134743967169377+0.00024261077328277146j),(-0.001375478759500428+0.0020771166941118153j),(0.001434517450657525-0.0008644193750503206j),(-0.0015938393141113213+0.0023760888918047353j),(0.0034941909282439495-0.002394570227360274j),(-0.005770642886305649-0.0007832315898962479j),(0.00019652476893867576-0.00032877888398515564j),(0.0010647039691456701+0.00017554726301261892j),(0.005465277123621395-0.0037589325765001198j),(-0.001716256566462295+0.0024167398246660683j),(0.0032756488786652833-0.0024023684477328085j),(-0.005971885493576863-0.0007312404101701064j),(0.0008196872821699654-0.002191737806590493j),(-0.003262349973790601-0.0012568197111350946j),(0.0037621163960885368-0.0007693852386487941j),(0.0008671466909720284-0.0022149250221081954j),(-0.00327222761649994-0.001187965041762119j),(0.003878947408101153-0.0007529089442188342j),(0.0005009851840653463+0.00020399024219284957j),(0.0007382219896318363+0.00042781228719516334j),(0.00044693510580229366-0.00046254447777488255j),(-0.0004169259613875704-0.0006300565805667364j),(-7.954361418975202e-05-0.0004252692545123588j),(-0.0003570141036104981-0.0008448320956284362j),(-0.00032254117274231077-0.00037635921107627033j),(-0.000485672805767597-0.00048263850952590733j),(-0.0004991940427049957-0.00031256090526645173j),(-0.00011218402702191838-0.00019475029515445452j),(-0.00025214322149214697-0.0004467054698783053j),(-0.0004172148744906091-0.0002703444334756568j),(-0.00032707592759646516-0.00035739647556840573j),(-0.000516431346690162-0.00045748469981585444j),(-0.0004968464515395767-0.0002646514436466685j),(0.00025845318183385593+0.00021861383720558642j),(0.00016204106810769695-0.00019261689435994j),(-0.0001949235431943021-4.1119511874989414e-05j),(0.0002957384936981829+0.0002644770228139772j),(0.0001943165634483328-0.00016823139116377143j),(-0.00017288894949217418-1.4921983182194934e-05j),(0.00027482960746107074+0.0002350859344791603j),(0.00018602465429404613-0.00017924936906610746j),(-0.0001843408191046584-3.166594440777928e-05j),(-0.00025271646069934054-0.00011390024340184052j),(-0.0005609371218683873-0.00018086271947019287j),(-0.0003884045111862208+9.73304346093239e-05j),(0.00013194534440377857+0.0007922430381393267j),(-0.0004420966584541082+0.0008075422923067734j),(7.612403978029457e-05+0.001238726325060968j),(0.00016256108328795876+0.0008638305268147191j),(-0.00043162166636493115+0.0008854526964157098j),(0.00011284046286546705+0.0013278613601965116j),(0.0005022521765752279+0.00020489194646923373j),(0.0007389546122823183+0.00042881970753459156j),(0.000448266014988461-0.00046208530391152295j),(-1.8135974733669472e-05-2.300375766344485e-05j),(0.00010768926552451763-1.773831247887036e-05j),(0.00030926573714720756+0.00017815232371380153j),(0.0014264977913693872+0.0024514600245306734j),(0.00048808458221955925+0.00019567880802499383j),(0.0006496303624407477+0.0003947853042078805j),(0.0004596074256292195-0.0004095580096707965j),(-0.0006119450538299865-0.0007644787213088148j),(0.0004312312806997548-6.080561662598458e-05j),(-0.00011772936949979485-0.00012595693588761985j),(2.2215187424729484e-05-0.00016926718747924056j),(0.000552264024541894+0.00026710512377520917j)
8,(0.00013972764604895202-4.237790699265212e-05j),(5.7469691600924616e-05+0.0004888933932499719j),(-0.00019719733764881936-0.0004465154863188478j),(9.32651708367248e-05+0.00013761905735046169j),(-6.35378159976556e-05+0.00018183483708660898j),(-0.00012695130399334578-0.0003608202622834614j),(-0.0032905716522392816+0.007347577276393059j),(-0.012607502230607692+0.014665528455933583j),(0.9719804202889817-0.02639910066074418j),(-0.004470813379530052+0.01375067993487614j),(-0.017117954153185434+0.01772360034226378j),(-0.037673376827027434-0.019560898268048472j),(0.002102877151697071+0.0028149259626330135j),(-0.0009479789503031352+0.003842413166028621j),(-0.01067579347006017-0.0036041537974091514j),(0.0077628966806287635-0.004260709334844949j),(0.0033300766216946076-0.0015693795318535864j),(-0.004578105900921553-0.003126091290593276j),(0.009160408898885121+0.024329724901433716j),(-1.4084664418455729e-05-0.0014349408493718524j),(-0.0018832270689906584+0.0021069672514726643j),(0.0013904054237512122-0.0036605388381469976j),(-9.42950982662699e-05-0.00144853409663278j),(-0.0017965853643953755+0.002279845096822771j),(0.001334208854719312-0.004154198182133157j),(-9.524152219182866e-05-0.0014467411253989912j),(-0.0017937934877150898+0.00227911172619053j),(0.001329952039808356-0.004157397914607947j),(-0.00012514078832337797-0.0013595866118247223j),(-9.62598403139377e-05-0.0014250787171070176j),(-0.0016854044976604404+0.002222376442748355j),(0.001189323093196094-0.0041514262683426985j),(-0.0012933853201989487+0.0028121494361259478j),(0.002460404801874516-0.0006205241084436758j),(-0.003678478125039154-0.0004290293866375033j),(-0.0005885651591201373+0.00016658635715839296j),(0.0010118874204230214+0.0009009091162772243j),(0.003758623386980054-0.001652818970466068j),(-0.0014119464378245547+0.0029800112813031356j),(0.002385636725781742-0.0006341789933747345j),(-0.003841765433578832-0.00017630214851140687j),(-0.0006405934959453597+0.0005619742509594796j),(-0.00036526983709041314-0.0014943445171749095j),(0.001301822028539797+0.002454182944618192j),(-0.0006128781688929747+0.0005355142816752621j),(-0.00037471880603474027-0.0014952462484787144j),(0.0013624460211542747+0.0024673782986356346j),(0.0007964384579572078+0.0007222805335274063j),(0.0005250126260598244-0.0012366575172559032j),(-0.0004954840984490075-0.0008657601870529311j),(-0.00030100530761298177-0.000550038354590855j),(-0.0003707645742402353-0.0014290432923328759j),(-0.0008672702563120892-0.0012081112169947865j),(-0.0003810419382208108-0.0008120178930544162j),(-0.0005946434165550856-0.0004641432210019641j),(-0.00031869584992950435-0.00044081554790593135j),(-0.0003546931742662558-0.00028844227668962865j),(-0.0004271472131595832+0.0001952292338113589j),(-0.00039384521975812796+3.3283717504327924e-05j),(-0.00036118942968390417-0.0008582510035020607j),(-0.0005991516273272193-0.0004736532478422843j),(-0.0002580711678630735-0.00043724120064766157j),(-0.00014735250386654268+0.0005653806678876392j),(-2.9114610467747756e-05+0.0012079791581335265j),(-0.0003237113305836571+0.000791063848197573j),(-0.0001291684065965361+0.000651956344242596j),(-4.689444570190281e-06+0.0012958128826126795j),(-0.000319972900406396+0.0008692783381655784j),(-0.0001355629389699453+0.0006023646176745981j),(-1.5203384076646555e-06+0.001260415305731756j),(-0.00031728354912764084+0.0008229463969887139j),(-0.00013680978882091085-0.0008902176334806994j),(-0.00048008144889626043-0.0003478912428222528j),(0.0001422120800294198-0.00026480221711914294j),(0.0006765282408746897-0.0005570039142060981j),(0.00010574647100633814+0.000319697002983577j),(0.0013281235419332553+0.00047947496805684294j),(0.0007403353686577044-0.0005301653655677616j),(0.00015255002273964827+0.00037199557087126624j),(0.0014202710177568473+0.0005370596954284235j),(0.0007977865367045317+0.0007239581737302821j),(0.0005261091377460188-0.0012363418481647754j),(-0.0004949059706795128-0.0008650202218023977j),(-0.00010716790222088158+0.00023522293245782058j),(0.0002475448770011921-0.0006972129675082376j),(0.0003200162929407629+0.00013916987792140937j),(0.0015195801435861074-0.0009603097531958166j),(0.000739827042130914+0.0006991505950707538j),(0.0004998408218164352-0.0011566265680519763j),(-0.0004495124057587084-0.0007683500992842105j),(-0.00048014421933317733-0.0006593857180992794j),(0.0003469706357618603+0.0017061648446444295j),(-0.00017489815080461166+0.00012052846673683837j),(0.0002683964753734098-0.0012524732167183876j),(0.0007808359164901646+0.00012637152638217796j)
9,(-0.0007249098039428987-0.0006562347637781273j),(0.00012140634171076706+0.00015814522979088375j),(0.0006035034621257043+0.0004980895340106157j),(-0.0005442254149148715-0.0004307088750812293j),(0.0002655508922930045+0.00031431588929291737j),(0.0001297525908693765+0.00013740110667586757j),(-0.06295712695196136-0.012803222190000553j),(0.005717986614519108+0.022212847150394736j),(-0.004470813379530052+0.01375067993487614j),(0.9147650414400306-0.01973983657964155j),(0.007488648485634101+0.021510609204712716j),(-0.00609561379027411+0.015385392283393702j),(-0.0007511708815227556-0.0019798321263837793j),(-0.002406921567728936-0.0050358514493032j),(0.0008510545857817646-0.014829522789713896j),(0.00548296733270359+0.010176340412701011j),(0.006375913124587271+0.013851156528304874j),(-0.005102500684620344-0.0030306369134915426j),(0.00023924180978931314+0.02788935751610771j),(-3.144413705483323e-05-0.0021372230839344034j),(-0.004012185178729766+0.0020299264062795704j),(0.004084184693744927-0.003972536063716838j),(-0.00015716862082451559-0.00245081418651838j),(-0.003951692066259642+0.0022922523249632697j),(0.0041791538865155594-0.004481837883933156j),(-0.00015938327056604952-0.0024515756149294135j),(-0.003946531661411629+0.0022911507150526356j),(0.004172995980425071-0.004486437902592041j),(-0.0002259861075114766-0.002397851935358964j),(-0.0002391856315082612-0.002805150512078982j),(-0.0037240981444462886+0.0022161229106541485j),(0.0038762876545461586-0.004516688752786997j),(-0.0024306488328023003+0.004044836283488377j),(0.005376370230790697-0.0006931890939064116j),(-0.009218272532493731-0.0010614612457789888j),(0.001151977818937813+0.00024110810699531655j),(0.0010431588460344708+0.0010477713163255277j),(0.00852219521015698-0.0019381292968499771j),(-0.002619067174124877+0.004275630747920209j),(0.005189997830076417-0.0007368048562492856j),(-0.009696423006282082-0.0008172528227962574j),(0.0020507922211274038+0.0007513150099814122j),(-0.0006283831310270752-0.003018702353327444j),(0.00122742550595088+0.0021602385667871885j),(0.0021041266572622438+0.0006923434370951012j),(-0.0006840402676285273-0.0029982134919255407j),(0.0013644590056600967+0.0022053041480946814j),(0.000502898701842508-0.0032919713648074597j),(0.0003288440653116295-0.0005843490653166311j),(3.2832566765248665e-05+0.0017998625875989371j),(-0.00020269670265130198-0.0021868864478679063j),(-0.00022063832160829482-0.00047552402351234545j),(-0.0002950720586846064+0.0006025158505561907j),(-0.0003108913651006088+0.0003543180598313995j),(-0.000450517036668211+5.443255756466239e-05j),(-0.0001074993315627981-0.0005930560032281122j),(-0.00046140304819085673+0.001104785056945107j),(-0.0003281379114614114+0.0004556934342347677j),(-0.0004895433600804432-0.0007310601917341737j),(-0.0002787048787565797+0.0003732737119570026j),(-0.0004600197319087697+3.075368349835536e-05j),(-3.168951975125343e-05-0.0006207281034094935j),(-0.0005226985534285038+0.0019936690145796908j),(-4.640963127480535e-05+0.0009759993184601957j),(-0.0008335830618574189-0.0008243965828164234j),(-0.000537466255011322+0.00208546769784985j),(-3.8664598397899606e-05+0.001021358454714376j),(-0.0008781267855099664-0.0008382528910194408j),(-0.0005190289258856399+0.002028374909879692j),(-2.1283123799591454e-05+0.0010018833790174124j),(-0.00084069233852807-0.0008248280523838448j),(-4.8257943143248405e-05+0.00046946429773537976j),(-0.0004170454087222877-4.899391906554242e-05j),(0.00039162542303828994-0.0007016341247261172j),(0.0006571182553134903+0.0007179316475880526j),(-0.0001275118706667252-0.00016262192905293175j),(0.0015200791845772516-0.0007847635149993951j),(0.0007123560241676626+0.0007366125976262964j),(-0.00010399943971227952-0.0001709425664553686j),(0.0016068852721999372-0.0007916140015513931j),(0.0005040731187735862-0.0032930093180182597j),(0.0003294790655705384-0.0005845487024762454j),(3.318971979150882e-05+0.0018013551393170671j),(-0.0005976665435992846-0.0013397278821646874j),(0.00023724681904299265-0.0010067666883610844j),(0.0009335873362792314+0.00183311175378568j),(0.0006544469750515433-3.091192797264946e-05j),(0.0004986256201507532-0.0030368708755087216j),(0.0003058573126985066-0.0005740950949513538j),(2.4820553678927518e-05+0.0017076273249759908j),(-0.0003144522583983971-0.002386672910940022j),(0.0003636472118212+0.001200238428150838j),(-0.0011079807174344167-0.001875184060890498j),(0.000189775708088803-0.0019753497533213566j),(0.0021513895887723296+0.002531938078766772j)
10,(0.0005733481089789195+0.000636898365954925j),(-0.00029503663811015156-0.00045369856960072986j),(-0.00027831147080771334-0.00018319979628498933j),(0.0002648765295794855+0.0003149839855821658j),(-0.0003733940710709501-0.0004082894281735381j),(-4.851157136552301e-05+0.00011021278325923904j),(0.00572258893515016+0.022070971666219533j),(-0.05115681241507007-0.01615752636098901j),(-0.017117954153185434+0.01772360034226378j),(0.007488648485634101+0.021510609204712716j),(0.930825664948372-0.027677850560654554j),(-0.023046629582513474+0.02503214762211444j),(-0.004255936792838703-0.0003503337530473714j),(0.007500136410847569+0.016122312873772845j),(0.0036095810378767262-0.023692391624795927j),(-0.002180081381893845+0.014932281315436821j),(0.005622549108221298-0.004053969523448799j),(-0.002127865950033536-0.008346386368215632j),(-0.0007336387415339493+0.02158251526681073j),(-0.0004882617705249013+0.0005530861339711449j),(-0.0020086942044936504+0.002717303027921272j),(0.0019516722655014648-0.00034474122116096365j),(-0.0006906244089612166+0.0007137176923801658j),(-0.0019352137402750065+0.0029324459128321403j),(0.002007914960448325-0.0007106468647942862j),(-0.0006924804951237636+0.0007152886777793198j),(-0.0019317166579871144+0.0029309973571522586j),(0.0020031870087143483-0.0007150707398297304j),(-0.0007501157982941301+0.0007637186244112194j),(-0.000821686510519424+0.0006290823209198441j),(-0.0017792497279498453+0.002803724934418267j),(0.001779621413994814-0.0007939928953772917j),(-0.002187194330277741+0.003089007510234552j),(0.004746152388778893-0.003671615704597544j),(-0.007726301915994395-0.0011426220525144002j),(0.0004290097259326731-0.0004495906127656873j),(0.0016508584462717791+0.0001726155005617562j),(0.007407630065982689-0.0055718922107834724j),(-0.002347595065420599+0.003124873752403617j),(0.0044461261969709065-0.003687561007776418j),(-0.00798305242569331-0.0010977146196666891j),(0.0011385180840559387-0.003321613921817722j),(-0.00447140822754577-0.0018647830876875925j),(0.005463308874165081-0.0015403995400893886j),(0.0012038506004337238-0.0033509185158884895j),(-0.004483413542276504-0.0017608646988957312j),(0.005623911272456783-0.001518526106804099j),(0.0007288494529969529+0.00023975981950739595j),(0.0010564237790693996+0.0005919715716910178j),(0.0007961696335376312-0.0007659839399933058j),(-0.0005358736907963087-0.0008567497906217887j),(-8.585223174411823e-05-0.0005588244098842134j),(-0.00039808163806361887-0.0012024525722729724j),(-0.000435896628878197-0.00047950202452071085j),(-0.0006887051104067912-0.0006356089428134276j),(-0.0007314568139930918-0.0003811690303206493j),(-0.00013069546323350153-0.0002761845954251966j),(-0.0003620032623402322-0.0006388609099057642j),(-0.0006173694609718374-0.00035036493626044735j),(-0.00044617107009127944-0.00044659608109314105j),(-0.0007343213912651385-0.0005945532775317503j),(-0.00073502240280891-0.00030830372724485034j),(0.00039452880868864665+0.00023242215367537638j),(0.00021065591739607775-0.00035757736574267484j),(-0.0003109835628457842-7.314887734054205e-05j),(0.00044755460011097965+0.00028951934315186935j),(0.00025574670275396586-0.0003298811953580177j),(-0.000280508580559404-4.085330800963265e-05j),(0.00041754130455469527+0.0002525545976001047j),(0.00024349743045531746-0.00034265738044158525j),(-0.0002964663419766834-6.18156255208372e-05j),(-0.0003649083237180339-8.408140106568507e-05j),(-0.0008132118706730968-0.00018805312197347566j),(-0.0006180192033009104+0.00021738846501866786j),(0.00011065910989512559+0.0012161767840593413j),(-0.0006955963135352408+0.0012219567240639691j),(-5.485565565893635e-05+0.001840836600563325j),(0.0001486395951867225+0.0013188987527464268j),(-0.0006847582193659735+0.0013331155850987097j),(-1.0173286104188503e-05+0.001967684426112011j),(0.0007305884783003739+0.00024090703503116227j),(0.0010574503794388835+0.0005933098649481254j),(0.0007981280238466868-0.0007655010165280383j),(1.728890298102623e-06-2.7166005961584657e-05j),(0.00015235664761386323+8.533029357992404e-06j),(0.0004531337021828944+0.00019860723077719047j),(0.002075177531918132+0.00373007147360399j),(0.0007073167126304993+0.00022886947223432004j),(0.0009308015284212682+0.0005466019784020062j),(0.0008048447936864103-0.0006866825416853352j),(-0.000801047515420189-0.0010378741340702734j),(0.0005746071774308701-0.00020801590251565616j),(-0.00010919250153216612-0.00015158719963273017j),(5.183913608677405e-05-0.00016314728073639378j),(0.0007849915338286963+0.0003146257100593458j)
11,(0.00016654859374590772+1.9526623776122622e-05j),(0.00014322946967167377+0.00040971753891566555j),(-0.00030977806341659145-0.0004292441627381668j),(0.00012932801963515245+0.00016576554207308229j),(-5.920024381658322e-05+0.00014398134896270606j),(-0.00021190854190958255-0.0003268366809888812j),(-0.004498960379871924+0.013386643259786921j),(-0.016991750044849395+0.017228955093448187j),(-0.037673376827027434-0.019560898268048472j),(-0.00609561379027411+0.015385392283393702j),(-0.023046629582513474+0.02503214762211444j),(0.9482855290274549-0.03837953542543133j),(0.0031426969657740653+0.004734648200700534j),(-0.001249905675910195+0.004869372292585609j),(-0.01803263957233272-0.003568853749491681j),(0.010788300469578184-0.006043623727583985j),(0.005069375524689846-0.0017479337682736497j),(-0.006414490331762295-0.0028334375087061964j),(0.013764556709059331+0.03503535713786686j),(-8.606762554223834e-05-0.002178473584671086j),(-0.0026849562440504726+0.002929688009721097j),(0.0018727378398049827-0.005360198387213582j),(-0.0002081779560611165-0.0022091256618850127j),(-0.0025614790105493155+0.0031563835140103764j),(0.001788419718950209-0.006067746624973556j),(-0.00020952556561176664-0.0022066410034518795j),(-0.0025576825874576376+0.003155143477897424j),(0.0017825489900534354-0.006072357494157731j),(-0.00024989256706864447-0.0020822106029150917j),(-0.0002083140018773535-0.0021579797071218385j),(-0.0024103128246088694+0.0030750623008642553j),(0.001596066533325519-0.006063452547940777j),(-0.0017659416148030514+0.0038552857115931576j),(0.0032301147811066204-0.000765944439252801j),(-0.004630456218586012-0.0007122643784042851j),(-0.0007898451628762606+0.00036152463214235756j),(0.0015124907878308522+0.0013552638711405145j),(0.004896514737311007-0.00213277243920775j),(-0.001923621953265248+0.004101706073018232j),(0.003154977173073794-0.0007935057180129788j),(-0.004842122009531245-0.00034664282051235715j),(-0.0011541141284537218+0.0011855140363536245j),(1.5388744714957964e-06-0.0022908573283559946j),(0.0016023162893247555+0.0037294068601713692j),(-0.0011183378354480268+0.0011506297276829237j),(-9.611711087991089e-06-0.002299454166303014j),(0.0016775313836591968+0.0037487455805214724j),(0.0011818357507926407+0.0010344799861545645j),(0.0007299068992842723-0.002092508951054255j),(-0.0007524087654729548-0.0013933672687458936j),(-0.0003519873584495951-0.000748880875649331j),(-0.0005262099339236821-0.0021754901684684263j),(-0.0012313913004157243-0.0017743626282842942j),(-0.0005200764828806279-0.001178643204068443j),(-0.0008443276182781441-0.000609005791036539j),(-0.00043451734482099634-0.0005909151760913492j),(-0.0005166509962450332-0.0004182712699160497j),(-0.0006317600864292345+0.0003991390724721942j),(-0.0005682593712760332+0.00013681189047361686j),(-0.0004904133192440593-0.0012505537169389485j),(-0.0008477773904280052-0.0006249000407546881j),(-0.0003446953125171584-0.0005903490320893566j),(-0.00026541398464630236+0.0008069055695288223j),(-9.95830151840247e-05+0.001911518869703496j),(-0.0005049396447173109+0.0012674804202312468j),(-0.0002441415497906568+0.0009302456996000955j),(-6.81166306713648e-05+0.0020420663506091888j),(-0.0005035442658503948+0.0013836982484261241j),(-0.00025034987957716975+0.0008603903539944445j),(-6.185336917269833e-05+0.001989900198831336j),(-0.0004971856096659421+0.0013150740013632325j),(-0.0001678230841811369-0.0013311052787854994j),(-0.0006674010104312341-0.00046642087630911007j),(0.00023723129609514238-0.0003737636307581437j),(0.000989903371350982-0.0009524627959972812j),(0.00018463811605303664+0.0004159988431432886j),(0.0019439338544422887+0.0006021905788513365j),(0.0010806673231415827-0.0009217389609835101j),(0.0002525961271247709+0.00048507737386816645j),(0.0020764563732373446+0.0006776253264907158j),(0.0011836848369191845+0.0010368625773901907j),(0.0007314861275310421-0.002092293380994037j),(-0.0007516759660753811-0.001392414733911937j),(-0.00013380652247976799+0.00037692531600985865j),(0.0003718977377364504-0.0010870352844911191j),(0.00046236605180212593+0.0001399168099236168j),(0.00232252611470329-0.001773202950237429j),(0.0010920857086267584+0.0010033623626213438j),(0.0007030599374978765-0.0019570293587336065j),(-0.0006870085845186479-0.00124307395204624j),(-0.000590907676766954-0.0008906190418573781j),(0.00042488442390734406+0.002657216879166711j),(-0.000185582320174138+0.00022653748891823366j),(0.00043695206868443786-0.0019101682190462025j),(0.001145827447636018+9.103612872802063e-05j)
12,(5.794507365360641e-05+1.8562968851161722e-05j),(-5.0968281964326715e-05-4.9915033112008184e-05j),(-6.976791723074786e-06+3.13520643780366e-05j),(2.3745671161794006e-05-4.2780306942687976e-06j),(-4.0445124019336755e-05-2.4168917165424753e-05j),(1.628343404758667e-05+3.273837025037518e-05j),(0.0013935459851674896-0.0005500192507349377j),(-0.0032853490310491167-0.0007111075715128163j),(0.002102877151697071+0.0028149259626330135j),(-0.0007511708815227556-0.0019798321263837793j),(-0.004255936792838703-0.0003503337530473714j),(0.0031426969657740653+0.004734648200700534j),(0.8871736110376242-0.05419288017493144j),(0.007135680982770318+0.01721923280141538j),(0.01270918991195971+0.037470148017098394j),(0.008004355804021715+0.00790533307996073j),(0.016266374667181602+0.10981222832954109j),(-0.011530935723491679+0.06595012762400859j),(-0.003093922908654131+0.04048200797946424j),(-0.0016520203486485477-0.006295646439421331j),(-0.010367455125059457-0.004021507112250081j),(0.007252183854613417-0.011218595960684379j),(-0.0019153029413824494-0.008199449277373103j),(-0.010313948427601052-0.004310566633433599j),(0.007507270819970398-0.011632367130353559j),(-0.0019210252659995742-0.008219155240584176j),(-0.010306710464453493-0.0043219875703052885j),(0.0075025163211658585-0.011639629257108047j),(-0.0020489231253054746-0.008497705546867232j),(-0.002572897224980681-0.009970664766716172j),(-0.009973156233265393-0.004455617995552233j),(0.007216933204044279-0.011670637045073769j),(-0.002047879872254944+0.0017471336468589949j),(0.005128360340533723+0.00188388440357075j),(-0.005901642541515855-0.0032592097215125293j),(0.011421891766998975+0.0035100968873730716j),(0.006357368710615386+0.004429896733596336j),(0.006901121851915253+0.003774913810022519j),(-0.00188285727725642+0.0022812210494100454j),(0.005883265562169757+0.0015736577799098932j),(-0.0066686216298986675-0.0027993034964471086j),(0.009188428062815316+0.012475035607764917j),(0.0214861513000019-0.013359951403460767j),(-0.014170802470047643+0.006735684358561582j),(0.009169578822099528+0.012347520363771153j),(0.021292213318723305-0.013500449832436989j),(-0.01422499559537783+0.0068876286746902896j),(-0.00011730176471942927-0.024898567060922448j),(-0.001459798431841418-0.008342986605661474j),(0.0027868992145028124+0.012054550617650837j),(0.0023551237042599696-0.010981089227979008j),(0.0003889867204224138-0.0009145791476538809j),(0.00389732894012121+0.008454244257517226j),(0.0007611575294654691+0.005674585908322502j),(0.00028566310953157437+0.004475884852573974j),(0.0017279787564860403-0.000834471004214805j),(-0.0013594329386711105+0.008469073053100896j),(-0.0008752419760822449+0.0057101044049330234j),(-0.0011826781428482393-0.0024314285843917254j),(0.0009142100965407005+0.005859708752168215j),(0.00038260173849944735+0.0043650490075953586j),(0.0019583332395700804-0.0011978045532711969j),(-0.004184565192284325+0.010342137315460766j),(-0.00256202908975976+0.005910021991511153j),(-0.004938065694672893-0.00517817244634745j),(-0.004511690236772366+0.010527012441282315j),(-0.0027673471989138184+0.005925579957783632j),(-0.005366868464180747-0.0054949881387611026j),(-0.004278376028651517+0.01040450826309225j),(-0.002613648596457619+0.00590719551925157j),(-0.005064762111702487-0.005275539485854193j),(0.0013277437498434514+0.005653753110143432j),(0.0005552604706027826+0.0028955308837305548j),(0.002714463430366525-0.0035863783863624267j),(0.001576825352603515+0.00285366495284115j),(0.00029735268102747386-0.0025834658980578413j),(0.00373872386510984-0.01066018553936517j),(0.0015939046533673612+0.002625999793089239j),(0.0002743395047663398-0.0030120261738558066j),(0.0038108665534452215-0.011211475604628998j),(-0.00011943708090923202-0.02491329868027226j),(-0.0014603365577149467-0.00835263545904341j),(0.002782987922884642+0.01205826953452823j),(-0.00258678472045637-0.008917809308862292j),(0.0006696739205078223-0.005224186992068371j),(0.004548135658199728+0.009091547547351742j),(-0.0007145133803386182-0.010175034617556655j),(-8.967637179119962e-05-0.023075275061279866j),(-0.0011040154139427714-0.007910397091290532j),(0.002306150755423008+0.01121543655273756j),(0.0030409612790541123-0.011476494655646815j),(-0.002473138631673942+0.005639881459444579j),(-0.004079364268918929-0.011685607751678376j),(0.0014718974431836272-0.009101336810835744j),(0.010467488256213754+0.0123888886843727j)
13,(-6.573344464697511e-05-0.00023037079006689096j),(7.511682497907173e-05+0.000118251231110275j),(-9.383380514445265e-06+0.00011211955882919065j),(-1.8133375114531516e-05-0.00011789693090600867j),(5.190598626707754e-05+0.0001410713951872399j),(-3.0129130331678645e-05+7.522474342882586e-06j),(-0.0017897991564133227-0.004012058784190295j),(0.007732481417423446+0.012309362528637749j),(-0.0009479789503031352+0.003842413166028621j),(-0.002406921567728936-0.0050358514493032j),(0.007500136410847569+0.016122312873772845j),(-0.001249905675910195+0.004869372292585609j),(0.007135680982770318+0.01721923280141538j),(0.8880887171688712-0.003609210116557501j),(0.006550400916109911-0.0037566763133292103j),(0.013362931257039854+0.1307047054951805j),(0.004156743284319492-0.013257166300319237j),(0.02078518806439611+0.03746131074447037j),(-0.008443102033410053-0.017003294346707276j),(-0.00575419423681251+0.011750692649535613j),(0.003977854226025799+0.0013552746372785208j),(-0.007477621068671542+0.01652915715743359j),(-0.0063515743675905175+0.013164851199410844j),(0.00396405583799596+0.0005412980019694515j),(-0.007541189549968224+0.01740103029677143j),(-0.006349111507907472+0.013162164699036628j),(0.003958955917326528+0.0005264916519576932j),(-0.007534731580245817+0.017397336983937306j),(-0.006194620208030771+0.01289553709005204j),(-0.005660118354760551+0.013545058142470402j),(0.0038484322766295822+3.0402317607891062e-05j),(-0.007255045439497961+0.017045921663400274j),(-0.0014070776108182333-0.005738838187700327j),(0.0009027066413581902-0.01907103209719798j),(0.003533198278842413-0.0036633031983546423j),(0.007176713537858442-0.0003560140883693032j),(0.009327691509306325-0.002873250036826109j),(0.0006091817983633705-0.021569055709784412j),(-0.0011713580164117812-0.006601117911157589j),(0.0006959312642856935-0.01930010111546484j),(0.004234999242790329-0.004800914848876341j),(0.0015270397301167349-0.01627648703943204j),(-0.0031554616886753217-0.007066397154495892j),(0.01693584709527965-0.022314954358984923j),(0.0015813389316170282-0.016183539527855943j),(-0.003090888763031403-0.006590526133674706j),(0.017053891448849688-0.02233632345137695j),(0.0021754863589905945-0.0012139449424837662j),(0.00263102141068568+0.0008294523537857607j),(0.008515391707016786-0.006374989579155877j),(0.0011686840527568617-0.00010588763619027216j),(0.001019865522943929+0.0007332747613159225j),(0.0037576906905088256-0.002824969633053605j),(3.207343086811807e-05+0.0011983915964015857j),(-0.0013812106601077349+0.0006382683102846747j),(-0.002507469519181228+0.001803402789745467j),(0.0009876308120349933-0.0006946950369472399j),(-0.0009031277410214779-0.00168295879075796j),(-0.0022889468172688516+0.0006826808923957325j),(-0.00015362709689238315+0.0015181808399261304j),(-0.0015614138610632693+0.000952385838427905j),(-0.0028178568714416147+0.0021655195150271393j),(0.002084339717547721-0.00291907716470405j),(-0.00036481154872149797-0.004441825240424415j),(-0.0019514787955667652-0.0006936517116620916j),(0.0022043528116511453-0.003135374318921063j),(-0.00030023571110594923-0.004674576880931999j),(-0.0019116429871387616-0.0008233523644556088j),(0.0021232127109886145-0.003013938607061343j),(-0.0003489931831917861-0.004581831596358436j),(-0.0019400676056609272-0.0007554540633303596j),(-0.0010251550274358394+0.0030065005631841916j),(-0.002406983294637988+0.002423582717133443j),(-0.004189774308304533+0.0038080132699769196j),(-0.003053874653169642+0.006415927582144588j),(-0.004370171998609148+0.005808594208186034j),(-0.0072133200781025475+0.007484218077335986j),(-0.0032095803669231035+0.006685302236746666j),(-0.00452182324145584+0.006076054832191093j),(-0.007444407968813861+0.007774407647373294j),(0.0021766020701252005-0.0012168431831591168j),(0.0026325655076110547+0.0008286615586815416j),(0.008522487499242448-0.006381067290708758j),(0.0012248442830185377+0.0002998146538705105j),(0.0002487882956317015+0.0016114537296079787j),(0.001438435961509623-0.002074227317819669j),(0.006595956242497741+0.018173536610172382j),(0.0020045117279525685-0.0012267408793093949j),(0.0023612511584456273+0.0007846963067647053j),(0.00814338536088367-0.006024729693400763j),(0.001089404331998805-8.820874434195547e-05j),(-0.00041172040638129235-0.005717412988615448j),(0.0023016771597013422+0.0009788579490472517j),(0.0008706766951494858+0.0031991534031125994j),(0.0014173654106210355-0.002358770866706427j)
14,(-3.6342144963276326e-05+6.171315526637075e-05j),(0.00016447268089442307-0.00011327535394987194j),(-0.00012813053592165136+5.156219879930501e-05j),(3.488460496755782e-05-2.1400486167881972e-05j),(7.675295719961894e-05-9.105967405542774e-05j),(-0.00011194426061900402+3.442504774885972e-05j),(0.00042833544063680066-0.011659247828189723j),(0.0025764995712480197-0.017445253366960574j),(-0.01067579347006017-0.0036041537974091514j),(0.0008510545857817646-0.014829522789713896j),(0.0036095810378767262-0.023692391624795927j),(-0.01803263957233272-0.003568853749491681j),(0.01270918991195971+0.037470148017098394j),(0.006550400916109911-0.0037566763133292103j),(0.8451398597632627+0.04626842292610643j),(0.00770362214466894-0.019862292295239843j),(0.02447784582013362+0.01691964374671591j),(-0.00860864890912821+0.058908991368821106j),(0.05603960332885592+0.09250994957114876j),(-0.00284033928731613-0.010390701317949214j),(-0.006159552580692595+0.0036465793895876205j),(6.729007889828918e-05-0.017619863426226682j),(-0.003422240183255847-0.010968193888520385j),(-0.005919174591077856+0.003362340664561471j),(-0.00022382188029811904-0.01932378933343642j),(-0.003425173061762107-0.010965997266921677j),(-0.005918265629761754+0.0033518589893675836j),(-0.00022800508856140114-0.019336118154788317j),(-0.0034256102671263167-0.010690624534968524j),(-0.003348595363201443-0.01018007123759367j),(-0.005880312846258742+0.003211728221961508j),(-6.032432020102677e-05-0.019304433527115368j),(-0.0008631526301045266+0.0020931585653861558j),(-0.004282618142923239+0.003403886809250172j),(0.01496486002184541-0.0058637520972487644j),(0.0003012944451222313+0.005869646975407591j),(0.006169350279262995+0.006131118590397564j),(-0.008064777614929639+0.004668422491702771j),(-0.0007584978964193384+0.002941575185399531j),(-0.0031694346616650704+0.00301049275306408j),(0.015340560152542792-0.0048364180660558295j),(-0.012524926299447028+0.018686493620733078j),(0.02102642223752205-0.01150361462071467j),(-0.006730174112799848+0.017966509871796793j),(-0.012591920378769172+0.018727937025652744j),(0.021110468952312795-0.011835172240942781j),(-0.00701924680399963+0.01803002544513968j),(0.004436202814069791+0.0027444460278311183j),(0.0010455738762874304-0.018444402217517j),(-0.003689380273786674-0.009919424041249831j),(0.002370689979715481-0.0001940230046361287j),(-0.0009060553989323266-0.010759464664175534j),(-0.0025857205495492283-0.006305194203134879j),(-0.00013771973528951646-0.0036283247617503126j),(-0.0016708649499610063+0.0007263909659293154j),(-0.00014083100409222169+0.00022282325998541214j),(-0.0015606248962573809-0.0013288006291234298j),(-0.0023538945080131967+0.005865947464914794j),(-0.0014910226052186396+0.004077605641071623j),(-1.0714688862393986e-05-0.004042923908293014j),(-0.0015529053143735986+0.0005930456872585742j),(0.00019377754860599138+3.6940579053536954e-05j),(-0.0028757731999502637+0.0017925707132516828j),(-0.0027328055389152827+0.012189948524492431j),(-0.002825051816924687+0.008806375159058591j),(-0.003023153401585357+0.002070304870030385j),(-0.002808107155058649+0.012711290707694278j),(-0.0029784775059710595+0.009273710847551957j),(-0.002917130528776015+0.0019460037114499796j),(-0.0027222337284822868+0.012520833237727649j),(-0.0028657394704041717+0.00900595276386316j),(0.0008289970843050041-0.005675468142009124j),(-0.0007126050630232165+0.00010025139840397169j),(0.001919578665320618-0.0006717993375568738j),(0.0033278056358383005-0.008782597375471959j),(0.0018533873700105397-0.0007193925955471525j),(0.006279655839224902-0.0019352203789476802j),(0.003521039454527627-0.00902298112279467j),(0.0020534281234462727-0.0007857995951149315j),(0.00661456707297658-0.0020360986900422526j),(0.004437202067506907+0.002749670667404303j),(0.001049713982902664-0.018453544079922623j),(-0.0036915601140904307-0.009921532504136027j),(0.0005753160449692984+0.002655400631843165j),(0.0016094587403545585-0.006204364638535461j),(0.0011676747920164707-0.002314147011877165j),(0.012401285547271362-0.02133973057488762j),(0.0038693630805207383+0.002738690470103657j),(0.0013395693944859544-0.01724631164489792j),(-0.0035382141938310988-0.009093785982209213j),(0.0025107117952069377+6.596649317830482e-05j),(-0.00213660763086796+0.015380182631840562j),(0.002392504234965389+0.002858620214096996j),(0.0032085694948284205-0.009272098077337733j),(0.003669833689603507-0.0037979237730346727j)
15,(6.786541980928059e-05+9.604114678744011e-06j),(-0.00013209151104157744+0.00010465932807282932j),(6.42260911871735e-05-0.00011426344283447436j),(6.4683382199316145e-06+5.617189470737507e-05j),(-7.055740775922857e-05+4.604106056514505e-05j),(8.039766445296672e-05-7.176235020546509e-05j),(0.0038059133991957244+0.007258790432512312j),(-0.0020876550621183763+0.008532120228816886j),(0.0077628966806287635-0.004260709334844949j),(0.00548296733270359+0.010176340412701011j),(-0.002180081381893845+0.014932281315436821j),(0.010788300469578184-0.006043623727583985j),(0.008004355804021715+0.00790533307996073j),(0.013362931257039854+0.1307047054951805j),(0.00770362214466894-0.019862292295239843j),(0.8943831809166596+0.04735230474292026j),(9.955211354999854e-05-0.02476425670658171j),(0.03432592951306879+0.02709404418366087j),(-0.020409031547719347-0.01677280421464249j),(-0.005883276648744769+0.01553836525943033j),(0.0027679896594237034+0.0008887126864975704j),(-0.0072381320149312155+0.0212556590749108j),(-0.006457195378030858+0.017424383164651048j),(0.0025064031370106168+6.582081740777283e-05j),(-0.007117866074749295+0.02224335722430045j),(-0.00645451007588075+0.017421366660838593j),(0.002499438043374369+5.0301410412828713e-05j),(-0.007109990980625487+0.022237215649879082j),(-0.006312063902249749+0.01705568970573444j),(-0.005921374669953614+0.01752085079204224j),(0.00237906840243475-0.0005557893632672081j),(-0.00682641560620345+0.021749751202866357j),(-0.0015634855665793814-0.006369947586624361j),(0.0009348767242386158-0.025504472531397603j),(0.003213279710562192-0.004774461420933776j),(0.007204753832814711-0.0024474426214394513j),(0.010905759076819375-0.0031715242109599043j),(0.0012845286891636273-0.029794400128722975j),(-0.0013642383657769988-0.007412655505277754j),(0.0005325250385841468-0.02554620797869507j),(0.0039372123325767255-0.00617556294445883j),(0.0022932287246277133-0.02067114492955072j),(-0.010714990633176727-0.0038653591473400105j),(0.021204077331785705-0.028512968846686877j),(0.0024013267933304955-0.02055390177836696j),(-0.010548207636226995-0.0032378109225536834j),(0.02140687605930782-0.028539780743860762j),(0.0014504688960192771+0.0005775165447227323j),(0.004393482339161162+0.0011072293431102984j),(0.010569062734510354-0.007424404379140177j),(-0.0001264565697152184-0.0007683708222623467j),(0.0017242747076738484-0.0006860919771947901j),(0.004062437260767876-0.004462670688955308j),(4.976341802710336e-06+0.00029633278202128525j),(-0.0014635988298572502-0.00030874072870952507j),(-0.0035392129779466836+0.0015882663682893492j),(0.0014546505900289528-0.0018290018119923816j),(-0.0011090218792293213-0.003037696195696455j),(-0.0026260199931672167+0.00035738727923733814j),(-0.00017956084473535138+0.0007044369899074842j),(-0.001655809802232247+0.00015077267464717837j),(-0.003989817393309918+0.002090347721288091j),(0.0031609012183242023-0.003906492754853953j),(-0.0006919868811815903-0.0058588665484403165j),(-0.0013893080368925614-0.0007913802514951538j),(0.0033605909122587474-0.004095782988551918j),(-0.0006133062277821442-0.006089246029657682j),(-0.0012387009434445605-0.0008872439731843365j),(0.0032142749760684297-0.003997787636294334j),(-0.0006963732967000666-0.006001883692812942j),(-0.001352195236224568-0.0008462719049554416j),(-0.0010034370065708394+0.002934041367461814j),(-0.0025160375069949933+0.002624901380477509j),(-0.005927892251202683+0.004665598245089322j),(-0.0028225179131746016+0.008777982529884328j),(-0.004414556726068363+0.009033181126336581j),(-0.010064220836361508+0.011109199527061122j),(-0.002961146709357697+0.009239488234992948j),(-0.004559770843747791+0.009537121358706999j),(-0.01037802486648388+0.011617167083862723j),(0.0014523523994322172+0.0005774017676585114j),(0.004395586269993418+0.0011087677742051029j),(0.010578788843018338-0.007430083747248571j),(0.002119523657519847+0.00034783592478939904j),(0.00021095916165280045+0.003015378346176164j),(0.0011998639014719054-0.003007207440980297j),(0.012267063507129413+0.025252505310755676j),(0.0013595477493498589+0.0004501237600918022j),(0.0038975706422209795+0.0010917708851614118j),(0.010136157955543413-0.007018181452184518j),(-0.0005971874032122365-0.0010317869709868055j),(-0.001155026904395751-0.007147950820017538j),(0.0038534347127037938+0.0006002877095710182j),(0.0009752684434194139+0.005622662059332897j),(0.0005647426879813179-0.0037695041738411345j)
16,(-3.089910925244374e-05+0.0001342136180587815j),(1.2486325415560874e-05-1.748757907957214e-05j),(1.841278378527531e-05-0.00011672603885636332j),(-1.176560584689618e-05+9.983001344531411e-05j),(2.533769190391882e-05-5.23738969848869e-05j),(1.1037848195900719e-05-3.243998431732076e-05j),(0.00437338222419345+0.008366271212239196j),(0.004081808355496354-0.0027809377950364397j),(0.0033300766216946076-0.0015693795318535864j),(0.006375913124587271+0.013851156528304874j),(0.005622549108221298-0.004053969523448799j),(0.005069375524689846-0.0017479337682736497j),(0.016266374667181602+0.10981222832954109j),(0.004156743284319492-0.013257166300319237j),(0.02447784582013362+0.01691964374671591j),(9.955211354999854e-05-0.02476425670658171j),(0.8462282413270895-0.002770798197285276j),(-0.015203083956922945+0.04279057022602602j),(0.010846616520321279+0.06995716662588435j),(0.004192318231503057+0.0025053591203566886j),(-0.001162225248809092+0.005159330941977872j),(0.004489166709125443-0.017402809069791324j),(0.006758666063740948+0.0033104629598379454j),(-0.0015464462617018723+0.005452372388457954j),(0.004129230994593213-0.01843550091545395j),(0.0067916180415300235+0.0033100178555821105j),(-0.0015389379283755737+0.005456622083942911j),(0.004128839788456644-0.0184345128406991j),(0.007554185671203995+0.00332797966140784j),(0.01082775672252993+0.004505424940963024j),(-0.0013191774023195136+0.005538565046912346j),(0.004101863275270421-0.01822397517278951j),(0.003700988280133913+0.003245211658072844j),(-0.002677119449420266+0.011256177162601567j),(-0.0037659014930323323+0.0005322600478129998j),(0.005612555635299504-0.00024357396540367234j),(0.014244483973474257+0.008908427677128187j),(-0.0022440686418596714+0.012394253495465905j),(0.0037666011647556757+0.003104362054670684j),(-0.0026336448007424646+0.011196461309709228j),(-0.004372484914682888+0.0016714689002203034j),(0.01566318060540934-0.0009652483464657269j),(0.005355415754898018+0.003475297996634725j),(-0.016214717982449833+0.02031107904041323j),(0.01580546283861137-0.0012476838720171732j),(0.005658896741214198+0.002799633145373546j),(-0.01620102815485868+0.020274210051877704j),(-0.0010722122126236569-0.007754192063667837j),(0.005928087134231529-0.008624592617554732j),(-0.0033923622333213088+0.003475649334818441j),(-0.0035770071542508813-0.012203417412158482j),(0.0019663064081645483-0.010707054859237012j),(-0.0023978412757463072-0.004605757821190644j),(-0.000990507136770769-0.004129243398744792j),(-0.0008110788513981699-0.002892874546737755j),(0.0013458474804841556-0.006010671861015283j),(-0.001993860831111594+0.0018966313858649413j),(-0.0031523620650921553+0.0021216914267893645j),(0.0016778849511278934-0.002543013576677882j),(-0.0006914749674926694-0.004358104473305765j),(-0.0005782809150675383-0.002989911363122595j),(0.0015093443525428525-0.006329455273178184j),(-0.0029700859251479365+0.010246663100085866j),(-0.005687595562633687+0.009433193695175961j),(0.0022308491306498664+0.0028712565126903806j),(-0.0030334230610776667+0.011141346805160882j),(-0.005883730556287262+0.010117908160194856j),(0.002325184737663019+0.00345257760288401j),(-0.003028338924557857+0.01056877760692043j),(-0.0058243361705889105+0.009779021348874626j),(0.0022321737381975574+0.003085494358647983j),(0.0008905243993629587-0.004387708623320549j),(0.0007185350534092782-0.0023828357700305287j),(0.0024278925168637376-0.006742193869078727j),(0.004976454361301001-0.002112066421561235j),(0.004189091122709291+0.0013757548035465508j),(0.004939076959374895-0.005307823976113167j),(0.0052922942743961286-0.0019336621122876861j),(0.004459801214271093+0.0016674835386908263j),(0.005135843880505132-0.005194286574767481j),(-0.0010673433498780095-0.007747130011468725j),(0.0059334707397241376-0.008620767176838195j),(-0.00339468276163702+0.003488048226670811j),(0.0008496811044759875-0.004297233586703219j),(0.0001192030635747375-0.0005938940852779108j),(-0.0012794901072221477+0.0006541728235828666j),(0.019872641526601113-0.04714862472581344j),(-0.0007688748746534513-0.007033112658200034j),(0.005571844935921241-0.007941388743688889j),(-0.003440765797572353+0.0034592909847212024j),(-0.004704537510035363-0.013863614277598895j),(-0.007064541125691907+0.012198513770234615j),(0.00019530583371298052-0.008252872061801713j),(-0.0009434764296011162-0.0015963398474217346j),(-0.0022313772936562704-0.0009086958956883351j)
17,(-2.7780259672431325e-05+3.754014399207373e-05j),(3.643392984527575e-05-3.213664650058404e-05j),(-8.653670167279488e-06-5.403497434555246e-06j),(-1.2621534168707497e-05+3.99229168723855e-06j),(1.966771785978163e-05-3.797706192634127e-05j),(-2.225688499863393e-05-2.173719860814493e-06j),(-0.0035723180891090904-0.0033679172600273657j),(-0.0019576502240309093-0.0068628630573085055j),(-0.004578105900921553-0.003126091290593276j),(-0.005102500684620344-0.0030306369134915426j),(-0.002127865950033536-0.008346386368215632j),(-0.006414490331762295-0.0028334375087061964j),(-0.011530935723491679+0.06595012762400859j),(0.02078518806439611+0.03746131074447037j),(-0.00860864890912821+0.058908991368821106j),(0.03432592951306879+0.02709404418366087j),(-0.015203083956922945+0.04279057022602602j),(0.8363094064029409-0.05239914294927524j),(0.039928004053944394-0.019617618820190433j),(0.0018583104576981027+0.0029250914879640558j),(0.018496973455483574+0.014901424141366408j),(-0.005415908627740882+0.001985983804798957j),(0.001677123657699989+0.0026974415466574538j),(0.020383446123900112+0.01659857815784893j),(-0.006773858592752955+0.00300435119282352j),(0.001672587438068143+0.0026976840649054236j),(0.020396666768717035+0.016614814859582494j),(-0.0067796927052117635+0.0030243033795846683j),(0.0014788112213972972+0.0023076415616115446j),(0.0006197133520275712+0.001385465281057048j),(0.02024921404232313+0.016744619048460224j),(-0.006766336983211743+0.0031690497788900707j),(-0.00358054117959972-0.007684261988762715j),(-0.005153876283847114+0.016431070883201802j),(0.0016825337814098638+0.00576125979115031j),(0.0051615576696663855+0.007015492516234713j),(0.004015358715849892-0.0020572345336878177j),(-0.013553787033081483+0.01907653335037396j),(-0.0032724833406900487-0.008170208958515376j),(-0.004413165940769881+0.015719146773705443j),(0.0023469263336734977+0.0056525024982517005j),(-0.002096154944417901-0.012148396209401613j),(0.02562718147649065-0.009202496428475905j),(-0.0011289950517606555-0.004256711267437634j),(-0.002117849840465747-0.012255950810080983j),(0.025531069602075504-0.009772881273632177j),(-0.0012757097346080583-0.004540713540167728j),(0.007823963647665301+0.0013298231674030063j),(-0.0021355151515028686+0.003066826659183303j),(-0.002971566513706515-0.010911684412503838j),(0.005730311103613138+0.0070876358961591565j),(-0.0023174104403220013+0.006415249423965534j),(-0.00041129948322962424-0.0018382953327944222j),(-0.0008806739440578473+0.0022896373359757314j),(-0.002507588398495816+0.001817861953552756j),(0.0019613929226202447+0.0029406754257855806j),(-0.0018628200432414652+0.0007820885352840725j),(-0.0021689464668132223+0.0013849823467129933j),(0.000607480864303769+0.0033530064788383543j),(-0.001026216376194847+0.0020864014568891037j),(-0.002532497922834386+0.0014787325256614844j),(0.0022593255470102183+0.002919432385993988j),(-0.0027574639714005016-0.002088682779908224j),(-0.001523237025111456-0.0002547126467740456j),(-0.0009210909211984247+0.0026584878702219936j),(-0.0028798806808197994-0.002420912685081533j),(-0.0015109753826464379-0.0004265507478630106j),(-0.0011117992972414477+0.0025646181645487117j),(-0.0027721005930784644-0.002192625873423339j),(-0.0014629086118914507-0.00033074565696187717j),(-0.0009610371223022314+0.0026305410456368885j),(-0.0015444768871627824+0.00025494819138145025j),(-0.0025047930756935-0.0009755517093721594j),(0.0036505933207850996+0.0018959629319793793j),(-0.002404113016725275-0.005933897678766656j),(-0.002137130278665184-0.008566380681778465j),(0.006855668259404382-0.002477987893190644j),(-0.002470517806952321-0.006419473108045651j),(-0.002113107138698084-0.009158082274879315j),(0.007097951306328481-0.002828129947073956j),(0.00782625216539893+0.0013205316288890413j),(-0.002132809406228062+0.003061439267382312j),(-0.0029744382746957412-0.010923130338789683j),(-0.0010810645173629195+0.002820302444086587j),(0.00128323044796122-0.0008602384727618775j),(-0.0017874342233800142-0.0034847407378612444j),(-0.00491760449691166-0.03948877100932453j),(0.007216191381179482+0.0009948343335694767j),(-0.0017044202387889382+0.002847171347801078j),(-0.0028297051026910346-0.010232676173823747j),(0.00673508895248795+0.008641241465408959j),(-0.0005113643459649202-0.0008625459827435473j),(-0.003269058392854249+0.005635623217033624j),(0.0010431912714924645-0.0014948830804394535j),(-0.004230577644616193-0.003435292433147342j)
18,(-5.078023318989427e-06+3.804008639474631e-05j),(-7.782579224237523e-05-0.00011166129022340348j),(8.290381568502558e-05+7.362120392989816e-05j),(-3.8058151081697344e-05+3.401627123218253e-05j),(-3.158283027354475e-05-9.374854184609623e-06j),(5.48290998036936e-05+0.00011881202884020945j),(0.00021381271201035505+0.01993654757465016j),(-0.00041442056551267313+0.016221061316426956j),(0.009160408898885121+0.024329724901433716j),(0.00023924180978931314+0.02788935751610771j),(-0.0007336387415339493+0.02158251526681073j),(0.013764556709059331+0.03503535713786686j),(-0.003093922908654131+0.04048200797946424j),(-0.008443102033410053-0.017003294346707276j),(0.05603960332885592+0.09250994957114876j),(-0.020409031547719347-0.01677280421464249j),(0.010846616520321279+0.06995716662588435j),(0.039928004053944394-0.019617618820190433j),(0.8502015311977476+0.015205366235701772j),(0.0008828832143855667-0.014109834407943056j),(-0.011122050714663363+0.012140035755749207j),(0.02266648918989403-0.0020772278189001986j),(0.0005174173392776312-0.016022007344574683j),(-0.01252824279760522+0.013960968105522786j),(0.024914312982900304-0.002126080902822944j),(0.0005076874379549047-0.016022502178873237j),(-0.012530285787828783+0.013981352969086727j),(0.0249212680461105-0.002130446270631428j),(0.00019049030413923092-0.016147741314322284j),(-0.0003772502787514429-0.018124099451383716j),(-0.01234075318978671+0.01411788836081641j),(0.024560073187570752-0.0024001748611204715j),(-0.008347581051933235-0.0023231771011715512j),(0.003030722643973666+0.017708325172252962j),(-0.009445078658581914-0.009377719237831428j),(0.006248582140288823+0.005153710924756396j),(-0.0020750180566812587+0.010236386752366322j),(0.010214840796672986+0.019610228809271244j),(-0.00896572510323471-0.0013859772306180386j),(0.0024153041011208557+0.017126621736885138j),(-0.010849787664904707-0.009199105362845711j),(-0.0006554529945375145+0.023036013412721518j),(-0.009278502353021013-0.0028966394747036855j),(0.006441964565435275+0.018109481111472668j),(-0.0003242225639204301+0.02303956221135461j),(-0.00884350806144735-0.0036843429377031237j),(0.006722069887613327+0.018134581874133256j),(0.00023085734380332273+0.0010965749074254537j),(0.004860469754340735-0.015957451067285702j),(-0.01034464530425528-0.010240065179312866j),(0.002066688467952708-0.00040731419810762035j),(0.004926690168393949-0.009444438805091132j),(-0.00482699995761798-0.0055990234691636566j),(0.0017305799438328794-0.003613923351864479j),(0.0021555916303923318-0.0008778617476085738j),(0.001410530091725022+0.0008490866075762703j),(-0.0002820245250384826-0.0010729036903180129j),(-0.000610046317392672+0.004719667675240733j),(0.0023561902727931242+0.005495524205918763j),(0.0019130250501946818-0.004087564626877014j),(0.0023187160814815487-0.0012335669566158436j),(0.0014979451806674251+0.0005214950688566741j),(-0.003179787619102638+0.0021047488980410096j),(-0.004511742619434461+0.01145984634047689j),(0.0028980520416345156+0.010969418744053414j),(-0.00343230786997685+0.0023874362176184907j),(-0.004789478033669222+0.012009131796404164j),(0.0030064890969552826+0.011514229614340798j),(-0.0033257420447688163+0.0022580237553530003j),(-0.004746039207016956+0.011814245048877198j),(0.0028825390351086525+0.011195417136659273j),(0.0023882843115062037-0.006172311195426846j),(0.002673880480004297-0.002867796163646866j),(0.0015267181554152061-0.0009886768395365583j),(0.0026621172345092916-0.010678689368261027j),(0.0026111927450052294-0.006523488165554028j),(0.0007756540251340276-0.004382275147288357j),(0.0026759767428933025-0.011030742117239398j),(0.0026009232295588674-0.0068106231353605735j),(0.0007135811876793144-0.00464717001850579j),(0.0002278495335587393+0.0011005112935487168j),(0.0048592032583805135-0.015965064911066883j),(-0.010349991452103696-0.010243015622740832j),(0.003471739968787768+0.0026561573156073763j),(0.00014304383683129852-0.0024470102359962984j),(-0.004292065151281763-0.007028477690452135j),(0.0333362895522606-0.051992189208525524j),(9.219229707308537e-05+0.0012562765487855853j),(0.004472786244298192-0.014989793207812034j),(-0.009558937863961912-0.009386944531962642j),(0.00240343160342418-4.53424687800279e-05j),(-0.007242958252755589+0.014900576162794566j),(0.006554438361659295+0.0024088585013846047j),(1.2203721316320274e-05-0.002619247807676059j),(-0.006987703304970827-0.010969956391469613j)
19,(7.931072648758878e-06-1.878513082846522e-05j),(-6.6537941569050735e-06+1.735475984774073e-05j),(-1.2772784469981517e-06+1.4303709441427186e-06j),(3.93902185413489e-06-9.689157075136045e-06j),(-5.3794035349288004e-06+1.1530644987556872e-05j),(2.471980859723469e-06-8.126242959427392e-06j),(7.4385652423385635e-06-0.0014696341819976897j),(-0.0002640555887519595+0.00021821889062694638j),(-1.4084664418455729e-05-0.0014349408493718524j),(-3.144413705483323e-05-0.0021372230839344034j),(-0.0004882617705249013+0.0005530861339711449j),(-8.606762554223834e-05-0.002178473584671086j),(-0.0016520203486485477-0.006295646439421331j),(-0.00575419423681251+0.011750692649535613j),(-0.00284033928731613-0.010390701317949214j),(-0.005883276648744769+0.01553836525943033j),(0.004192318231503057+0.0025053591203566886j),(0.0018583104576981027+0.0029250914879640558j),(0.0008828832143855667-0.014109834407943056j),(0.9659774641180259+0.017686862475460582j),(-0.0013837787572108509+0.06293771516961404j),(-0.0047353795305482525+0.06181686677151806j),(-0.01027435547951106+0.007301711186226273j),(0.005787708788371927-0.017471159159272408j),(-0.0014856910158467026-0.01447546848664083j),(-0.010220003131051255+0.0066045183279140815j),(0.005564805914022502-0.018549343915769633j),(-0.001689523060917416-0.015424206467268515j),(-0.016620631707245502+0.025907225708507647j),(-0.018966432209114183+0.009508274157201395j),(0.0005232029611569717+0.0043042814659259455j),(-0.00390896509046721+0.009700798316285687j),(0.019503426036645143+0.01863948059860942j),(0.0003578484789756012+0.0016012625400795544j),(0.004962173729648189+0.0017376958598621824j),(0.009899077482756386+0.008946100594460375j),(0.012633185984363063-0.002446641026408346j),(-0.001981215064731259-0.0016192397436337186j),(0.019894007481310063+0.016750773007067996j),(0.0013434361883743209+0.0009663028899926009j),(0.00696997532773937+0.0005752513138060076j),(0.005448422407046518-0.015394524085118527j),(-0.006079821562806206-0.0008048548977549301j),(0.00167460774466422+0.0003518478290354017j),(0.005330422648784096-0.01566146572579375j),(-0.005932638208657531-0.000760280871823023j),(0.001689415304662441+0.00038112234661506067j),(-0.002440834610575502-0.0011202380593536968j),(0.0024602804014628708-0.0020155249552738144j),(-0.0005028571131042804-0.0021270237754344584j),(-0.0028894232577529205-0.0005899766177636921j),(0.0009444187493158874-0.0006936968582630723j),(-0.0011481224683491968-0.0011897601799906333j),(-0.000503236944160433-0.002929192726912583j),(0.0003482451135053184+0.0001412681809164388j),(-0.000358769866856604-0.0008595601464837475j),(0.001106787476919869-0.004115228028396936j),(0.0004794805650342506-0.00021770759487298554j),(0.0008652886871215561-0.0016108140803227206j),(-0.0005908901840966331-0.0028563830727420664j),(0.00032133996501392914+0.00025094091646271334j),(-0.00046648707272482944-0.0007225786865031887j),(0.0030625007782466764-0.005325143871404234j),(0.0006921529944799658-0.0004613319755520343j),(0.002396117140435296-0.0023408726763579973j),(0.0033036430084079915-0.005461433647890695j),(0.0007680771748563378-0.0005049513230221065j),(0.002586005958657033-0.002424379259834464j),(0.003117131606430142-0.005363799221374153j),(0.0006695487449172345-0.000458109163567642j),(0.00243876326414644-0.0023630228347380285j),(-0.0009032211004240714-0.0024084046346332785j),(0.00029085844790726733+0.0008682867699496263j),(-0.00085904208925545+9.788563239442088e-06j),(-0.0013908593585489752-0.0010982615521972511j),(0.0004359385446901494+0.0025546475817515013j),(-0.001512945243764578+0.001933025574432995j),(-0.001427593839985088-0.0009971344104426237j),(0.0004485725879100109+0.002685400642593505j),(-0.0015611851079407003+0.0020814502927915274j),(-0.002439588344088223-0.001122254085315548j),(0.0024616526181687726-0.0020174159133086195j),(-0.0005015060972366884-0.0021278646066779892j),(0.0004468793880224733+3.6882811186285044e-05j),(-0.00020225259755848359+0.00114325855690532j),(-0.0013303620684325427-0.0021877520922786928j),(0.004871242544875913+0.0025572618013771226j),(-0.002133913140494042-0.0011473529418528816j),(0.0022085960302114364-0.0018779244350908674j),(-0.0004503836268389571-0.0019211184344740256j),(-0.003302471685865614-6.646417744725439e-06j),(-6.216098249019116e-05-0.0001677575996272048j),(0.0004302798650790253+0.00010556867960443527j),(-0.0009069336049165725+0.0025284809871937504j),(-0.0032754953823782695-0.0031401267399819126j)
20,(-1.3164188187335115e-05-8.952939680817433e-06j),(5.200259592156144e-06-2.375709341552754e-07j),(7.963928570036321e-06+9.190510631644463e-06j),(-1.369122795963819e-05-3.916522430199454e-06j),(1.1380405877032134e-06+6.475914838651009e-06j),(-4.817507021160001e-06+6.648218315581936e-06j),(-0.0027907084158455353+0.0015692500245624661j),(-0.0015472838276841055+0.001988490512169588j),(-0.0018832270689906584+0.0021069672514726643j),(-0.004012185178729766+0.0020299264062795704j),(-0.0020086942044936504+0.002717303027921272j),(-0.0026849562440504726+0.002929688009721097j),(-0.010367455125059457-0.004021507112250081j),(0.003977854226025799+0.0013552746372785208j),(-0.006159552580692595+0.0036465793895876205j),(0.0027679896594237034+0.0008887126864975704j),(-0.001162225248809092+0.005159330941977872j),(0.018496973455483574+0.014901424141366408j),(-0.011122050714663363+0.012140035755749207j),(-0.0013837787572108509+0.06293771516961404j),(0.9410443301372272+0.034353091707931896j),(0.0021358547992526137+0.06858552028407122j),(0.006357276982523921-0.018488779260053684j),(-0.013297284409213385-0.008557085421963581j),(0.012247751323361502-0.027599662635537325j),(0.006261294660527134-0.019713471327238066j),(-0.013117999374225538-0.009921251750742648j),(0.01215284499975815-0.02886836752415095j),(0.0018826751671534316+0.008878791437871968j),(0.0019670482772840073+0.011785526143131263j),(-0.0227348234981933+0.001324801184095059j),(0.011441654126425907+0.0006235812693422653j),(-0.008207992534916844+0.013772135336792267j),(0.01948736346971354+0.026863150807475016j),(-0.011706167906067912+0.007605822154628543j),(0.0026260815392482525-0.00031267116095144015j),(-0.0008238442215831171+0.005721046059811184j),(0.03075069980341285+0.030783268433658445j),(-0.008164677183939961+0.01124227516653293j),(0.01923945981810915+0.024067926585431706j),(-0.01028477496753817+0.005916348854361226j),(0.0018456923373994663-0.012386761694657203j),(0.010263261684401137-0.017579696222296173j),(-0.0036905588319508277-0.007937210796651249j),(0.0019997464620612627-0.012546651769439582j),(0.009944244027313916-0.01788990253193909j),(-0.0035724291024194044-0.007972704016128561j),(0.0019009122941350829+0.0008072055426123901j),(-0.0025489635413669274+0.007193162285514121j),(-0.0022258497059786733+0.0050340349107869525j),(0.0027673817827783805-0.0012911657229211916j),(-0.0014443060764754464+0.002765149247699229j),(0.0005082380248354083+0.0005959490657077857j),(0.0011455166111512178-0.0008338080165345792j),(-0.0014329061328861078-0.0020371214522553254j),(0.0025920629083349012-0.0037094662498197047j),(2.542604010566683e-05-0.00015314595269051668j),(-0.0007488731610869049-0.002817626119173289j),(0.0022150018647532923-0.0034249724702509494j),(0.0011949489052610796-0.000873532910943507j),(-0.0015467690500365668-0.0021214589005804432j),(0.0027075543825262807-0.0039084080016796256j),(-0.0013923677403858664+0.0008110927013233057j),(9.752033117485992e-06-0.0035505479507721353j),(0.001606186210365594-0.002849091551487786j),(-0.0015914546466756735+0.000936183941747412j),(5.418619678205811e-06-0.0035818273806522485j),(0.0015038198057586655-0.0027665941306320137j),(-0.0014188615517012554+0.0008355479848918411j),(8.72406759271602e-05-0.0036038430014399556j),(0.0016028454464700238-0.0028374004153269676j),(0.0012923525310748745-0.0009051861180165528j),(-0.0021811848808692843-0.0023390218408627936j),(0.003076944178879112-0.0046256549113687945j),(0.0012168705290666877-0.0006161848043229612j),(-0.0038684231234012373-0.0024440698915278265j),(0.0035689644351567865-0.005796539035489202j),(0.001209106858369276-0.0005968403662153787j),(-0.003999791108848671-0.0024533035932043784j),(0.0036036190815876635-0.005889379602074572j),(0.0019001694236188687+0.0008087796555999933j),(-0.0025490874608397065+0.0071970972462543975j),(-0.0022297305746781138+0.005038437754927735j),(-0.0018163230016759993-0.00026598004279065196j),(-0.0007686650036416213-0.000756613390899552j),(0.0004933153867379976+0.0036704882133698474j),(-0.012245168029369362-0.015377735547490008j),(0.0017490613468160961+0.0007062862366567376j),(-0.002236225460885616+0.006628490159829542j),(-0.0021843488131709846+0.004672841360935358j),(0.0031394954313114895-0.0018866076029141025j),(0.001346981712492555-0.004306635358017388j),(-0.004111049319615132-0.00022252070923748797j),(-0.00227432411085082-0.0024017752842024516j),(0.0012324864120267067+0.005454857038208173j)
21,(2.1833219970483305e-05-2.102037309296871e-05j),(-6.96609632129305e-06+3.3480409651381764e-05j),(-1.4867123629449697e-05-1.246003660446334e-05j),(1.971758475304448e-05-7.251165455243951e-06j),(-5.457287972011763e-06+1.6350538677172178e-05j),(3.050197442516757e-06-2.158126924559954e-05j),(0.0028984520630508004-0.0027448926890978878j),(0.0015657484676912248-0.0005245237394890098j),(0.0013904054237512122-0.0036605388381469976j),(0.004084184693744927-0.003972536063716838j),(0.0019516722655014648-0.00034474122116096365j),(0.0018727378398049827-0.005360198387213582j),(0.007252183854613417-0.011218595960684379j),(-0.007477621068671542+0.01652915715743359j),(6.729007889828918e-05-0.017619863426226682j),(-0.0072381320149312155+0.0212556590749108j),(0.004489166709125443-0.017402809069791324j),(-0.005415908627740882+0.001985983804798957j),(0.02266648918989403-0.0020772278189001986j),(-0.0047353795305482525+0.06181686677151806j),(0.0021358547992526137+0.06858552028407122j),(0.9460201782681421+0.03406951632191576j),(-0.0014953034517824304-0.015371033724326447j),(0.012153747535067483-0.027473985706876907j),(-0.009362841530196946+0.004769094806470996j),(-0.001575883097199114-0.016462292705455947j),(0.012061121588381747-0.028748317617493375j),(-0.009194115969516881+0.003479629430972568j),(-0.0027199784764613826+0.013315276097771781j),(-0.004959469130626841+0.014547289281514306j),(0.011507244167222628-0.0003243722635221883j),(-0.018909535876642358+0.006632404233711711j),(-0.0004147977287708802+0.0021257601815729728j),(-0.006865956808858167+0.0008483298226999148j),(0.02570212980989602+0.025313025974711433j),(-0.002536921461136774-0.0002226663533998355j),(0.0037551947144701184+0.005518384697158074j),(-0.01078651203258408-0.0011904802886619466j),(0.0017755045624836736+0.00026007386645564637j),(-0.004212402536669957+0.00016278067479122416j),(0.02607800746889404+0.02281481173071266j),(0.004041797378852827+0.0015329389899842762j),(-0.002102402827701258+0.006520235757357336j),(0.007067470145587047-0.019371220810029507j),(0.004141527472581177+0.0014845939597287559j),(-0.001986488860845455+0.006477151611346311j),(0.006894613577182036-0.01974132738530586j),(-0.0016053099720431594-0.008603618680041501j),(-0.0030928138141348297-0.000781061451543729j),(0.0012427129953262875+0.0058227433027508895j),(-0.0011004538097728527-0.004683907867518844j),(-0.0012479897701133643-0.0007967710641381507j),(-0.00041236847731182275+0.004820316005848709j),(0.0002331434114014451+0.0008409984800676548j),(0.0015938968329487352-0.0014022862149560573j),(-0.0024361450455597485+0.001621312791180662j),(0.0019327565972107824+0.0008149680882044309j),(0.002961175357247479-0.0025415959909602433j),(-0.0014277276875816064-0.0006507261743850675j),(7.512899267612488e-05+0.0010166154338257208j),(0.0015462163676350734-0.0013497756344361175j),(-0.0026534063266437018+0.001707656440988744j),(0.003984907647244468+0.00019497707313462492j),(0.00460032741974456-0.004406294507440357j),(-0.00015126631841632895-0.0037623589122557487j),(0.004203678469428235+0.00013715763612896868j),(0.004764019860221463-0.004564164376652004j),(-1.4479843959632507e-05-0.004097587027133383j),(0.004062105731698135+0.00016054017689644436j),(0.004668962858374806-0.004505993857781112j),(-0.0001029009391197807-0.0038805565032105378j),(-0.0006043049701559595+0.0013981727320937056j),(0.0013493813282072708-0.0014723919820825702j),(-0.003585503607476036+0.0017525954397664685j),(-0.002039056261038646+0.0013042130978216833j),(0.0009637878110048601-0.002583215967349613j),(-0.005554888714153199+0.0010273171123207972j),(-0.002148857085248687+0.001292770937605629j),(0.0009327231310198853-0.0026730022582601193j),(-0.005706913077049583+0.0009708501756304812j),(-0.0016052858920900903-0.008607654345626698j),(-0.00309514765061498-0.0007804346085126257j),(0.0012455828055478349+0.005821650355244009j),(-0.0003940137900472293-0.003983964740234284j),(-0.0004025430189670211+0.000602288669581565j),(-0.0008350235171240286+0.002299753481821103j),(-0.0030526722144869414-0.005491886431449024j),(-0.0014566383100852861-0.007951150294618374j),(-0.0029780180587031407-0.0006371390824961203j),(0.0013096406938462855+0.005219040691346073j),(-0.001211535869467147-0.004986951399053507j),(0.004988429171541475-0.005406651704744905j),(-0.0016638044643093694-0.005528602478782707j),(-0.0006318043869802379+0.000817106781175143j),(-0.0018747786664279557+0.0031271227219275923j)
22,(9.427528106202172e-06-2.2110086475203758e-05j),(-7.567479612390374e-06+1.8489378862324683e-05j),(-1.8600484468485963e-06+3.620707573272722e-06j),(4.545703266789947e-06-1.1911480080165161e-05j),(-6.524118169344073e-06+1.3068782797191938e-05j),(2.3817139865881586e-06-7.872807235792527e-06j),(-7.999607918881115e-05-0.0016682731361081344j),(-0.0004035743558777955+0.00031312685484279805j),(-9.42950982662699e-05-0.00144853409663278j),(-0.00015716862082451559-0.00245081418651838j),(-0.0006906244089612166+0.0007137176923801658j),(-0.0002081779560611165-0.0022091256618850127j),(-0.0019153029413824494-0.008199449277373103j),(-0.0063515743675905175+0.013164851199410844j),(-0.003422240183255847-0.010968193888520385j),(-0.006457195378030858+0.017424383164651048j),(0.006758666063740948+0.0033104629598379454j),(0.001677123657699989+0.0026974415466574538j),(0.0005174173392776312-0.016022007344574683j),(-0.01027435547951106+0.007301711186226273j),(0.006357276982523921-0.018488779260053684j),(-0.0014953034517824304-0.015371033724326447j),(0.9718732353938044+0.015536727188666083j),(-0.0017940321873691724+0.029623281677065388j),(-0.0064630370068188125+0.03597884099840193j),(-0.027832907152598743+0.0190912628426296j),(-0.0014941919831897748+0.03376443620076755j),(-0.00628373951595998+0.03606806142422684j),(-0.007676440342400927+0.016738342084934445j),(-0.021753714092891605+0.01383822695428541j),(0.008694651704264202-0.013160636065060807j),(0.0012003292158081222-0.013455264737370241j),(0.019737866569141515+0.019162400363555734j),(0.0011074430922423644+0.001492873528486993j),(0.0064966881289039305+0.0020531460487954326j),(0.01081575592684346+0.009646170983103285j),(0.013577055166974336-0.002632625053028207j),(-0.002124545303244609-0.0015615665749475751j),(0.021866832234393042+0.018529726124199418j),(0.001143852714312142+0.0008808070855011197j),(0.006621808325072263+0.0007272745152490899j),(0.005670585072213503-0.01644450620734119j),(-0.0064880999147243264-0.001005231665011509j),(0.0022734801479478883+0.0001502577633603116j),(0.005457140900154041-0.016752096662953762j),(-0.006396264942587122-0.0009995415679399369j),(0.0022489731567657675+0.0001323240944284985j),(-0.002591626032584507-0.0010931822741929269j),(0.002525133905703361-0.0021313288421570386j),(-0.0005059832729961393-0.0025483169644604335j),(-0.003041328749811434-0.0004149901954912875j),(0.0009676559925043991-0.0005653702493695493j),(-0.0012148502864094204-0.0012710185642043105j),(-0.000537139107324163-0.003141663211341029j),(0.0003894986849442726+0.000259562392757934j),(-0.0004172447728858419-0.0007873900774598703j),(0.001221211976898023-0.004551706628223684j),(0.0005831301854293872-0.00019491557482452797j),(0.0008988400283385933-0.001649861723172959j),(-0.0006378796039051925-0.003061033811186679j),(0.0003563692173599646+0.0003769108946936072j),(-0.0005353399582355881-0.0006331316716779746j),(0.0033578327923651577-0.006047372650702202j),(0.0008750548221005063-0.0005783772077459547j),(0.002546411505484343-0.0025393423877985498j),(0.0036200959783813155-0.006215580026830232j),(0.0009619995819748327-0.0006376148768905336j),(0.002750192381147523-0.0026409990377858324j),(0.003418222769088148-0.00609604611119666j),(0.0008539940961569568-0.0005802778969128688j),(0.0025926805741088594-0.0025670741829864627j),(-0.001003178879947453-0.0025982123435555476j),(0.0003041657003861718+0.0010064858457805826j),(-0.0009673468651438669+0.00015479837494837965j),(-0.001593580034491507-0.001300267931007174j),(0.00041579150661887174+0.002670578910133785j),(-0.0016924316777386923+0.00215260729899218j),(-0.0016382038980252464-0.001200321374670272j),(0.0004259026301167262+0.00279950813525145j),(-0.0017460589194989743+0.002306547501488759j),(-0.0025903715422689023-0.0010955320162886768j),(0.002526521622325551-0.0021335695326910042j),(-0.0005044671815025449-0.0025495761594377664j),(0.00044243108383855976+0.00015396329647197893j),(-0.00019695315206654136+0.0012216119731930167j),(-0.001427674550963101-0.002454387223826882j),(0.004949064456749777+0.003241107345693821j),(-0.0022699831334280418-0.0011350575550345592j),(0.0022636053272697423-0.001988426543499313j),(-0.00044477618452455126-0.0023111045261685163j),(-0.0034621946927829387+0.00025714686540593374j),(9.42584975112291e-05-0.00029909268892414076j),(0.00042120282984275666+0.00033644383763341604j),(-0.0009271769014147996+0.0027342832676073114j),(-0.0035372514670868817-0.003480029332659987j)
23,(-1.3377811572665206e-05-8.747968082266724e-06j),(4.892782447761293e-06-3.6203620582421476e-07j),(8.485029099777407e-06+9.110004310401461e-06j),(-1.393717079180741e-05-3.361686173213245e-06j),(1.1390100455145212e-06+6.79461693859017e-06j),(-4.471246618008133e-06+7.1177993125774096e-06j),(-0.0027468910771453513+0.0017674017517951756j),(-0.0014926504268354026+0.0021629317270648084j),(-0.0017965853643953755+0.002279845096822771j),(-0.003951692066259642+0.0022922523249632697j),(-0.0019352137402750065+0.0029324459128321403j),(-0.0025614790105493155+0.0031563835140103764j),(-0.010313948427601052-0.004310566633433599j),(0.00396405583799596+0.0005412980019694515j),(-0.005919174591077856+0.003362340664561471j),(0.0025064031370106168+6.582081740777283e-05j),(-0.0015464462617018723+0.005452372388457954j),(0.020383446123900112+0.01659857815784893j),(-0.01252824279760522+0.013960968105522786j),(0.005787708788371927-0.017471159159272408j),(-0.013297284409213385-0.008557085421963581j),(0.012153747535067483-0.027473985706876907j),(-0.0017940321873691724+0.029623281677065388j),(0.9584237661606225+0.003629098455953958j),(0.0061912008816239605+0.034595046148763166j),(-0.001515163645073404+0.033705117703587965j),(-0.041215469255088594+0.010346540747498217j),(0.006339693857764558+0.03134087781891056j),(0.01116211640268195-0.018791678554634452j),(0.002441248800595753+0.01150524971645959j),(-0.013695977128494595+0.011931065184144607j),(0.014936838263002503-0.02988431906793739j),(-0.007942418859638754+0.014131412076209706j),(0.019401392661653936+0.02603515996676785j),(-0.010249661566562852+0.007988556610660598j),(0.002510868871711323-0.0002903953891569208j),(-0.0008397667158344063+0.005942034581302342j),(0.03118272353158527+0.031134792611456595j),(-0.008378751819488455+0.012421395301369388j),(0.020054135400382776+0.02519104180574937j),(-0.011648861321219813+0.0059606294860013315j),(0.001908312465589682-0.012412333354708205j),(0.01013995913834876-0.017728349185983806j),(-0.003963392217082879-0.007960786538118658j),(0.001971215709643392-0.012659321269535666j),(0.009720758795751593-0.018095509312638806j),(-0.0038977176580977423-0.00806269239851774j),(0.0018265243540693072+0.0007835559539671074j),(-0.0024659285040486254+0.00720500641102638j),(-0.002288722995171296+0.005323013500346413j),(0.002731283435996332-0.0014588678343355338j),(-0.001399638944226574+0.002646720967220938j),(0.0005022176581001155+0.0006083294340975725j),(0.0012014043818965726-0.0009115850849468865j),(-0.0014500746171300966-0.0021362827182725835j),(0.002665152707881864-0.0039024926346616544j),(6.207508405152814e-05-0.00014947715943329086j),(-0.0008053714911952158-0.002891657290386227j),(0.0023150847132441836-0.0035887704407393216j),(0.0012567608412604899-0.0009537377675251819j),(-0.0015623063608676813-0.002218622902686811j),(0.002779851635351308-0.00411021853941731j),(-0.0013856256629229172+0.0009364941803283598j),(-9.960287965962207e-05-0.0035674132215717303j),(0.0017315929713637636-0.0029488762681495954j),(-0.00158741791707987+0.001075724227002851j),(-0.00010805840388955945-0.003591899950944878j),(0.001632503292626394-0.002858595755842631j),(-0.0014136046235830105+0.0009650974490694611j),(-2.5073008554544465e-05-0.003618658524568188j),(0.0017287711997802653-0.0029350155596395426j),(0.0013765762048441967-0.0009749989368245762j),(-0.002193142364596836-0.0024049246999781984j),(0.003141469448064954-0.0048444811422819044j),(0.0013414872284532627-0.0006123839345496124j),(-0.003880747088965313-0.0023881659903179633j),(0.003607325081560401-0.006000769970823348j),(0.0013367946713291395-0.0005873258086739781j),(-0.004012136345483153-0.0023880079917464655j),(0.0036399861586547963-0.006092395434845478j),(0.0018257388518797407+0.0007853177073204351j),(-0.002466040991658117+0.007209078138467206j),(-0.00229270607652214+0.005327743414787108j),(-0.001789231995132693-0.0003090347292222864j),(-0.0008191152016407076-0.0007550617353189806j),(0.0005050451072392949+0.003774670097675215j),(-0.012130418413900312-0.01567807231419401j),(0.001681428623125915+0.0006876760885147969j),(-0.0021612128113108605+0.006637237630163865j),(-0.0022467338843174863+0.004943292092416033j),(0.003089042049617477-0.0020918366344694875j),(0.0012057396267032706-0.0043180639588420834j),(-0.004067754808921766-0.0003126625312965918j),(-0.0023718455543681595-0.0024015006832441787j),(0.0012798735408819087+0.005575482132339836j)
24,(2.2350961169348852e-05-2.1813662999019667e-05j),(-6.494536618551589e-06+3.597477159885119e-05j),(-1.58564245345102e-05-1.4161108650467596e-05j),(2.0548318554798453e-05-7.766653638627327e-06j),(-5.22949725733671e-06+1.6732899671052387e-05j),(2.7872307878150208e-06-2.404169533268666e-05j),(0.002964654545830523-0.0031150902554633445j),(0.0016081270213494825-0.0008091712195097854j),(0.001334208854719312-0.004154198182133157j),(0.0041791538865155594-0.004481837883933156j),(0.002007914960448325-0.0007106468647942862j),(0.001788419718950209-0.006067746624973556j),(0.007507270819970398-0.011632367130353559j),(-0.007541189549968224+0.01740103029677143j),(-0.00022382188029811904-0.01932378933343642j),(-0.007117866074749295+0.02224335722430045j),(0.004129230994593213-0.01843550091545395j),(-0.006773858592752955+0.00300435119282352j),(0.024914312982900304-0.002126080902822944j),(-0.0014856910158467026-0.01447546848664083j),(0.012247751323361502-0.027599662635537325j),(-0.009362841530196946+0.004769094806470996j),(-0.0064630370068188125+0.03597884099840193j),(0.0061912008816239605+0.034595046148763166j),(0.9631425218536895+0.003733599992189203j),(-0.006309111370583136+0.03600193859289539j),(0.0063419514620623885+0.031344652992943325j),(-0.03651294111786825+0.014912610658550929j),(0.003216719954797146-0.01926055367835818j),(-0.004564685990625598+0.015325660016081738j),(0.014942330275756031-0.029613656044867837j),(-0.010355361423763977+0.02779947438383317j),(0.0004374150441896745+0.002515762981602318j),(-0.0053682598900470615+0.0010307056217928618j),(0.025020001095889595+0.024035156444874053j),(-0.002705319962458222-6.233135467231701e-05j),(0.0038988169775537223+0.005452200155972022j),(-0.0112084442540462-0.0012366936757337256j),(0.0011279483505827054+0.0008998224425110259j),(-0.00541736203108344-0.0002649142718017389j),(0.02737554671085146+0.02422739938494958j),(0.00434248613102941+0.001106815569738958j),(-0.0019126446518341516+0.006666706425582219j),(0.007381016222875602-0.019770999467453833j),(0.004363223232900836+0.0009825395096419737j),(-0.0018604807483591844+0.006566116286688257j),(0.00709437367042997-0.020198194903092534j),(-0.0016649688934759484-0.008866304661030774j),(-0.003278147523901209-0.0005911931757486412j),(0.001410738081953686+0.006082209189584241j),(-0.0011615496286360594-0.004865625468671005j),(-0.0013583357834885828-0.000754019935377789j),(-0.0003680427142430697+0.004960016499247649j),(0.0002273158009171717+0.0008547943676969925j),(0.0016331059878838066-0.0015136308348076676j),(-0.002534010787225672+0.0016246508917801285j),(0.0019998216477304176+0.0008154480064234146j),(0.0030980146684739737-0.002740561542058366j),(-0.001523855927723544-0.0007424314555875184j),(6.26763607353895e-05+0.0010414314460789435j),(0.0015798935747715719-0.0014556410943189395j),(-0.0027572854222936297+0.0017183008687898277j),(0.004142814921619008+0.00017905073156773005j),(0.004859314487162928-0.004705024638343923j),(-0.0002382226032306581-0.003960282732387857j),(0.004369863754104073+0.00012028522548317242j),(0.005032395881178001-0.004871124491583556j),(-0.00010173931239031468-0.004306372358111411j),(0.004224268057311346+0.0001435058254899823j),(0.004934753507027734-0.00480986769580874j),(-0.0001886838992099483-0.0040826413048575955j),(-0.0006441121436642336+0.0014741900310134962j),(0.0013608099089409355-0.0015489598607013647j),(-0.0037129176346985026+0.001800941808212781j),(-0.0021342366702880866+0.001498529099041409j),(0.0009317413707233362-0.0025841477217314513j),(-0.005727121243174808+0.0011697839702221155j),(-0.0022482095942087913+0.0014962446803672147j),(0.000897376796527205-0.002668054932137532j),(-0.005882587920256371+0.001120704029245761j),(-0.0016648957713958524-0.008870464568497195j),(-0.0032805511913943292-0.0005903805295998897j),(0.0014137537747299395+0.006081183685898567j),(-0.00046572839167781697-0.004147816385777531j),(-0.00042126336435251936+0.0006390091175275496j),(-0.0008017505440979387+0.0024755154770899146j),(-0.003814162869300165-0.005094960574738688j),(-0.0015070396393643912-0.00819843006740437j),(-0.00315258278450191-0.0004560161301425218j),(0.001467177946991756+0.0054559680710368555j),(-0.0012816646916116803-0.005186671659096297j),(0.005319496496692146-0.00575399799458246j),(-0.0018288739102683728-0.005749991269624561j),(-0.0006629695565586426+0.0008424631458664088j),(-0.0018327851028769086+0.0033932681558733473j)
25,(9.431084452136968e-06-2.2128188071687973e-05j),(-7.571023954245762e-06+1.848311979195683e-05j),(-1.8600604495379805e-06+3.6450682420828574e-06j),(4.543750584701313e-06-1.192616817737516e-05j),(-6.530301640746544e-06+1.3074669957155125e-05j),(2.3793748809587015e-06-7.859801392467161e-06j),(-8.152121983117364e-05-0.0016685155821805995j),(-0.00040499286737879126+0.0003143373838625906j),(-9.524152219182866e-05-0.0014467411253989912j),(-0.00015938327056604952-0.0024515756149294135j),(-0.0006924804951237636+0.0007152886777793198j),(-0.00020952556561176664-0.0022066410034518795j),(-0.0019210252659995742-0.008219155240584176j),(-0.006349111507907472+0.013162164699036628j),(-0.003425173061762107-0.010965997266921677j),(-0.00645451007588075+0.017421366660838593j),(0.0067916180415300235+0.0033100178555821105j),(0.001672587438068143+0.0026976840649054236j),(0.0005076874379549047-0.016022502178873237j),(-0.010220003131051255+0.0066045183279140815j),(0.006261294660527134-0.019713471327238066j),(-0.001575883097199114-0.016462292705455947j),(-0.027832907152598743+0.0190912628426296j),(-0.001515163645073404+0.033705117703587965j),(-0.006309111370583136+0.03600193859289539j),(0.9722765995983911+0.0167872385658926j),(-0.0014173013751065267+0.029912772584536312j),(-0.006107920757923198+0.03612159685814966j),(-0.008232519521203616+0.016151618927146304j),(-0.02161012444558144+0.013814587700902868j),(0.008424300999271014-0.012164442262542685j),(0.0009495248394466197-0.012443131519310884j),(0.01972271902636956+0.019128896077843034j),(0.001129374758453647+0.0014362491478478244j),(0.006516859525944064+0.0019972444870422863j),(0.010810043129197327+0.00964326033887198j),(0.013571226191233925-0.002627458674593577j),(-0.0021254453989622566-0.0015567547242297027j),(0.021835654438389918+0.018541959702945306j),(0.0011351833173554094+0.0008896286792045202j),(0.006598114613092821+0.0007555758831219415j),(0.00566806083440344-0.016425868132220453j),(-0.0064835665737234364-0.0010073819918390943j),(0.0022818178078782224+0.00014879286240493048j),(0.005450732263067415-0.016734588943017756j),(-0.006395888057099813-0.0010021981291791554j),(0.002253780551287616+0.00012985620171246989j),(-0.0025897722267299037-0.0010912447300597478j),(0.0025220692550198707-0.002129176392768989j),(-0.0005048698738235715-0.002553022235470312j),(-0.003037874279612022-0.0004135040417502906j),(0.0009674944244725731-0.0005627163564667984j),(-0.0012129623325423436-0.0012722073096271738j),(-0.0005362365084763864-0.0031417397629620227j),(0.0003905287287373593+0.0002608444412756488j),(-0.00041685258585883155-0.0007852999019020841j),(0.0012208280784248328-0.0045533600952263826j),(0.0005845716520618236-0.00019497307511275692j),(0.0008979232524420945-0.0016478869313871147j),(-0.0006369719325046148-0.003061054824174467j),(0.0003573476846688874+0.0003782146478044153j),(-0.0005348892221665653-0.0006309664769308752j),(0.0033556845252548486-0.00605144551713657j),(0.00087671871308018-0.0005806729695246966j),(0.0025436937185091242-0.002538131051518032j),(0.0036177210917265673-0.006219908339921386j),(0.000963630046127614-0.0006401057272952949j),(0.0027472498908645082-0.0026398650073800713j),(0.003416028616209191-0.006100216456840898j),(0.0008556972629569545-0.0005826903217542199j),(0.0025899119633302843-0.0025659006027177692j),(-0.0010024920182709026-0.0025984032395362225j),(0.00030465306069935776+0.0010074175529970104j),(-0.0009668667181096815+0.00015684367095299807j),(-0.001593960641046015-0.0013018437676106448j),(0.00041458350780425036+0.002669586159572363j),(-0.0016924481765966553+0.00215332402178121j),(-0.0016386695151145068-0.0012020087111804002j),(0.00042456242256652026+0.0027983637757338703j),(-0.0017461168234789285+0.0023071581514873627j),(-0.002588521058308954-0.0010935931163098532j),(0.0025234530801365143-0.002131418173284846j),(-0.0005033548821714902-0.002554286113957676j),(0.00044198683192097667+0.00015655345629959905j),(-0.0001967114410121808+0.0012205082700921781j),(-0.001426075430272618-0.00245511610338151j),(0.004943045445640778+0.0032585932551471575j),(-0.0022684654460486202-0.0011331395063061333j),(0.00226076959473406-0.001986520019411034j),(-0.0004436616948390878-0.0023155610529483166j),(-0.003458057554249456+0.00025859909158948554j),(9.673915301565102e-05-0.0003025130155446046j),(0.0004218936392616404+0.0003412328365343691j),(-0.0009256994100466999+0.002732617654253288j),(-0.0035336586670393884-0.003480359324551101j)
26,(-1.3366363426650831e-05-8.743303652778697e-06j),(4.8899849911085135e-06-3.6344803305713306e-07j),(8.476378411214905e-06+9.106751707838226e-06j),(-1.3922310848485793e-05-3.3583886959526623e-06j),(1.1409502665622164e-06+6.792362551908961e-06j),(-4.466145428635222e-06+7.117249686216953e-06j),(-0.002743195281414798+0.0017667595996234712j),(-0.0014899765755859195+0.0021621397400582347j),(-0.0017937934877150898+0.00227911172619053j),(-0.003946531661411629+0.0022911507150526356j),(-0.0019317166579871144+0.0029309973571522586j),(-0.0025576825874576376+0.003155143477897424j),(-0.010306710464453493-0.0043219875703052885j),(0.003958955917326528+0.0005264916519576932j),(-0.005918265629761754+0.0033518589893675836j),(0.002499438043374369+5.0301410412828713e-05j),(-0.0015389379283755737+0.005456622083942911j),(0.020396666768717035+0.016614814859582494j),(-0.012530285787828783+0.013981352969086727j),(0.005564805914022502-0.018549343915769633j),(-0.013117999374225538-0.009921251750742648j),(0.012061121588381747-0.028748317617493375j),(-0.0014941919831897748+0.03376443620076755j),(-0.041215469255088594+0.010346540747498217j),(0.0063419514620623885+0.031344652992943325j),(-0.0014173013751065267+0.029912772584536312j),(0.9588253733585099+0.005288302370879531j),(0.006546824143783043+0.03470024785502461j),(0.010827687720392873-0.017967327925814684j),(0.002563608843151828+0.011319112659642739j),(-0.014220149501205048+0.011631659240808674j),(0.014643567676517921-0.02873673948701543j),(-0.007912546079436748+0.014077260049819504j),(0.01939482676319503+0.02599723146979998j),(-0.010206931773986586+0.007915969961245634j),(0.002503661288354988-0.0002827598909160827j),(-0.0008406427011548071+0.005940159627957922j),(0.031146044116565103+0.031117215209339338j),(-0.008378327139529398+0.012459036355735725j),(0.020037333168637917+0.02518753789295169j),(-0.011666254509381635+0.005988056041648685j),(0.0019063605953780639-0.0124005744922531j),(0.01013567316752919-0.017711775927557145j),(-0.003961396692798379-0.007952348484034862j),(0.0019643750722007688-0.012648846528837644j),(0.009712121539210774-0.01808014906337372j),(-0.0038997475917877666-0.008055423213280597j),(0.001823659820859112+0.0007852707788040313j),(-0.0024640870419936605+0.0071984596581839266j),(-0.002285469439088352+0.005321334821589531j),(0.0027279173846245135-0.0014577220757325897j),(-0.0013995884434013846+0.002642783655093787j),(0.0005025051788028972+0.0006074174399928029j),(0.0012014815876944503-0.0009128736305378856j),(-0.0014499191872179799-0.002136516578267592j),(0.002663799427078749-0.0039028625037880018j),(6.327878422372731e-05-0.00015103398791816054j),(-0.0008062134548186793-0.002891102182701387j),(0.0023143416980072164-0.0035894618223871796j),(0.001256881702473003-0.0009550778717677957j),(-0.0015619732065922736-0.0022187687243655167j),(0.0027783843205430696-0.004110499944800452j),(-0.0013829554169178082+0.0009348209853566932j),(-0.00010148889177747053-0.0035657505847342622j),(0.0017317987519339935-0.0029497939788077246j),(-0.0015845368154568744+0.0010740277715116124j),(-0.00010995702985563705-0.0035901593861852868j),(0.0016328548736720377-0.0028595486919654675j),(-0.0014109094792917388+0.0009634288910610189j),(-2.7054256663388014e-05-0.0036169282100170733j),(0.001728989447099208-0.002935933119562933j),(0.0013770713383806949-0.0009764464820208184j),(-0.002191803313439124-0.00240455810719732j),(0.003139699403721926-0.004844255888382885j),(0.001343240300930945-0.00061376940224174j),(-0.0038766903846990572-0.0023863637374238467j),(0.0036053600943181463-0.005999149742732258j),(0.0013386469977167091-0.0005887055250440691j),(-0.004007868949101643-0.0023860966404211353j),(0.0036380106988772743-0.006090667536832854j),(0.0018228740436865456+0.0007870338334562383j),(-0.002464198701013192+0.007202529320136779j),(-0.0022894492020416363+0.005326064540605334j),(-0.0017873596789124454-0.00030880809395522624j),(-0.0008192095099365236-0.0007539978205520527j),(0.0005055154829963083+0.0037726768369534492j),(-0.012119420907872077-0.015668745260999803j),(0.0016787442723969473+0.0006892887510103833j),(-0.0021595985700923193+0.006631213099531909j),(-0.0022436611406027943+0.004941764921186614j),(0.003085085341278141-0.0020902345445090263j),(0.001202302894362169-0.004315578247642963j),(-0.004063393474504805-0.00031269182003903324j),(-0.002370783097578627-0.002398360807067014j),(0.0012806205838667858+0.005572389710735918j)
27,(2.2341598464634344e-05-2.1816825068193914e-05j),(-6.4866759738172335e-06+3.597826470626353e-05j),(-1.5854922474146462e-05-1.4161439688480536e-05j),(2.053682086241543e-05-7.777513649602968e-06j),(-5.23036280228379e-06+1.672579639513433e-05j),(2.7774774004223436e-06-2.4052950921708078e-05j),(0.002960186926413638-0.003118392222523037j),(0.0016045221733008053-0.0008123657543497925j),(0.001329952039808356-0.004157397914607947j),(0.004172995980425071-0.004486437902592041j),(0.0020031870087143483-0.0007150707398297304j),(0.0017825489900534354-0.006072357494157731j),(0.0075025163211658585-0.011639629257108047j),(-0.007534731580245817+0.017397336983937306j),(-0.00022800508856140114-0.019336118154788317j),(-0.007109990980625487+0.022237215649879082j),(0.004128839788456644-0.0184345128406991j),(-0.0067796927052117635+0.0030243033795846683j),(0.0249212680461105-0.002130446270631428j),(-0.001689523060917416-0.015424206467268515j),(0.01215284499975815-0.02886836752415095j),(-0.009194115969516881+0.003479629430972568j),(-0.00628373951595998+0.03606806142422684j),(0.006339693857764558+0.03134087781891056j),(-0.03651294111786825+0.014912610658550929j),(-0.006107920757923198+0.03612159685814966j),(0.006546824143783043+0.03470024785502461j),(0.9635061561079689+0.005458185378726443j),(0.0029064871191209866-0.018391774614527744j),(-0.004440796028007508+0.01513104769398907j),(0.014655718556625766-0.028453467518393304j),(-0.01083044484481579+0.027350192532765983j),(0.0004653684293561408+0.0024662693301871277j),(-0.0053262124925553996+0.000959644315077066j),(0.02498001495873774+0.023999628521546742j),(-0.002706069471484586-5.201037904560091e-05j),(0.0038926451186780528+0.00544483698906108j),(-0.01120389174871027-0.001231936540292057j),(0.001111320380436388+0.0009478571388797409j),(-0.0054335981241192865-0.0002473886410021926j),(0.0273423924256807+0.02421831484018727j),(0.004339628732116444+0.0010993877741189238j),(-0.0019089028894551715+0.006659714393079105j),(0.007391361429720841-0.01975081474626933j),(0.004355949340954645+0.0009737473256147752j),(-0.0018610559810462194+0.006558429343033763j),(0.007100691678328578-0.020178747489715675j),(-0.0016648901977421196-0.0088609047797516j),(-0.003277489857564171-0.0005873755482009727j),(0.0014135080641097374+0.0060773509840441895j),(-0.001161697318973527-0.0048640284326857165j),(-0.0013585061999555393-0.0007533033843518j),(-0.0003670607811407473+0.0049553161759862225j),(0.00022743877292462602+0.0008523798305224515j),(0.001632552157240113-0.0015157095218670718j),(-0.002534450649412376+0.0016231251606463502j),(0.0019994532705600934+0.0008123190553724546j),(0.003097895998874872-0.002743498580031461j),(-0.0015256226171306234-0.0007426009162414167j),(6.2889915097322e-05+0.0010390531730838748j),(0.0015792845111094295-0.0014576112925035857j),(-0.002757592144687746+0.0017168611272803153j),(0.0041419761193399775+0.00017592268560206754j),(0.004859914876653767-0.004708159179353608j),(-0.00024139346643788475-0.003958108258119752j),(0.004368943102511335+0.00011717049236606349j),(0.00503300445048874-0.004874264930095486j),(-0.00010508824076147644-0.004303924198422696j),(0.00422343109429945+0.00014037897293535818j),(0.004935423145959112-0.004813010344146287j),(-0.00019188892781153786-0.004080385881225509j),(-0.0006434268491512322+0.0014726110209418099j),(0.001360049342659391-0.0015498182087200067j),(-0.0037125171319120423+0.0018004976879876843j),(-0.0021323514849892855+0.001500229467119316j),(0.0009308588960723291-0.002581057625825574j),(-0.005724916107591976+0.0011729995483320817j),(-0.0022462302323479587+0.0014982028617129047j),(0.0008964892467176788-0.002664655793084079j),(-0.005880242341001587+0.001124205976947231j),(-0.001664817567497949-0.008865061427654114j),(-0.0032798926999809326-0.0005865599156163219j),(0.0014165256407625312+0.006076327187713188j),(-0.0004667645625782228-0.004145475245054147j),(-0.000421307351662425+0.000638810183417219j),(-0.0007990013924541936+0.002475299518263402j),(-0.00382320044009512-0.005069629646728399j),(-0.001507018719909884-0.008193541856353192j),(-0.0031519490444011956-0.0004525200270243542j),(0.0014697361269851896+0.0054516908224540046j),(-0.001281870784290344-0.005184958527137519j),(0.005321268926648122-0.0057571744153999j),(-0.0018296830507221794-0.005746335776154254j),(-0.0006628847774793137+0.0008419593036425721j),(-0.0018276766281813681+0.0033935112910244156j)
28,(9.424995611319502e-06-2.2114928032337838e-05j),(-7.613194028915803e-06+1.7960704329098192e-05j),(-1.811801535796557e-06+4.15422366550384e-06j),(4.398090984940547e-06-1.2007844685837603e-05j),(-6.665273422365509e-06+1.297981707701803e-05j),(2.2812117981754676e-06-7.361079501275159e-06j),(-0.00012829693129973573-0.0016247304271706543j),(-0.0004504221422899817+0.0003547217114848156j),(-0.00012514078832337797-0.0013595866118247223j),(-0.0002259861075114766-0.002397851935358964j),(-0.0007501157982941301+0.0007637186244112194j),(-0.00024989256706864447-0.0020822106029150917j),(-0.0020489231253054746-0.008497705546867232j),(-0.006194620208030771+0.01289553709005204j),(-0.0034256102671263167-0.010690624534968524j),(-0.006312063902249749+0.01705568970573444j),(0.007554185671203995+0.00332797966140784j),(0.0014788112213972972+0.0023076415616115446j),(0.00019049030413923092-0.016147741314322284j),(-0.016620631707245502+0.025907225708507647j),(0.0018826751671534316+0.008878791437871968j),(-0.0027199784764613826+0.013315276097771781j),(-0.007676440342400927+0.016738342084934445j),(0.01116211640268195-0.018791678554634452j),(0.003216719954797146-0.01926055367835818j),(-0.008232519521203616+0.016151618927146304j),(0.010827687720392873-0.017967327925814684j),(0.0029064871191209866-0.018391774614527744j),(0.9517849107884628+0.005159395314367311j),(-0.013045993357482254+0.010026120772294044j),(-0.012863616408077365+0.062451698102717466j),(-0.016391543992881515+0.0700154985050728j),(0.019532782010299128+0.01747640145692815j),(0.0018278780747988774-0.0012539652384164438j),(0.006938058028310291-0.0008253830996521488j),(0.010508042132619766+0.009460836655935133j),(0.013308768821199055-0.0023146178726749047j),(-0.0020894271912582996-0.001280175483640982j),(0.019820419834537237+0.018650281585484423j),(0.0010184844414745425+0.0013903316292287597j),(0.005933542637130157+0.0020666300470559232j),(0.005580558899524194-0.015463539902177153j),(-0.006223338642101442-0.0011118664974729842j),(0.0025580085136479107+0.00017948209560091685j),(0.00524264756682771-0.0158081355392346j),(-0.006286530664059301-0.0010993455773039475j),(0.00240052870881023+0.00014861358473855328j),(-0.0024970346638656716-0.0010349812912957123j),(0.002394849144888053-0.002064158190773451j),(-0.0004620063572281681-0.002748535802640468j),(-0.002883542011292892-0.00040603910726843455j),(0.0009612589612227885-0.0004920405265475989j),(-0.0011303548875085051-0.0013493082609606875j),(-0.0004965336938001661-0.0031521932893092018j),(0.00043075332767062726+0.0003057874553615339j),(-0.00039174127937607005-0.0007142980663254089j),(0.0011874484072947266-0.004597244541191565j),(0.0006320112853888442-0.00018242567938669203j),(0.0008566222096193419-0.0015575393187968521j),(-0.0005948686098503941-0.0030708399961395993j),(0.00039657298872602595+0.00042284105897157033j),(-0.0005056126415146587-0.0005590706797503084j),(0.0032257864717987967-0.00615571383327392j),(0.0009217620635140233-0.0006311529824418109j),(0.0024129260275821372-0.0024485816396421956j),(0.003475758685448995-0.006330428270090086j),(0.0010057998262373077-0.00069566112903685j),(0.0026054464959991085-0.0025501517323972254j),(0.003283457248465273-0.0062070611247815955j),(0.0009020772320747995-0.0006367649277581908j),(0.002456560268774571-0.00247678534730958j),(-0.0009598132819032107-0.0026204140413322984j),(0.0003284744838050838+0.0010331844852453295j),(-0.0009289448279683895+0.0002158373603547219j),(-0.0015742370337358319-0.0013881013723988072j),(0.00037871792569567917+0.0026123637168623433j),(-0.0016594437069568535+0.0021440619933746127j),(-0.0016208444220263951-0.0012934311155341199j),(0.0003840330970074015+0.0027345925237437854j),(-0.0017136323639227735+0.0022924727647686527j),(-0.0024959069905280146-0.001037205140613957j),(0.0023960784771810085-0.0020664200775200505j),(-0.0004605548676214601-0.0027499471788725756j),(0.0004192369000848777+0.0002570348850906047j),(-0.00018345340063733416+0.0011578876896982757j),(-0.0013462993608810878-0.0024760096951777447j),(0.004729742703012602+0.0037983417949030915j),(-0.0021909292721217573-0.001072514915792402j),(0.002144124514550245-0.0019304555619840055j),(-0.0004017953798361928-0.0025003113447179537j),(-0.0032765813534831744+0.0002522911154633589j),(0.00017788850191268602-0.0003926704310959683j),(0.0004465225475325076+0.0005251386819743693j),(-0.000857003146665149+0.0026295666435026096j),(-0.00335335336727224-0.003487590898168452j)
29,(1.0700285192930702e-05-2.3868726945495007e-05j),(-8.586351374858709e-06+1.7396275143786665e-05j),(-2.1139337659882827e-06+6.472451755328219e-06j),(5.071497481584774e-06-1.3889655234218512e-05j),(-7.451704705965779e-06+1.3089829228709466e-05j),(2.5808075682482487e-06-6.606671211074711e-06j),(-0.00012800368609472516-0.0019003717203370956j),(-0.0005134743967169377+0.00024261077328277146j),(-9.62598403139377e-05-0.0014250787171070176j),(-0.0002391856315082612-0.002805150512078982j),(-0.000821686510519424+0.0006290823209198441j),(-0.0002083140018773535-0.0021579797071218385j),(-0.002572897224980681-0.009970664766716172j),(-0.005660118354760551+0.013545058142470402j),(-0.003348595363201443-0.01018007123759367j),(-0.005921374669953614+0.01752085079204224j),(0.01082775672252993+0.004505424940963024j),(0.0006197133520275712+0.001385465281057048j),(-0.0003772502787514429-0.018124099451383716j),(-0.018966432209114183+0.009508274157201395j),(0.0019670482772840073+0.011785526143131263j),(-0.004959469130626841+0.014547289281514306j),(-0.021753714092891605+0.01383822695428541j),(0.002441248800595753+0.01150524971645959j),(-0.004564685990625598+0.015325660016081738j),(-0.02161012444558144+0.013814587700902868j),(0.002563608843151828+0.011319112659642739j),(-0.004440796028007508+0.01513104769398907j),(-0.013045993357482254+0.010026120772294044j),(0.9738771847071205+0.02284668193607482j),(0.009815158903095346-0.0005747134186939382j),(0.0026676444552300982+0.002416686955329768j),(0.023694784373918164+0.02055707248926332j),(-0.0005344996579537709+0.0006271008055425756j),(0.005127539542973077+0.0005070335782832881j),(0.009701249541976625+0.011986064073462671j),(0.012674228887491958-0.00351402702998569j),(-0.004316650380592222-0.00239412485109132j),(0.02581583996718717+0.01941480854517522j),(0.00015681268044920863-3.1960859326112586e-05j),(0.0061611776007383864-0.0006211196137271124j),(0.004534307786298189-0.016969102507477702j),(-0.007092655077626801-0.00020255374447745262j),(0.0023733365713739427+0.0010481210813911672j),(0.004289600492521824-0.01727269458596377j),(-0.006961463347824323-0.00014328532414588716j),(0.0023760243163872177+0.0010818303551361989j),(-0.0027341294002767667-0.0006927049309704363j),(0.002775150309174902-0.002304338484107566j),(-0.00041852725526147973-0.0028932053696585705j),(-0.00320059436998529+0.00012384858182915622j),(0.0010711771062272661-0.0004994895100991327j),(-0.0012470890184384316-0.0012917867945236618j),(-0.0006195572323502354-0.0032394158340455096j),(0.0004032259214784359+0.00022445761220938048j),(-0.0004666332429607682-0.0007581575815812645j),(0.0012462858574124804-0.004837611369273141j),(0.0005491168457342809-0.0002477917687836175j),(0.0008962132913968396-0.0016669161957353232j),(-0.0007277348517163074-0.0031628764139975075j),(0.0003766121758929284+0.0003400326209123477j),(-0.0005878456497358328-0.0005945174728582989j),(0.003527696922380124-0.006541464712754619j),(0.000806053395567831-0.0006372036983715175j),(0.0026206184939815205-0.0025979849601979474j),(0.0038095611289834606-0.006734399751772925j),(0.0008962106891171693-0.0007019998366981388j),(0.0028358457658784553-0.002705613274728149j),(0.0035913265319438598-0.006596286210194785j),(0.0007799071285927977-0.0006362995864210206j),(0.002668169351204125-0.002626255214276666j),(-0.0011095916231802338-0.002716549613449813j),(0.00037577097363609654+0.0009651658276099925j),(-0.0010143859202105389+0.0002417176387334042j),(-0.00169510206459764-0.0014447908979539018j),(0.0006544290502340532+0.0026344050048747137j),(-0.0016823293844248784+0.0023689811358883605j),(-0.0017391089533551442-0.001346777951471212j),(0.0006775332626300936+0.002763714376027046j),(-0.0017312728641412228+0.002532856100793573j),(-0.002732966366252788-0.000695322206294968j),(0.002776654799305918-0.002306836470282181j),(-0.0004168297298985454-0.0028947662692643053j),(0.0005792741355855204+0.0002864538566414894j),(-0.00018038816179740324+0.0013571677910972236j),(-0.0015151725523541635-0.0026936617720343566j),(0.0051575791249554755+0.004466338203891154j),(-0.002406823432018162-0.0007808491745489093j),(0.00249221013671585-0.002144290193705465j),(-0.0003581803176461767-0.0026236979719482523j),(-0.0036182545479879567+0.0009248461181258476j),(-7.37291010022772e-05-0.00028118440792322154j),(0.0006877246086791566+0.0005333496595921208j),(-0.0008801927541037954+0.003066716348773008j),(-0.0037382351609045-0.0037644684664987207j)
30,(-1.2934448482211163e-05-8.243781024526176e-06j),(4.9380489328593726e-06-6.657455046677044e-07j),(7.996399524194489e-06+8.909526554567742e-06j),(-1.3257150538147769e-05-3.1618172188416292e-06j),(1.3242701506724875e-06+6.4131641123646495e-06j),(-4.341865757832033e-06+7.082344559132851e-06j),(-0.002584329068765185+0.0017128293471893406j),(-0.001375478759500428+0.0020771166941118153j),(-0.0016854044976604404+0.002222376442748355j),(-0.0037240981444462886+0.0022161229106541485j),(-0.0017792497279498453+0.002803724934418267j),(-0.0024103128246088694+0.0030750623008642553j),(-0.009973156233265393-0.004455617995552233j),(0.0038484322766295822+3.0402317607891062e-05j),(-0.005880312846258742+0.003211728221961508j),(0.00237906840243475-0.0005557893632672081j),(-0.0013191774023195136+0.005538565046912346j),(0.02024921404232313+0.016744619048460224j),(-0.01234075318978671+0.01411788836081641j),(0.0005232029611569717+0.0043042814659259455j),(-0.0227348234981933+0.001324801184095059j),(0.011507244167222628-0.0003243722635221883j),(0.008694651704264202-0.013160636065060807j),(-0.013695977128494595+0.011931065184144607j),(0.014942330275756031-0.029613656044867837j),(0.008424300999271014-0.012164442262542685j),(-0.014220149501205048+0.011631659240808674j),(0.014655718556625766-0.028453467518393304j),(-0.012863616408077365+0.062451698102717466j),(0.009815158903095346-0.0005747134186939382j),(0.9438027808956576-0.0057086452253780175j),(-0.0030403923132473996+0.06974804841966488j),(-0.006212062748362477+0.011060802755258442j),(0.01909234268960392+0.02478419652607607j),(-0.008779126837121717+0.004108740093060753j),(0.0021886128293573215+0.00011193820913583605j),(-0.0008668652177274795+0.00581093710961262j),(0.02921359335636558+0.030209784499507134j),(-0.008451513801631273+0.01383495523299462j),(0.0190111182064331+0.024730778889341654j),(-0.011774832460450763+0.007305349413578792j),(0.0017525113626967936-0.011848254033279333j),(0.010004939530943575-0.016910234814168517j),(-0.0038852162053319168-0.0075591340513911955j),(0.00164575290642042-0.01211748000599376j),(0.009433043813370425-0.017315472284645292j),(-0.003974198989693064-0.007678834829160205j),(0.0017252172170793409+0.0008667940794854578j),(-0.0023763584969334227+0.0068697146835317874j),(-0.0021466379849945094+0.005147795319291722j),(0.002596191750254359-0.0013574081720447097j),(-0.0013966322002208383+0.0024812518282576954j),(0.000511939546852622+0.0005494187835738021j),(0.0011967003917912797-0.0009543698937247611j),(-0.001445730779875453-0.002124379802852949j),(0.0026026451925513744-0.0038805003246257103j),(0.00010756413193802274-0.00021871812628655642j),(-0.0008526600827834175-0.0028404363270393244j),(0.002273552714929676-0.003580336596769325j),(0.0012531620715896404-0.0009997425123631095j),(-0.0015490125610218438-0.002204034988526451j),(0.0027132935336769233-0.004083058893190374j),(-0.001273445144172059+0.0008379699876682411j),(-0.0002010059102657096-0.0034694227712364755j),(0.001725834049461765-0.002957751437149326j),(-0.0014654480208433126+0.0009732687521389252j),(-0.00021036764714260997-0.003491099262788112j),(0.0016327079488057093-0.0028700857419390272j),(-0.0013003910826318904+0.0008659960788490509j),(-0.00013126345645843827-0.0035176032737953195j),(0.001723247048617562-0.0029440849403209405j),(0.0013869685464843076-0.0010359710149083147j),(-0.002129221122450175-0.0023793313412515346j),(0.0030669079713077554-0.004795576954545146j),(0.0014044172856237244-0.0007072058816118667j),(-0.0036802320570190087-0.00233928173721219j),(0.003538111116946064-0.005905956811344629j),(0.001403888102633834-0.0006847486622710121j),(-0.003801056246400439-0.0023374355737160353j),(0.0035713849833462204-0.0059940990398126j),(0.0017244247943579202+0.0008685641906215245j),(-0.002376410068389534+0.006873637770724335j),(-0.0021504682747013923+0.005152424834315074j),(-0.001694523351985-0.00027921845843227426j),(-0.0008107756025652357-0.0007071368767342344j),(0.0005116708290227273+0.0036391672548143055j),(-0.011559703913069392-0.0153690622413055j),(0.001585057477794621+0.0007652644940496294j),(-0.002080458527511795+0.0063292642843091156j),(-0.0021122405707106654+0.0047814000376064985j),(0.0029313998673942063-0.0019569161998351558j),(0.0010277938117968118-0.004180111280645569j),(-0.003851268433077699-0.0002781558212754691j),(-0.002299371234588189-0.0022504579413723884j),(0.0012822782584044714+0.005379294721916894j)
31,(2.1741632257200876e-05-2.1620078159090643e-05j),(-6.581719418248161e-06+3.536286464435818e-05j),(-1.5159912825478081e-05-1.3742786534392976e-05j),(1.9666638212301324e-05-8.019543917105463e-06j),(-5.413441630863396e-06+1.6268887168825688e-05j),(2.6905298224828468e-06-2.3811161557135948e-05j),(0.0027457171819855017-0.0031410653966998294j),(0.001434517450657525-0.0008644193750503206j),(0.001189323093196094-0.0041514262683426985j),(0.0038762876545461586-0.004516688752786997j),(0.001779621413994814-0.0007939928953772917j),(0.001596066533325519-0.006063452547940777j),(0.007216933204044279-0.011670637045073769j),(-0.007255045439497961+0.017045921663400274j),(-6.032432020102677e-05-0.019304433527115368j),(-0.00682641560620345+0.021749751202866357j),(0.004101863275270421-0.01822397517278951j),(-0.006766336983211743+0.0031690497788900707j),(0.024560073187570752-0.0024001748611204715j),(-0.00390896509046721+0.009700798316285687j),(0.011441654126425907+0.0006235812693422653j),(-0.018909535876642358+0.006632404233711711j),(0.0012003292158081222-0.013455264737370241j),(0.014936838263002503-0.02988431906793739j),(-0.010355361423763977+0.02779947438383317j),(0.0009495248394466197-0.012443131519310884j),(0.014643567676517921-0.02873673948701543j),(-0.01083044484481579+0.027350192532765983j),(-0.016391543992881515+0.0700154985050728j),(0.0026676444552300982+0.002416686955329768j),(-0.0030403923132473996+0.06974804841966488j),(0.949855714046556-0.009895529231113686j),(0.0017578809904224705-0.0003955123868277545j),(-0.003979034066237091-0.00273209394125141j),(0.023288136428985473+0.02305084767734427j),(-0.002686294050967474+0.0004528877111652522j),(0.0035692622432617147+0.005135696162549392j),(-0.010767926999833545-0.0009180190287855512j),(0.0003746883737960269+0.0030138250090582623j),(-0.005579623661104915+0.0008350788434917933j),(0.025283357462751774+0.02314306284167129j),(0.004156024483470907+0.0008715781922038011j),(-0.001800900247711829+0.006266384685831839j),(0.007861323660572355-0.018609033932492608j),(0.004024724660135891+0.0007160088181654353j),(-0.001914081085642388+0.0061647546748061395j),(0.007441258229965119-0.019046913282652612j),(-0.0016430889938705358-0.008554373866049701j),(-0.0032088354067456642-0.0004971153720808854j),(0.0014704123737019409+0.005762654429628132j),(-0.001145875316409395-0.004765967007622816j),(-0.0013347603995391478-0.0007700149772129081j),(-0.00034971775956550504+0.004678997838285029j),(0.00023912426275386715+0.0007142259981976172j),(0.0016102298860250558-0.0016094533639106762j),(-0.0025336155036141516+0.0015475162250348261j),(0.0019668415646069645+0.0006561538779648012j),(0.0030749543714220125-0.0028382496517160936j),(-0.0015850175527517716-0.0007161759621467115j),(8.048402544529084e-05+0.0008988079780543187j),(0.0015554428200726654-0.0015486796973083984j),(-0.002748918509878495+0.0016428558407368984j),(0.004059383107833412+4.2118810991252295e-05j),(0.004842402216344062-0.004762479999906855j),(-0.00036782503865733104-0.003774364182954724j),(0.0042798145799846955-1.401708316209338e-05j),(0.005013601469175373-0.004924792292731765j),(-0.00023973686527402024-0.004102518271718959j),(0.004139692322422655+7.734439060103938e-06j),(0.0049196218256184745-0.004865085157976125j),(-0.00032015879574094175-0.0038909299816589586j),(-0.0005981760468758813+0.0013551037226567438j),(0.001331793287200641-0.001598025302528108j),(-0.0036656874940310027+0.001763711415714803j),(-0.0020229097445262608+0.0015091752132209684j),(0.0008980618824633024-0.002460773844934286j),(-0.005587215684096427+0.0012905243925732549j),(-0.002131807775975598+0.0015171285463048793j),(0.0008635200170872651-0.0025311733683911803j),(-0.0057354989067843936+0.001253807668473129j),(-0.0016430533348268475-0.008558323776554067j),(-0.0032111950503157178-0.0004962043449726846j),(0.0014734807577384212+0.005761704162750215j),(-0.0004901307723783456-0.003999613025505477j),(-0.00042110976520785565+0.0006119600782147029j),(-0.0006938647385209113+0.002413427600431506j),(-0.004053038411480116-0.00416336585870156j),(-0.0014906951999368741-0.00791307976791478j),(-0.0030866899023741534-0.00037245838469573576j),(0.0015224714558794014+0.005172511529994125j),(-0.0012653960916342028-0.0050779636960015225j),(0.005343065241492165-0.005787722047526721j),(-0.001816987401105471-0.005533070540505033j),(-0.0006555823631049547+0.0007984587752093444j),(-0.001623349472287997+0.003326728284416937j)
32,(-3.5196799755868077e-06+5.962606102260769e-06j),(-8.622381338401577e-07-5.940490797320622e-06j),(4.38191812662918e-06-2.2115339712750295e-08j),(-8.113419251578956e-06+7.465889105901903e-06j),(-4.021108886670684e-06+7.214452359412165e-07j),(-3.1493964725266764e-06+7.500724762603644e-06j),(-0.0017614129895088257+0.002959748458400498j),(-0.0015938393141113213+0.0023760888918047353j),(-0.0012933853201989487+0.0028121494361259478j),(-0.0024306488328023003+0.004044836283488377j),(-0.002187194330277741+0.003089007510234552j),(-0.0017659416148030514+0.0038552857115931576j),(-0.002047879872254944+0.0017471336468589949j),(-0.0014070776108182333-0.005738838187700327j),(-0.0008631526301045266+0.0020931585653861558j),(-0.0015634855665793814-0.006369947586624361j),(0.003700988280133913+0.003245211658072844j),(-0.00358054117959972-0.007684261988762715j),(-0.008347581051933235-0.0023231771011715512j),(0.019503426036645143+0.01863948059860942j),(-0.008207992534916844+0.013772135336792267j),(-0.0004147977287708802+0.0021257601815729728j),(0.019737866569141515+0.019162400363555734j),(-0.007942418859638754+0.014131412076209706j),(0.0004374150441896745+0.002515762981602318j),(0.01972271902636956+0.019128896077843034j),(-0.007912546079436748+0.014077260049819504j),(0.0004653684293561408+0.0024662693301871277j),(0.019532782010299128+0.01747640145692815j),(0.023694784373918164+0.02055707248926332j),(-0.006212062748362477+0.011060802755258442j),(0.0017578809904224705-0.0003955123868277545j),(0.9234579853542347-0.053913513461426525j),(0.008331379894519488-0.002080142492072755j),(-0.0045022055892497+0.006894044320095147j),(0.005362896910957522-0.014915695917350789j),(0.004717892199096643+0.019820766711339945j),(0.01936143396607338+0.006391606924703707j),(-0.07573279035258024-0.02358907134170709j),(0.0073003576357765256-0.0014627484963554965j),(-0.005394350918714788+0.0205875222330481j),(0.004045805262912712+0.03637362283663391j),(0.008202757486598844-0.009693455406980536j),(0.010320823621031414-0.000748671331229165j),(0.0049648664254091385+0.03668200919965511j),(0.00797852430486583-0.009427953164137127j),(0.010414999395979417-0.001136258755358461j),(0.003152418321269488-0.0011134622176585621j),(-0.004976177053822089+0.0010998692066631517j),(0.000884600922439668-0.009840022703431052j),(0.0056639367380334135-0.00415554228094092j),(0.000106830169129486+0.0013953208485800528j),(0.0029966192274430738-0.0053547356809774075j),(0.001770934687916351-0.003217242685542354j),(0.0021062862724470373+0.002372047611556664j),(0.0012163876020344446+0.002060543409460932j),(-0.0010570241138336274-0.004484556482581736j),(0.0026684296118858666+0.0010793335571319248j),(-0.0011687839959024526+0.0028722834861241945j),(0.0018732068070106559-0.0031188432332445995j),(0.002018554108028327+0.0024496141376179493j),(0.0013566868055364997+0.0021550429715495173j),(-0.0048913225674985985-0.00683477467765825j),(0.0027894265420219514-0.0015044713774763302j),(-0.004513933589299029+0.002809760887872527j),(-0.005377773362560563-0.007072572868506431j),(0.002686886101336701-0.001702888459500193j),(-0.004935113185842465+0.002815579883698991j),(-0.004994635633055336-0.006938425013630432j),(0.0028557689362317413-0.0016576902256699153j),(-0.0046071653185733715+0.0027891098400065j),(0.0018582745235242388-0.003265978628885959j),(0.0010966154847108374+0.0020897928019252203j),(0.0015134633115771443+0.001873937595457822j),(0.0007062013137178031-0.005049295906317258j),(-0.002186375840690593-0.000403025016914256j),(0.0007414336508936825-0.0004283824530658953j),(0.000610687629464667-0.005197918111063264j),(-0.0024414812409617537-0.0006021352337097314j),(0.0006758547918953901-0.0006138223362285519j),(0.0031492346396375533-0.0011066360231191288j),(-0.004982087188169154+0.0010988581678114326j),(0.0008820818099320221-0.009845238797917736j),(-0.0014526822105456597+0.0038863315092969933j),(0.0005310581063710934-0.0028681717972240776j),(0.003007918085506997-0.0017902487058659572j),(-0.005079686680358435+0.017296966107755662j),(0.002711240892036352-0.000563377890989872j),(-0.004559987809526364+0.0007940781577403608j),(0.0008985912171873159-0.00924486027870699j),(0.0065552211855046906-0.005120972064638761j),(0.004371995489089511-0.003276299414209451j),(3.6273303919186736e-05+0.007399831251914644j),(0.002482657193035072-0.004734775127818759j),(0.006643436253051201-0.0018720436756544062j)
33,(-6.142780683034663e-07+2.2989951417124934e-05j),(1.3084341153601705e-05-1.7118107097842392e-05j),(-1.2470063117611663e-05-5.8718442676068585e-06j),(1.2378638896914668e-05+1.0244841475866641e-05j),(1.3435621455374578e-05-1.588841024486183e-05j),(-1.6926638294356823e-06+3.408175325634868e-06j),(0.003886378170903917-0.0005417947656240017j),(0.0034941909282439495-0.002394570227360274j),(0.002460404801874516-0.0006205241084436758j),(0.005376370230790697-0.0006931890939064116j),(0.004746152388778893-0.003671615704597544j),(0.0032301147811066204-0.000765944439252801j),(0.005128360340533723+0.00188388440357075j),(0.0009027066413581902-0.01907103209719798j),(-0.004282618142923239+0.003403886809250172j),(0.0009348767242386158-0.025504472531397603j),(-0.002677119449420266+0.011256177162601567j),(-0.005153876283847114+0.016431070883201802j),(0.003030722643973666+0.017708325172252962j),(0.0003578484789756012+0.0016012625400795544j),(0.01948736346971354+0.026863150807475016j),(-0.006865956808858167+0.0008483298226999148j),(0.0011074430922423644+0.001492873528486993j),(0.019401392661653936+0.02603515996676785j),(-0.0053682598900470615+0.0010307056217928618j),(0.001129374758453647+0.0014362491478478244j),(0.01939482676319503+0.02599723146979998j),(-0.0053262124925553996+0.000959644315077066j),(0.0018278780747988774-0.0012539652384164438j),(-0.0005344996579537709+0.0006271008055425756j),(0.01909234268960392+0.02478419652607607j),(-0.003979034066237091-0.00273209394125141j),(0.008331379894519488-0.002080142492072755j),(0.9638013815121579-0.027731274264901542j),(0.013457958413704429-0.010321480623239123j),(-0.005084012826083415+0.009871540787960412j),(-0.001104284717553525+0.002459355785101319j),(-0.048188865218118666-0.015680674229172673j),(0.008451627762644711+0.0027619053690502923j),(-0.030703463270956327+0.0007179786065952092j),(0.012064769274409793+0.00973773258942957j),(-0.00794108909159064+0.016368882794445174j),(0.00464508206778025+0.016430230982738474j),(-0.0034234395751601846+0.008066814638982595j),(-0.0080374199561534+0.016377167760362608j),(0.005128758687037395+0.015983460910052465j),(-0.0035077437104069843+0.0076688007601346565j),(-0.0011471920999874378+0.003743392202924512j),(0.0005504536180142881-0.007610227917347788j),(0.0034103585377328947-0.0040856728262991665j),(-0.0016439548830957812+0.0029675515743869743j),(-0.00145034149080483-0.004129111677279772j),(0.0011276782295700474-0.00233362871394126j),(0.0010280589599370497-0.002089855255903886j),(-0.0012867093209725832-0.0009076516364407861j),(0.00014125176411785835-0.0019168372834054053j),(0.0015302261031940943-0.0025363958464175076j),(-0.002865706460678459+8.967724559210766e-05j),(0.0002510939376376877-0.0020871745999578323j),(0.001127972917711965-0.002272513201991222j),(-0.001016114028520876-0.0009081750769758348j),(0.0001293560478919736-0.0018929499904521549j),(0.0023184867758155457-0.0030578338760018572j),(-0.004533276526664883+0.001205515372524322j),(0.0006392876838738741-0.0023747305144998683j),(0.002459367072815709-0.0031289740412794613j),(-0.004603390039190207+0.0012805503948724699j),(0.0007267489361935649-0.0024211776455198035j),(0.002317382629444926-0.0030674671045971516j),(-0.0046565332797904235+0.0012733928454564598j),(0.0006303640021932361-0.002376655477976086j),(0.00180083313790854-0.003145110751487412j),(0.0004724775763203712-0.0009897097717588752j),(0.00031687518230158154-0.0018726698037622976j),(0.0038302664605063927-0.005179758045862312j),(0.0044146258984666415-0.001314083683250864j),(0.0012909323530689689-0.0019873843175237773j),(0.003989081114317081-0.005340840065534921j),(0.004717901190372583-0.0013460548984957636j),(0.0013702729097496355-0.002003065620999485j),(-0.0011476729935821046+0.003745445671624407j),(0.0005533476591552694-0.007613145151538742j),(0.003412708541868625-0.004086789847433048j),(0.002135609735367972+0.001241578377370503j),(-6.554925240408486e-05+0.0008436075512445844j),(0.0006638612300544055-0.0024720966795217358j),(0.013268691825019593-0.006872698068549623j),(-0.001184351975079821+0.0035179414812716633j),(0.0006255606599408625-0.006961896462142273j),(0.0031635843700650867-0.003778010266723905j),(-0.0020191204028862323+0.0037496202606609724j),(-0.006277246893516522+0.0020264507191331427j),(0.005037114604463107+0.001804216945424832j),(0.001554381954412838+0.0032777140938866395j),(0.0012729055527835012-0.003272126367352874j)
34,(-1.1707086570268594e-05-2.5701605138088595e-06j),(-1.8285963397750314e-05-6.489029662907776e-06j),(2.9993049931061397e-05+9.059190168916675e-06j),(-2.739753223469072e-05-9.174473809589901e-06j),(-1.4133611247196797e-05-6.077656128237574e-06j),(6.516852918046821e-06+1.5255015486288374e-06j),(-0.006715952671909691-0.0007315094724393029j),(-0.005770642886305649-0.0007832315898962479j),(-0.003678478125039154-0.0004290293866375033j),(-0.009218272532493731-0.0010614612457789888j),(-0.007726301915994395-0.0011426220525144002j),(-0.004630456218586012-0.0007122643784042851j),(-0.005901642541515855-0.0032592097215125293j),(0.003533198278842413-0.0036633031983546423j),(0.01496486002184541-0.0058637520972487644j),(0.003213279710562192-0.004774461420933776j),(-0.0037659014930323323+0.0005322600478129998j),(0.0016825337814098638+0.00576125979115031j),(-0.009445078658581914-0.009377719237831428j),(0.004962173729648189+0.0017376958598621824j),(-0.011706167906067912+0.007605822154628543j),(0.02570212980989602+0.025313025974711433j),(0.0064966881289039305+0.0020531460487954326j),(-0.010249661566562852+0.007988556610660598j),(0.025020001095889595+0.024035156444874053j),(0.006516859525944064+0.0019972444870422863j),(-0.010206931773986586+0.007915969961245634j),(0.02498001495873774+0.023999628521546742j),(0.006938058028310291-0.0008253830996521488j),(0.005127539542973077+0.0005070335782832881j),(-0.008779126837121717+0.004108740093060753j),(0.023288136428985473+0.02305084767734427j),(-0.0045022055892497+0.006894044320095147j),(0.013457958413704429-0.010321480623239123j),(0.919852005549013-0.043781970694532685j),(0.004522923025685631+0.01498441223905785j),(-0.01056827490836111-0.004686359296807233j),(0.02399032050341788+0.0027508969513522132j),(-0.006130253542800546+0.02068034383832072j),(0.010586428579381272+0.005998856037899196j),(-0.07674365076023751-0.029785997122337773j),(-0.00637083374005192-0.002886612770191195j),(0.0003324332634188597-0.013077638760546566j),(0.02505721402905212+0.032894830158597j),(-0.006390227513807401-0.0031060424153568967j),(8.245721213305046e-05-0.013009387790528728j),(0.026104147671232+0.03348217294152901j),(0.00025349643135803395+0.005313247190492475j),(-0.00018977393070703636+0.0017968403483370199j),(0.002234703893819477-0.00942075086298926j),(0.0008201984407810812-0.0008867794687687919j),(0.00020219891281098067-0.0026024482331503934j),(6.531098630115312e-05-0.008499326995023789j),(0.0010667787874557384-0.005578205984904116j),(0.0007552902196044701-0.005406946358837012j),(-0.0018903745563242436-0.0016733793118654306j),(1.219716792386766e-05-0.005869889701626816j),(0.0018263754630227541-0.005852149725559957j),(-0.003748645412913049+0.0013646234381945038j),(0.0012171498628003718-0.005553455195104424j),(0.0006446112638244872-0.005282315658392517j),(-0.0017157426100966138-0.001574357483637057j),(-0.0011822406689406735-0.004871830897410635j),(0.003270887969081945-0.005080654344768053j),(-0.005792988042945693+0.006104852032434422j),(-0.0013705929913395635-0.004751116026620265j),(0.003296723282840309-0.0049945387344002504j),(-0.006062851665289665+0.006643262580548537j),(-0.001191091589640696-0.00482898410753173j),(0.0034020538903444548-0.00504100475855254j),(-0.0058376139729432895+0.006273647142486596j),(0.0018877134007903803-0.004425321017249835j),(0.00017164891266477334-0.003738175207027638j),(-0.0008473766739297703-0.00017446022957270544j),(0.00337635799162504+0.0004918742205199789j),(-0.0008246861803227396+0.002034015981768494j),(0.0012498882450012246+0.005198643227889358j),(0.0034918285462909792+0.0008761951342903284j),(-0.0008957780546305473+0.0024835450952317697j),(0.0014117846948911398+0.005619558037138909j),(0.0002520949657954875+0.005320403782426111j),(-0.00019026855073229153+0.001801520257683032j),(0.002239173103627389-0.009418232278281124j),(-0.0012419969548829902+0.0029895679349726534j),(-0.0002883976323199795-0.0012946382756090988j),(0.003580835116738868-0.0009130783587154156j),(-0.010454279537707344+0.027723195518032026j),(8.809051056137777e-05+0.004892743108981582j),(-0.00018196242199259194+0.0015641471618768124j),(0.0022617309443557464-0.008323264575049276j),(0.0009019243069512957-0.0009980453767354965j),(0.0054195792344547055-0.004714631044447004j),(-0.0006168785973037709+0.004518230478304945j),(-5.0443432064586065e-05-0.0023043215249067325j),(0.007070915987345072-0.0006007044966134382j)
35,(4.6262634537741885e-06+6.806004261298995e-06j),(8.84359515152356e-06-3.780393382172358e-06j),(-1.3469858612961735e-05-3.025610888533358e-06j),(6.953520419406213e-06+3.799987935241646e-06j),(1.8038776057688194e-06-3.990819467916666e-06j),(-8.301897800154315e-06+1.8204865210737837e-07j),(0.0006587144601227826+0.00011702496901420554j),(0.00019652476893867576-0.00032877888398515564j),(-0.0005885651591201373+0.00016658635715839296j),(0.001151977818937813+0.00024110810699531655j),(0.0004290097259326731-0.0004495906127656873j),(-0.0007898451628762606+0.00036152463214235756j),(0.011421891766998975+0.0035100968873730716j),(0.007176713537858442-0.0003560140883693032j),(0.0003012944451222313+0.005869646975407591j),(0.007204753832814711-0.0024474426214394513j),(0.005612555635299504-0.00024357396540367234j),(0.0051615576696663855+0.007015492516234713j),(0.006248582140288823+0.005153710924756396j),(0.009899077482756386+0.008946100594460375j),(0.0026260815392482525-0.00031267116095144015j),(-0.002536921461136774-0.0002226663533998355j),(0.01081575592684346+0.009646170983103285j),(0.002510868871711323-0.0002903953891569208j),(-0.002705319962458222-6.233135467231701e-05j),(0.010810043129197327+0.00964326033887198j),(0.002503661288354988-0.0002827598909160827j),(-0.002706069471484586-5.201037904560091e-05j),(0.010508042132619766+0.009460836655935133j),(0.009701249541976625+0.011986064073462671j),(0.0021886128293573215+0.00011193820913583605j),(-0.002686294050967474+0.0004528877111652522j),(0.005362896910957522-0.014915695917350789j),(-0.005084012826083415+0.009871540787960412j),(0.004522923025685631+0.01498441223905785j),(0.9616000897577812+0.03942533246917538j),(-0.01578381448268399+0.01701449227653537j),(-0.006897914593118607+0.014254592330885461j),(0.005198952835927684-0.015508401296473417j),(-0.005069720765009136+0.009618680857871214j),(0.004666619841576233+0.015161761888301557j),(0.0004970319923294337+0.015704947358241895j),(-0.004324043226502702+0.004982654225641932j),(-0.008391890930266961+0.0026896873555035047j),(0.00039736440224167946+0.016017151924276603j),(-0.004329231917496584+0.004991080641177301j),(-0.008517608159971251+0.002542863154561318j),(-0.0019547765875763947-0.0024272571927773587j),(0.0003359070447247056+0.0021391875341396794j),(0.0002640519435761955+0.0008515500430962856j),(-0.0009804094495763564-0.003663277810752208j),(0.0017748047774409311+0.0009464946033387755j),(0.0014085523666474112-6.466506080165298e-05j),(-0.0012278407010483368-0.004046453227511664j),(0.0023805631272435426-0.0007423973683749014j),(0.0015361262105521617-0.0014427635089226377j),(-0.001353920203601137-0.0045988355619432045j),(0.002200656492057822-0.0010185724953008079j),(0.0013728769847967885-0.0019179271244330791j),(-0.0012332311448664131-0.0040331939826946245j),(0.002418477656040013-0.0008299358817138742j),(0.0015497499599495194-0.0014870023457216588j),(-0.001560462197104063-0.005546221841586343j),(0.0018968335383063985-0.0016531639368383465j),(0.001103927060182997-0.002762786025639885j),(-0.0015790267986861499-0.005651423828621141j),(0.0018761127541707494-0.0017165645692450568j),(0.0010771841625754513-0.0028579927609832857j),(-0.001570690448969684-0.005582242098505694j),(0.001877675134387059-0.0016827502850091111j),(0.0010920558533823814-0.002794329640483777j),(-0.001308760365069786-0.004194749118968166j),(0.002524660460907178-0.0014645558356980283j),(0.0015455953145961103-0.0019133353420558584j),(-0.0015612606723622489-0.005069656758750771j),(0.0026343214305389892-0.0034286995476807565j),(0.0014099750128679118-0.0033831729005055463j),(-0.001583282074061732-0.005146436930207554j),(0.002642059197050869-0.003586889886787715j),(0.001398670638312973-0.003503659951735378j),(-0.001955940778519916-0.0024240160153588524j),(0.0003335845397447624+0.002141002701218795j),(0.00026177897320900915+0.000852885286858015j),(-7.344861270285557e-05-0.00026033821728961744j),(6.171414861265406e-05+0.00038897632611394127j),(-0.00016333807975943898+0.00010842119109712221j),(-0.007825828909511579+0.013777378818658127j),(-0.0018238719282238304-0.002050467717985517j),(0.00026523663138007774+0.0019528761736932521j),(0.00016660498859333794+0.000741238687960168j),(-0.000819342249031542-0.003964736985035213j),(0.0016611548656242537-0.001882453181206556j),(0.000286492082255654-4.419210542800481e-05j),(0.0002552696104515385+0.00047719383357626823j),(-0.00022124898170830225+0.00019087789130463022j)
36,(-6.32941296857314e-06+4.6415948833869136e-06j),(2.1144052793046937e-06-7.80233900241387e-06j),(4.215007670651079e-06+3.160744114467103e-06j),(-2.276498949362887e-06+2.427152485602462e-06j),(4.9852776193491205e-06-2.7784829335847843e-06j),(2.435234511706291e-06+6.059494037004241e-06j),(0.0006664027401959108+0.0007016512688970412j),(0.0010647039691456701+0.00017554726301261892j),(0.0010118874204230214+0.0009009091162772243j),(0.0010431588460344708+0.0010477713163255277j),(0.0016508584462717791+0.0001726155005617562j),(0.0015124907878308522+0.0013552638711405145j),(0.006357368710615386+0.004429896733596336j),(0.009327691509306325-0.002873250036826109j),(0.006169350279262995+0.006131118590397564j),(0.010905759076819375-0.0031715242109599043j),(0.014244483973474257+0.008908427677128187j),(0.004015358715849892-0.0020572345336878177j),(-0.0020750180566812587+0.010236386752366322j),(0.012633185984363063-0.002446641026408346j),(-0.0008238442215831171+0.005721046059811184j),(0.0037551947144701184+0.005518384697158074j),(0.013577055166974336-0.002632625053028207j),(-0.0008397667158344063+0.005942034581302342j),(0.0038988169775537223+0.005452200155972022j),(0.013571226191233925-0.002627458674593577j),(-0.0008406427011548071+0.005940159627957922j),(0.0038926451186780528+0.00544483698906108j),(0.013308768821199055-0.0023146178726749047j),(0.012674228887491958-0.00351402702998569j),(-0.0008668652177274795+0.00581093710961262j),(0.0035692622432617147+0.005135696162549392j),(0.004717892199096643+0.019820766711339945j),(-0.001104284717553525+0.002459355785101319j),(-0.01056827490836111-0.004686359296807233j),(-0.01578381448268399+0.01701449227653537j),(0.9534676579879107+0.04524824204532493j),(0.0005355766312362563-0.000877835082945375j),(0.004088949248916508+0.020585308144065725j),(-0.001495710290823721+0.003012535321594495j),(-0.011124302391823217-0.004616576339372359j),(-0.002115341176364331+0.004325900155099156j),(-0.0064869911662324194+0.015489274171818798j),(-0.004124385835015233+0.011887055660989305j),(-0.002186839463973758+0.0040565529253576635j),(-0.006528423806718648+0.015503893945672349j),(-0.0040118093602579015+0.01200532630146688j),(-0.00040261952802298265-0.0010053558081668107j),(0.0002373736061339252+0.0019439603845378892j),(-0.00019956303280519648+0.0008904382489621572j),(-0.001307340254889737-0.002948522057121132j),(0.0008059404176110437-0.00017529108051972647j),(0.0002163404534184384-0.0010583579288981854j),(-0.0017414329871256865-0.005570892600631041j),(0.0021318462502410134-0.002327326688708624j),(0.0013887637204961513-0.0030131942288456758j),(-0.0022367500120248126-0.005048568417107106j),(0.0022712664841015424-0.0022656382020495728j),(0.001249429628466207-0.0026412676511765832j),(-0.0016890546228029665-0.005717816530969648j),(0.0021779172916737014-0.002387886824472216j),(0.0014651318072788416-0.0031091920988509667j),(-0.00277395678867807-0.004128898551647929j),(0.0024726459200167953-0.0018751116764288266j),(0.0011043081722107032-0.0019090113526140907j),(-0.002843871834280915-0.004023586894153355j),(0.002468439445645998-0.0018300393011195862j),(0.0010793673719523154-0.0018234997406964028j),(-0.0027861913543760445-0.0040956134179533955j),(0.0024955944176855314-0.0018590707552795065j),(0.0011044549699404-0.001882860193458452j),(-0.001423315131651858-0.006164178300915391j),(0.0024025044590468454-0.0024286659346474367j),(0.0018279613683203542-0.0033261930147707643j),(-0.0007490934832314698-0.0066120466921702654j),(0.002942577149004688-0.0019447768294481261j),(0.0026846165330337048-0.003271862990546282j),(-0.0007000147147936233-0.006651183457604451j),(0.0029851043588303844-0.0019125966392857501j),(0.0027501639122329076-0.0032723495810719526j),(-0.00040155242691785085-0.0010023593034051079j),(0.00023599336511043097+0.0019480360587103458j),(-0.00020056310738214827+0.0008939363889776657j),(-0.00042145085524818913-0.00033479162498096463j),(0.00024939644343814366-3.5879107517142704e-06j),(0.0004783706416965136+0.0008796574225113057j),(-0.009543048550705391+0.011266134023764869j),(-0.00031438805515290235-0.0009004192185837097j),(0.00011385708502884045+0.001900036561656191j),(-0.00024290812004539345+0.000903988602665229j),(-0.001372042951093785-0.0028142003435899414j),(0.0028921851889919963-0.0017882558466904303j),(-0.0005751010940830373-0.0004053473398976507j),(0.0004306939945516126-0.0003186328353578915j),(0.0011873267634599192+0.0013079250272319586j)
37,(2.139831225430156e-06+2.904629106789903e-05j),(1.9690431665764317e-05-1.9371376339002836e-05j),(-2.1830262930035565e-05-9.674914672232741e-06j),(2.171541218900037e-05+1.2588368922142207e-05j),(1.975075434890079e-05-2.0458379108846434e-05j),(-2.911178916350756e-06+1.3052447228933208e-06j),(0.006182743529537049-0.0014940677554741242j),(0.005465277123621395-0.0037589325765001198j),(0.003758623386980054-0.001652818970466068j),(0.00852219521015698-0.0019381292968499771j),(0.007407630065982689-0.0055718922107834724j),(0.004896514737311007-0.00213277243920775j),(0.006901121851915253+0.003774913810022519j),(0.0006091817983633705-0.021569055709784412j),(-0.008064777614929639+0.004668422491702771j),(0.0012845286891636273-0.029794400128722975j),(-0.0022440686418596714+0.012394253495465905j),(-0.013553787033081483+0.01907653335037396j),(0.010214840796672986+0.019610228809271244j),(-0.001981215064731259-0.0016192397436337186j),(0.03075069980341285+0.030783268433658445j),(-0.01078651203258408-0.0011904802886619466j),(-0.002124545303244609-0.0015615665749475751j),(0.03118272353158527+0.031134792611456595j),(-0.0112084442540462-0.0012366936757337256j),(-0.0021254453989622566-0.0015567547242297027j),(0.031146044116565103+0.031117215209339338j),(-0.01120389174871027-0.001231936540292057j),(-0.0020894271912582996-0.001280175483640982j),(-0.004316650380592222-0.00239412485109132j),(0.02921359335636558+0.030209784499507134j),(-0.010767926999833545-0.0009180190287855512j),(0.01936143396607338+0.006391606924703707j),(-0.048188865218118666-0.015680674229172673j),(0.02399032050341788+0.0027508969513522132j),(-0.006897914593118607+0.014254592330885461j),(0.0005355766312362563-0.000877835082945375j),(0.9261381802475431-0.03211565059606268j),(0.02148609190826921+0.004606182718858801j),(-0.0466828202499147-0.019634973776670492j),(0.02662763901134639-0.0005778515519680519j),(-0.013038258504977888+0.015806830383124172j),(0.014038199571416585+0.023277478533164867j),(-0.007515516908556024+0.008120413177700035j),(-0.01339049390489443+0.015743323711751564j),(0.014724107568250473+0.023280550129424267j),(-0.007879266021661703+0.008065333959150697j),(-0.0008724086746229424+0.004378691782179277j),(-1.7547095685890336e-05-0.010025569961864983j),(0.004522723297218286-0.004703543263546051j),(-0.0024593594023403107+0.005000891138590971j),(-0.0026308959898960383-0.0045483117687188206j),(0.0009793526756689095-0.0015171894026132062j),(0.0004430402583733568-0.0021929292919243217j),(-0.0016310307324831203-0.00047562237155853067j),(-0.0006178661220641866-0.0014253896595000258j),(0.001575157333629194-0.0027966564864546433j),(-0.0035693462605301636+0.0006394553739707512j),(-7.590060179157821e-05-0.001999564427159651j),(0.0005128362182742082-0.002462974319138079j),(-0.0012408343650186884-0.0004698472826151481j),(-0.0006744441837038556-0.0013799764886766692j),(0.0033781027038542366-0.003521870096576249j),(-0.00547380003593762+0.0018029395590384652j),(0.0010881771037876053-0.0028450779251299532j),(0.0036416432935829006-0.0036191791541097277j),(-0.00555362596857394+0.0018731698676456294j),(0.0012705774818045589-0.002958226009924552j),(0.0034081676380220186-0.0035370706860975948j),(-0.005614545327640922+0.0018770172211257157j),(0.0011029955330508338-0.002864774086278269j),(0.0012670979077367551-0.0037754833718800992j),(0.0009541429259399916-0.0006064039905699058j),(-0.00048215581110169883-0.00134441441627211j),(0.003992650224585535-0.006879489493215587j),(0.006856405086574879-0.0012337445108445216j),(0.0009890004030378835-0.0015977732931126915j),(0.004207297675010208-0.007122624678882092j),(0.007310638040702058-0.0012910183930311097j),(0.0011092634558187314-0.0016253001651632907j),(-0.0008719918470037178+0.00437883909783542j),(-1.3056216961425176e-05-0.010030404699884385j),(0.00452628570239331-0.004706428519425952j),(0.0029272453836229513+0.0011892036363022745j),(-0.00017425088657592198+0.0013271792207143127j),(0.000568242875512371-0.0032210918979625643j),(0.013045436866056814-0.011370330407840665j),(-0.00095431186935985+0.0040362069323128j),(0.00019238153672020142-0.009119201184343248j),(0.004173103852110255-0.004385018630585314j),(-0.0029670178646052574+0.006439328546353668j),(-0.00749172265439873+0.0027349475358515824j),(0.006279548515188267+0.001666650125454027j),(0.0019618794731726054+0.004764371316233054j),(0.0008434588409592678-0.004284363787051847j)
38,(-4.081924602994764e-06+7.28721750927425e-06j),(-5.303639863495684e-07-7.311178145717941e-06j),(4.612288612699562e-06+2.3960602165516297e-08j),(-8.781396066772875e-06+8.15175068659215e-06j),(-4.030139271288336e-06-9.189496114320167e-08j),(-3.558693948500416e-06+8.243124913910469e-06j),(-0.0019035825121078644+0.003120967869194452j),(-0.001716256566462295+0.0024167398246660683j),(-0.0014119464378245547+0.0029800112813031356j),(-0.002619067174124877+0.004275630747920209j),(-0.002347595065420599+0.003124873752403617j),(-0.001923621953265248+0.004101706073018232j),(-0.00188285727725642+0.0022812210494100454j),(-0.0011713580164117812-0.006601117911157589j),(-0.0007584978964193384+0.002941575185399531j),(-0.0013642383657769988-0.007412655505277754j),(0.0037666011647556757+0.003104362054670684j),(-0.0032724833406900487-0.008170208958515376j),(-0.00896572510323471-0.0013859772306180386j),(0.019894007481310063+0.016750773007067996j),(-0.008164677183939961+0.01124227516653293j),(0.0017755045624836736+0.00026007386645564637j),(0.021866832234393042+0.018529726124199418j),(-0.008378751819488455+0.012421395301369388j),(0.0011279483505827054+0.0008998224425110259j),(0.021835654438389918+0.018541959702945306j),(-0.008378327139529398+0.012459036355735725j),(0.001111320380436388+0.0009478571388797409j),(0.019820419834537237+0.018650281585484423j),(0.02581583996718717+0.01941480854517522j),(-0.008451513801631273+0.01383495523299462j),(0.0003746883737960269+0.0030138250090582623j),(-0.07573279035258024-0.02358907134170709j),(0.008451627762644711+0.0027619053690502923j),(-0.006130253542800546+0.02068034383832072j),(0.005198952835927684-0.015508401296473417j),(0.004088949248916508+0.020585308144065725j),(0.02148609190826921+0.004606182718858801j),(0.9177441231133862-0.055915680831027756j),(0.007764072446945649-0.0012146393876920512j),(-0.006039783524749413+0.0068113497755832066j),(0.0031464487415843005+0.0383132741603581j),(0.008590479269487738-0.009665370285639928j),(0.010691808558404077-0.0009388807147084708j),(0.004201316002059065+0.039612115155013984j),(0.008330498317072329-0.009515831344897654j),(0.010768278806539376-0.0009023593169616463j),(0.0036203775455021315-0.0013480415400091454j),(-0.0052217052161512185+0.001418170478410979j),(0.0008953887192577235-0.00976698263673228j),(0.0061695267998171845-0.004456780794381874j),(9.103676183958454e-05+0.001520873174622369j),(0.0031437920850620913-0.005371012470107113j),(0.001820792351599816-0.0031921649119198234j),(0.0021371929716033607+0.0023312638034170994j),(0.0012879671152194409+0.002061136369391801j),(-0.0012182827253873405-0.004353314130548035j),(0.002734356091594715+0.001051276824159771j),(-0.0012409091615547562+0.0029564340280980126j),(0.0019269288629987892-0.003095927678453148j),(0.0020440058693496606+0.002397273614569609j),(0.0014401811022455306+0.002143517053936333j),(-0.005314420055673397-0.006603605040569145j),(0.0028871345633588916-0.0015342926403979276j),(-0.004774766380402259+0.0029787729007116313j),(-0.005833516613573663-0.006830125094484013j),(0.0027802003249162996-0.0017305932924198814j),(-0.005219916695725477+0.0029944905961734845j),(-0.005424817182077218-0.006704165788968731j),(0.0029592197308679455-0.0016890826227272066j),(-0.004872961162679551+0.0029606589239355684j),(0.0019128755302645374-0.0032688680249271587j),(0.0010825619653912744+0.001973829016919839j),(0.0016320002602853393+0.0017983135003105978j),(0.0007230732606287307-0.0051488462909520805j),(-0.0023226922807490996-0.0006887049014700783j),(0.0008951184882420785-0.0006700120149401995j),(0.000624403425880229-0.005305275968015967j),(-0.0025873602034154836-0.0009010418966019168j),(0.000831848326573851-0.0008684195611893437j),(0.00361692461750281-0.0013408614205618397j),(-0.005227776993604635+0.0014174723803077206j),(0.0008926977299228934-0.009772081228450996j),(-0.0015321419757022277+0.003840932511111273j),(0.0006107457066028381-0.0030436182096090746j),(0.0031394738105716352-0.0015498580581866453j),(-0.00542150018643775+0.017860992804059304j),(0.00310940191983657-0.0007640187198660348j),(-0.00477005431976027+0.001093675569081751j),(0.0009138416209503778-0.009180168979274834j),(0.007142155063959229-0.005507136972321754j),(0.00459156814854648-0.0033451562895126757j),(-8.01227354735781e-05+0.007363837509164041j),(0.002644465415685476-0.005141290071582208j),(0.006988489459712954-0.0015100025580943545j)
39,(2.1299802463765312e-07+2.294101788062781e-05j),(1.162082948157311e-05-1.7328060376855195e-05j),(-1.1833827544357323e-05-5.612957450976048e-06j),(1.213290027896172e-05+1.0009984533208696e-05j),(1.2246984500510104e-05-1.608360099447188e-05j),(-1.220804500210985e-06+3.4742754197871136e-06j),(0.003735571715320085-0.0005686514131831985j),(0.0032756488786652833-0.0024023684477328085j),(0.002385636725781742-0.0006341789933747345j),(0.005189997830076417-0.0007368048562492856j),(0.0044461261969709065-0.003687561007776418j),(0.003154977173073794-0.0007935057180129788j),(0.005883265562169757+0.0015736577799098932j),(0.0006959312642856935-0.01930010111546484j),(-0.0031694346616650704+0.00301049275306408j),(0.0005325250385841468-0.02554620797869507j),(-0.0026336448007424646+0.011196461309709228j),(-0.004413165940769881+0.015719146773705443j),(0.0024153041011208557+0.017126621736885138j),(0.0013434361883743209+0.0009663028899926009j),(0.01923945981810915+0.024067926585431706j),(-0.004212402536669957+0.00016278067479122416j),(0.001143852714312142+0.0008808070855011197j),(0.020054135400382776+0.02519104180574937j),(-0.00541736203108344-0.0002649142718017389j),(0.0011351833173554094+0.0008896286792045202j),(0.020037333168637917+0.02518753789295169j),(-0.0054335981241192865-0.0002473886410021926j),(0.0010184844414745425+0.0013903316292287597j),(0.00015681268044920863-3.1960859326112586e-05j),(0.0190111182064331+0.024730778889341654j),(-0.005579623661104915+0.0008350788434917933j),(0.0073003576357765256-0.0014627484963554965j),(-0.030703463270956327+0.0007179786065952092j),(0.010586428579381272+0.005998856037899196j),(-0.005069720765009136+0.009618680857871214j),(-0.001495710290823721+0.003012535321594495j),(-0.0466828202499147-0.019634973776670492j),(0.007764072446945649-0.0012146393876920512j),(0.9643430730622512-0.021968990087817806j),(0.0130538390811983-0.008183220452976188j),(-0.007111058558601068+0.018144671996418383j),(0.0010223939562148563+0.016923080480909954j),(-0.0026486130652417453+0.00875643713525498j),(-0.007197365600345304+0.018090061994115877j),(0.001700377694083772+0.017156965917497744j),(-0.00277927082269397+0.008991909096813681j),(-0.001408902897161456+0.0035316669307660937j),(0.0010159446934742886-0.00794142071103511j),(0.003417063085743354-0.004260016990547743j),(-0.0017327325169951603+0.002652956754750682j),(-0.0010344891285539036-0.004470838092268175j),(0.0011877022790287633-0.00255826740365025j),(0.001124130266566547-0.00206062379030454j),(-0.001149375814644699-0.0009706831353670873j),(0.0001982672231750648-0.0019373991597713544j),(0.0016191951869329129-0.002522079568026567j),(-0.002799562011409913+0.00014228936167736176j),(0.00027303023847354837-0.0020963603108896684j),(0.0012270963628550494-0.0022262194580869553j),(-0.000887164144871536-0.0009731211787400002j),(0.0001850747660868794-0.0019053413794786647j),(0.0023496346828133785-0.0030708010475507226j),(-0.004592067595638688+0.0014000612603652465j),(0.000577119517544799-0.002371758329549321j),(0.002488407323540653-0.0031471515410807457j),(-0.004665590246030735+0.0014845414691106082j),(0.0006585910615522558-0.0024186521989807523j),(0.0023437415107657243-0.003080113477068392j),(-0.004725946194664811+0.0014767817924986968j),(0.0005631172761882263-0.0023721523348368707j),(0.0018816205312461017-0.003026443378315151j),(0.0005389378747509253-0.0010608577061914032j),(0.0003373421996951392-0.001847415546820397j),(0.0037944625529393824-0.004914326606086672j),(0.004287371480912863-0.0013964112073683887j),(0.0011640007122838284-0.0018794053288184983j),(0.003944051665070173-0.005064261441236817j),(0.004575674463906597-0.0014290554600214264j),(0.001231773646591308-0.0018886797084920167j),(-0.0014094350639760713+0.003534102319321218j),(0.0010184564562294063-0.007944191475789637j),(0.0034193927612388183-0.004260946946680656j),(0.0022292573152739798+0.0011903653460839797j),(4.401221717846744e-05+0.0008684059286339224j),(0.0005575561050355359-0.0026266720624010444j),(0.015333351487942242-0.005007623286396021j),(-0.0014057449742365473+0.003353022869010805j),(0.0010098395044983613-0.007280488474959818j),(0.003176966819444468-0.003935005115636974j),(-0.002121715508046631+0.003364554398412255j),(-0.006497592385557437+0.002331078542908826j),(0.005289855693440042+0.001693687880248308j),(0.0017236342657079168+0.0032998595241013054j),(0.0011074580849710757-0.003526087647064131j)
40,(-1.3687998660354864e-05-1.6543608109163428e-06j),(-1.8047614442638752e-05-8.641952766991686e-06j),(3.173561306215255e-05+1.0296313573581378e-05j),(-2.9428603636000627e-05-9.083648450662857e-06j),(-1.3897013399819807e-05-7.001145769113193e-06j),(6.44451122847559e-06+3.0445244326615157e-06j),(-0.00705662043616448-0.0005588602617731218j),(-0.005971885493576863-0.0007312404101701064j),(-0.003841765433578832-0.00017630214851140687j),(-0.009696423006282082-0.0008172528227962574j),(-0.00798305242569331-0.0010977146196666891j),(-0.004842122009531245-0.00034664282051235715j),(-0.0066686216298986675-0.0027993034964471086j),(0.004234999242790329-0.004800914848876341j),(0.015340560152542792-0.0048364180660558295j),(0.0039372123325767255-0.00617556294445883j),(-0.004372484914682888+0.0016714689002203034j),(0.0023469263336734977+0.0056525024982517005j),(-0.010849787664904707-0.009199105362845711j),(0.00696997532773937+0.0005752513138060076j),(-0.01028477496753817+0.005916348854361226j),(0.02607800746889404+0.02281481173071266j),(0.006621808325072263+0.0007272745152490899j),(-0.011648861321219813+0.0059606294860013315j),(0.02737554671085146+0.02422739938494958j),(0.006598114613092821+0.0007555758831219415j),(-0.011666254509381635+0.005988056041648685j),(0.0273423924256807+0.02421831484018727j),(0.005933542637130157+0.0020666300470559232j),(0.0061611776007383864-0.0006211196137271124j),(-0.011774832460450763+0.007305349413578792j),(0.025283357462751774+0.02314306284167129j),(-0.005394350918714788+0.0205875222330481j),(0.012064769274409793+0.00973773258942957j),(-0.07674365076023751-0.029785997122337773j),(0.004666619841576233+0.015161761888301557j),(-0.011124302391823217-0.004616576339372359j),(0.02662763901134639-0.0005778515519680519j),(-0.006039783524749413+0.0068113497755832066j),(0.0130538390811983-0.008183220452976188j),(0.9145757210524549-0.04594609748087745j),(-0.006427156663983977-0.0031041096750154037j),(0.00017523721271718367-0.013903918729375369j),(0.024082306196083883+0.0349905678052716j),(-0.006470455945418197-0.002901863294503252j),(-0.00016075138537575322-0.013224985348706265j),(0.02534451394103595+0.03580564747153965j),(0.00036929111029533233+0.005879934708104734j),(0.00020000479668399822+0.0018635284651495262j),(0.0022281936313975517-0.00981144898948284j),(0.0009487706582718154-0.0006813270529047403j),(0.0004609980478112918-0.002656526783191235j),(0.00015565203281070038-0.00885172528887899j),(0.0010979887346180437-0.005748015460398113j),(0.0007454172988852314-0.005530528033124486j),(-0.0017479892374899137-0.00175268028769007j),(-0.00010842661111425849-0.006069440565694875j),(0.0017214067562259438-0.005931842247842575j),(-0.003732081619911941+0.0014517129075102483j),(0.0012616185889183112-0.00573039071479353j),(0.0006332989923578287-0.005409026248891635j),(-0.0015564862098986943-0.0016586990114059986j),(-0.0014980783344281587-0.005064854709979932j),(0.0030438996782343923-0.005068711950272668j),(-0.005939930791815061+0.006413756280439296j),(-0.001708075973283894-0.004942972958324254j),(0.0030568194030172434-0.004973196183332832j),(-0.006227989958062463+0.006976951914043784j),(-0.0015138972566973122-0.005021469349808379j),(0.0031703397339031096-0.005024857810208554j),(-0.005990364212545315+0.00659048519282986j),(0.0019794848239931616-0.004603609956198607j),(0.00014502770298903248-0.003849225068872376j),(-0.000623275153764537-0.0002591201355944652j),(0.003543648506438902+0.00038226617189547206j),(-0.0009058707687512979+0.002029000979685136j),(0.0015925971172074662+0.005166417140237299j),(0.0036647649646839513+0.0007719535109226515j),(-0.0009810587397116768+0.0024868163205452767j),(0.0017635284014388168+0.005591365175869485j),(0.0003678596520769018+0.005887524903538266j),(0.00019960372146525518+0.0018683160974701483j),(0.002232452933095046-0.009808657090417972j),(-0.001247354885335069+0.0032863649882114224j),(-0.00023922045233200004-0.001363954309449019j),(0.0036867541762344996-0.0010566967907106768j),(-0.010463879140358758+0.029354536379818483j),(0.0001975950604742494+0.005420344275102563j),(0.0001805667082670937+0.0016147194841378693j),(0.0022392650941864965-0.008659690918449703j),(0.0010480171046930325-0.0007917177068317988j),(0.005174134046577363-0.004668978949615949j),(-0.0005428957786108163+0.004946351700155025j),(-8.079959028888435e-06-0.002418796673740088j),(0.00727572686924999-0.0007982614598107892j)
41,(-1.120680102498518e-07+3.136833052798262e-05j),(2.0580887219044976e-05-2.631218706294377e-05j),(-2.0468819204940823e-05-5.056143504633741e-06j),(8.845283124435935e-06+1.3233921709153879e-05j),(9.44883343384684e-06-2.2443202605913182e-05j),(-1.4377340129535383e-05+7.198326188231957e-06j),(0.0013659294601452662+0.00034112788129698254j),(0.0008196872821699654-0.002191737806590493j),(-0.0006405934959453597+0.0005619742509594796j),(0.0020507922211274038+0.0007513150099814122j),(0.0011385180840559387-0.003321613921817722j),(-0.0011541141284537218+0.0011855140363536245j),(0.009188428062815316+0.012475035607764917j),(0.0015270397301167349-0.01627648703943204j),(-0.012524926299447028+0.018686493620733078j),(0.0022932287246277133-0.02067114492955072j),(0.01566318060540934-0.0009652483464657269j),(-0.002096154944417901-0.012148396209401613j),(-0.0006554529945375145+0.023036013412721518j),(0.005448422407046518-0.015394524085118527j),(0.0018456923373994663-0.012386761694657203j),(0.004041797378852827+0.0015329389899842762j),(0.005670585072213503-0.01644450620734119j),(0.001908312465589682-0.012412333354708205j),(0.00434248613102941+0.001106815569738958j),(0.00566806083440344-0.016425868132220453j),(0.0019063605953780639-0.0124005744922531j),(0.004339628732116444+0.0010993877741189238j),(0.005580558899524194-0.015463539902177153j),(0.004534307786298189-0.016969102507477702j),(0.0017525113626967936-0.011848254033279333j),(0.004156024483470907+0.0008715781922038011j),(0.004045805262912712+0.03637362283663391j),(-0.00794108909159064+0.016368882794445174j),(-0.00637083374005192-0.002886612770191195j),(0.0004970319923294337+0.015704947358241895j),(-0.002115341176364331+0.004325900155099156j),(-0.013038258504977888+0.015806830383124172j),(0.0031464487415843005+0.0383132741603581j),(-0.007111058558601068+0.018144671996418383j),(-0.006427156663983977-0.0031041096750154037j),(0.9501479775362339+0.026545555853774862j),(0.018780492929156428+0.030419915755032566j),(0.0009971226402090035-0.008781652650422559j),(-0.05004005142183971+0.029779323931327796j),(0.01886335633619136+0.03566376610651477j),(0.0010483221148834447-0.006726944455657052j),(0.014989615169841666-0.010362459560710493j),(-0.002244126746373037+0.0038332620553492396j),(0.00216336811801727+0.007357533121081974j),(0.009933343844908064-0.0062931591494560955j),(-0.001967977149497048+0.0019913828499828513j),(0.0009633720972287569+0.004206912066537207j),(-0.001972220283757046-0.0025749893573231097j),(-0.0009304927612376987-0.002830627542231426j),(-0.000965473529115373-0.002667486831168379j),(-0.0042128408591410645+0.0010432135457707538j),(-0.0003590904747629858-0.0018882301583352838j),(-0.0015905021041631405-0.0019494618971275472j),(-0.002125342881087573-0.002877710351252158j),(-0.0008655083130696565-0.003143125509692828j),(-0.0008926938484894022-0.003017795388093363j),(-0.00606787276002148+0.005433204014546354j),(0.0010576110243750185-0.00041467956585986314j),(-0.0017526389460067852-0.0005690231296804574j),(-0.006318187952667463+0.00589676971127326j),(0.001079126786766695-0.00028046796910351744j),(-0.0018087445234939148-0.0004215331379599854j),(-0.006097912156866272+0.005597919116057638j),(0.0011945618087687334-0.00034446346312380985j),(-0.001730408657502942-0.0005133586974536229j),(-0.0023330386892050827-0.004193599949589557j),(-0.00011105286423973896-0.004371215952664957j),(-0.00017230316825112785-0.004278046397951518j),(-0.0016704200768728338-0.006898415517401141j),(0.002639911185561559-0.006613779309380927j),(0.002365621433527477-0.006264042065237016j),(-0.0016172448526710502-0.007110784677726705j),(0.0028507473014014297-0.006791099656610764j),(0.0025596976951770944-0.006419238479375507j),(0.014990791078287139-0.01036423473816259j),(-0.0022430127913743007+0.003839470229309038j),(0.0021645779911326174+0.007360339341339353j),(0.0005670472261718725-0.005403057503006008j),(0.002342142335137901-0.0021499390472775153j),(0.0008745192918139725+0.00670971494311297j),(-0.0015263837855081439+0.0057551686631353086j),(0.01337373452756294-0.009671966463877022j),(-0.0018804317619405186+0.003977738310035308j),(0.0021357755474498+0.006723795589503487j),(0.011168938153798842-0.006402850687873927j),(0.0033887131146183545+9.708611034838096e-05j),(-0.0016769898461104567-0.008058133277487995j),(0.003805984168542228-0.0056003908872180605j),(0.002805846505446026+0.009878145019850074j)
42,(3.0443647992013142e-05-1.784955686717726e-06j),(-3.1271460977078753e-05-3.0188241734588133e-06j),(8.278129986745303e-07+4.803779888713581e-06j),(8.872585726044199e-06-6.743311025394553e-06j),(-2.5737317398218613e-05-5.197057584641839e-06j),(9.730094793579875e-06-1.3010374466834188e-06j),(-0.0008351179743380363-0.0019994524940636885j),(-0.003262349973790601-0.0012568197111350946j),(-0.00036526983709041314-0.0014943445171749095j),(-0.0006283831310270752-0.003018702353327444j),(-0.00447140822754577-0.0018647830876875925j),(1.5388744714957964e-06-0.0022908573283559946j),(0.0214861513000019-0.013359951403460767j),(-0.0031554616886753217-0.007066397154495892j),(0.02102642223752205-0.01150361462071467j),(-0.010714990633176727-0.0038653591473400105j),(0.005355415754898018+0.003475297996634725j),(0.02562718147649065-0.009202496428475905j),(-0.009278502353021013-0.0028966394747036855j),(-0.006079821562806206-0.0008048548977549301j),(0.010263261684401137-0.017579696222296173j),(-0.002102402827701258+0.006520235757357336j),(-0.0064880999147243264-0.001005231665011509j),(0.01013995913834876-0.017728349185983806j),(-0.0019126446518341516+0.006666706425582219j),(-0.0064835665737234364-0.0010073819918390943j),(0.01013567316752919-0.017711775927557145j),(-0.0019089028894551715+0.006659714393079105j),(-0.006223338642101442-0.0011118664974729842j),(-0.007092655077626801-0.00020255374447745262j),(0.010004939530943575-0.016910234814168517j),(-0.001800900247711829+0.006266384685831839j),(0.008202757486598844-0.009693455406980536j),(0.00464508206778025+0.016430230982738474j),(0.0003324332634188597-0.013077638760546566j),(-0.004324043226502702+0.004982654225641932j),(-0.0064869911662324194+0.015489274171818798j),(0.014038199571416585+0.023277478533164867j),(0.008590479269487738-0.009665370285639928j),(0.0010223939562148563+0.016923080480909954j),(0.00017523721271718367-0.013903918729375369j),(0.018780492929156428+0.030419915755032566j),(0.8964341264781044+0.030116078309931776j),(0.005346162636693508+0.01456291333804214j),(0.019510029549263435+0.036400134733880554j),(-0.10221418857846623+0.036261163317514604j),(0.005937534386353171+0.01437500767900586j),(-0.006220602168113839-0.008104553185743562j),(0.014607800438839198-0.010487167006179776j),(0.0001978524842007528+0.0028973594969440956j),(-0.003992095262739833-0.008477986096623188j),(0.011446026488821618-0.010963513418113153j),(0.0012990471879889887-0.002172298159047526j),(0.0021490608551434504+0.0004913471851572889j),(0.002646646833520656-0.003819389036363954j),(0.002476259181586616-0.004262304858066293j),(0.003351046392584084+0.0012251225934607167j),(-0.00037552279934318907-0.00023890564797164312j),(0.0031609641063696015-0.0052707477918690435j),(0.0021605586681850185+0.0008250135079310066j),(0.0025219710364836035-0.0039369165806917026j),(0.0023345359871200662-0.004189531702227777j),(0.0038342668562136705+0.0021519031511503042j),(-0.004969342954729024+0.004269979584476467j),(0.0031521985137489016-0.006213087490433646j),(0.0040218852754435735+0.0021776824682833203j),(-0.005167759254072327+0.0045494338992370376j),(0.0032538432647427505-0.006381678230931444j),(0.00376601893181652+0.0022287799770308167j),(-0.0053205461352056355+0.004559671225601613j),(0.0030863764072793253-0.006206444752655298j),(0.0016589805498681725+0.002408614804567436j),(0.0013674098314741508-0.004344362546917949j),(0.001170148031577461-0.00370270648336709j),(-0.0007134327519279803+0.0060670984382516875j),(-0.0024881584695601294-0.0050657963230732106j),(-0.0026209813491209375-0.0023079537967185437j),(-0.00089963504061649+0.006344125733115531j),(-0.002789226606281868-0.005120465045206326j),(-0.0029159479211631643-0.0022026652564855823j),(-0.00622199556305508-0.008099138828830538j),(0.014601141305972114-0.010483160359226763j),(0.00019774557849795547+0.002906037679866972j),(0.004081430354998015-0.004193762397714226j),(0.0026966523154513065+0.0018383960435560606j),(-0.004901701659078356-0.002499473500545921j),(0.06346923760302274+0.03924494751381587j),(-0.005403496597321236-0.00704655578480164j),(0.012473243927023278-0.00985437648310994j),(0.0003634168252479971+0.0028645445294787804j),(-0.005170485705400383-0.009700617946717968j),(-0.010059595785341002+0.007914006048347778j),(0.007230501941821316-0.008040971056091077j),(0.0036909538297501777+0.00295407516916459j),(-0.008882622517033012-0.004938062228575158j)
43,(-3.679362625366596e-05+1.8015366285236997e-05j),(3.30439332729024e-05-2.880047419411298e-05j),(3.7496929154414495e-06+1.0785107967536901e-05j),(-1.1452093239338256e-05+6.2071952841518085e-06j),(3.0710281421353996e-05-1.3731592553965986e-05j),(-7.321510809665948e-06+1.854057151901917e-05j),(0.0011451172130141985+0.0014846991200374885j),(0.0037621163960885368-0.0007693852386487941j),(0.001301822028539797+0.002454182944618192j),(0.00122742550595088+0.0021602385667871885j),(0.005463308874165081-0.0015403995400893886j),(0.0016023162893247555+0.0037294068601713692j),(-0.014170802470047643+0.006735684358561582j),(0.01693584709527965-0.022314954358984923j),(-0.006730174112799848+0.017966509871796793j),(0.021204077331785705-0.028512968846686877j),(-0.016214717982449833+0.02031107904041323j),(-0.0011289950517606555-0.004256711267437634j),(0.006441964565435275+0.018109481111472668j),(0.00167460774466422+0.0003518478290354017j),(-0.0036905588319508277-0.007937210796651249j),(0.007067470145587047-0.019371220810029507j),(0.0022734801479478883+0.0001502577633603116j),(-0.003963392217082879-0.007960786538118658j),(0.007381016222875602-0.019770999467453833j),(0.0022818178078782224+0.00014879286240493048j),(-0.003961396692798379-0.007952348484034862j),(0.007391361429720841-0.01975081474626933j),(0.0025580085136479107+0.00017948209560091685j),(0.0023733365713739427+0.0010481210813911672j),(-0.0038852162053319168-0.0075591340513911955j),(0.007861323660572355-0.018609033932492608j),(0.010320823621031414-0.000748671331229165j),(-0.0034234395751601846+0.008066814638982595j),(0.02505721402905212+0.032894830158597j),(-0.008391890930266961+0.0026896873555035047j),(-0.004124385835015233+0.011887055660989305j),(-0.007515516908556024+0.008120413177700035j),(0.010691808558404077-0.0009388807147084708j),(-0.0026486130652417453+0.00875643713525498j),(0.024082306196083883+0.0349905678052716j),(0.0009971226402090035-0.008781652650422559j),(0.005346162636693508+0.01456291333804214j),(0.9340793570554934+0.021936261892594493j),(0.0008505272195716753-0.006581946344264816j),(0.0054345071730359+0.014124341550289566j),(-0.06637250167728476+0.03121665495977586j),(0.0027551271048492244+0.006588576636400285j),(0.012217714588905736-0.004799552518373402j),(0.0029863826594242167+0.0017627272858289434j),(0.0007840883395816599+0.005532359395361029j),(0.007336968251822177-0.002774203411109053j),(0.0030272769066546955+0.002856127275333145j),(-0.00043861854115188615-0.001598556607223078j),(0.0011056386453373792-0.0029067318520333j),(0.0019410883305562153+0.0016831397989629936j),(-0.0018676674077142004-0.002956407608578256j),(-0.0024880657314742542-0.0028066276033987046j),(0.0007177690939952463+0.0013857904598910853j),(-0.000306498071939742-0.0018035404828255835j),(0.0012919875669443117-0.00299773079890029j),(0.002047953965558819+0.0015542230344911872j),(-0.003622890749785077-0.004901624937874898j),(-0.006879968735315742-0.0031935301150112726j),(-0.0007815591082644535+0.0002754082534601552j),(-0.003765116350792367-0.005090608173511662j),(-0.0072262889465613735-0.0031940246359427275j),(-0.0009049734985652384+0.00015972548651650514j),(-0.0037171404491416916-0.004985091315005992j),(-0.007120363138177256-0.0032335859848449254j),(-0.0008606850343373499+0.00022658239518862154j),(0.0002803809339365865-0.0030187336750343487j),(0.0021076428190288515-0.0037665584519171623j),(0.002508990591933638+0.0003897234469510281j),(0.001558193256253059-0.006379170506682324j),(0.003847765338041682-0.006250342433521809j),(0.0035004773585666634-0.0035565607208301545j),(0.0016542268369828664-0.006646193267393461j),(0.003979307114091358-0.006453512313219709j),(0.003577085672526001-0.003869943136318859j),(0.0027573517065684955+0.006588995426272955j),(0.012223814661239894-0.004800325456100472j),(0.002979961915963219+0.0017636208514284568j),(0.0016833335114905313+0.0035627746529901094j),(0.00142492674271259+0.00011593163226216184j),(0.00022446662287624135-0.0027390985257250595j),(0.0017503151584807178+0.03411694379620812j),(0.0027705812710888417+0.006022264854429516j),(0.011490846249625443-0.004252159995186908j),(0.0020611559347815+0.0015847994971540415j),(0.0005410502972124633+0.006461408065688137j),(-0.009399719580742143-0.0038264300733338186j),(0.003034945691964366+0.005270901417605925j),(0.0011429584405198263+0.001682412937303655j),(-0.0010081236464648791-0.004491774553626398j)
44,(-1.4687557613092138e-07+3.113270377982744e-05j),(2.0754950392299058e-05-2.622289866496692e-05j),(-2.060807481267128e-05-4.909805153715269e-06j),(8.990632091253495e-06+1.3043738194231223e-05j),(9.62982668057584e-06-2.2364769477138828e-05j),(-1.439237794223013e-05+7.172668394841677e-06j),(0.0014057797190351407+0.00029964722733891863j),(0.0008671466909720284-0.0022149250221081954j),(-0.0006128781688929747+0.0005355142816752621j),(0.0021041266572622438+0.0006923434370951012j),(0.0012038506004337238-0.0033509185158884895j),(-0.0011183378354480268+0.0011506297276829237j),(0.009169578822099528+0.012347520363771153j),(0.0015813389316170282-0.016183539527855943j),(-0.012591920378769172+0.018727937025652744j),(0.0024013267933304955-0.02055390177836696j),(0.01580546283861137-0.0012476838720171732j),(-0.002117849840465747-0.012255950810080983j),(-0.0003242225639204301+0.02303956221135461j),(0.005330422648784096-0.01566146572579375j),(0.0019997464620612627-0.012546651769439582j),(0.004141527472581177+0.0014845939597287559j),(0.005457140900154041-0.016752096662953762j),(0.001971215709643392-0.012659321269535666j),(0.004363223232900836+0.0009825395096419737j),(0.005450732263067415-0.016734588943017756j),(0.0019643750722007688-0.012648846528837644j),(0.004355949340954645+0.0009737473256147752j),(0.00524264756682771-0.0158081355392346j),(0.004289600492521824-0.01727269458596377j),(0.00164575290642042-0.01211748000599376j),(0.004024724660135891+0.0007160088181654353j),(0.0049648664254091385+0.03668200919965511j),(-0.0080374199561534+0.016377167760362608j),(-0.006390227513807401-0.0031060424153568967j),(0.00039736440224167946+0.016017151924276603j),(-0.002186839463973758+0.0040565529253576635j),(-0.01339049390489443+0.015743323711751564j),(0.004201316002059065+0.039612115155013984j),(-0.007197365600345304+0.018090061994115877j),(-0.006470455945418197-0.002901863294503252j),(-0.05004005142183971+0.029779323931327796j),(0.019510029549263435+0.036400134733880554j),(0.0008505272195716753-0.006581946344264816j),(0.9495365781345905+0.025467765687012953j),(0.019416340541471157+0.03053994602422793j),(0.0008939555365095886-0.008752591390688886j),(0.014832158522395377-0.010172064514100914j),(-0.002230421427687256+0.004024216354092128j),(0.0022530968093502322+0.007475975163695508j),(0.009825899746042904-0.006249081624498473j),(-0.002025184065281318+0.0019728395450284413j),(0.0009638438709534805+0.0041966466206725846j),(-0.001971309831411805-0.002615009981137556j),(-0.000976783762022509-0.0029131897922595835j),(-0.0010006039067699207-0.002700602146948259j),(-0.004167599116731537+0.0010377052076768153j),(-0.0003787044035754974-0.001958101743806476j),(-0.001597474127537964-0.001975141817591961j),(-0.002124451704748799-0.00292175149489435j),(-0.0009128710048096476-0.003226425328887151j),(-0.0009313815544404121-0.003051978017132896j),(-0.005965755990825248+0.005494456720236301j),(0.001080720003119043-0.00044722359752983427j),(-0.001716424880378786-0.0005802919277109464j),(-0.0062102740763128545+0.005966856273758184j),(0.0011066461547320585-0.0003073093249112871j),(-0.0017677831197835093-0.0004305718373661428j),(-0.005993558987057172+0.005661118091681179j),(0.0012195757944850048-0.0003763482523185652j),(-0.0016925511043658368-0.0005243624983749407j),(-0.002327339254731313-0.004233766107500942j),(-0.00015339226394425108-0.004438894753541917j),(-0.00021793786825872278-0.0043127651173922275j),(-0.0016422734822666343-0.006880650336614375j),(0.002630221251502839-0.006601018124362245j),(0.0023233881648458358-0.006286549926066984j),(-0.0015873498770612316-0.007088373545555939j),(0.002843628730296732-0.006772001519314766j),(0.0025177969724786533-0.006440723269080658j),(0.0148337436534654-0.010173817876540262j),(-0.0022290140530036658+0.0040300199253231785j),(0.0022543241307175044+0.007478118702878334j),(0.0005778228615943239-0.005474598855599672j),(0.002285664569926825-0.002077795545818887j),(0.0008740434086673288+0.006774578283112095j),(-0.0023303505389435453+0.0056307255256344j),(0.013257349442597877-0.009458886131401747j),(-0.001846651970736811+0.00411525437252367j),(0.002213480095737009+0.006766518393429045j),(0.011054462897765148-0.006345775897218877j),(0.003426207207916208+5.167968887849158e-05j),(-0.0016953184450929767-0.008204243129271855j),(0.0037019648465995278-0.005517388642846915j),(0.002779449220080456+0.009962439893452753j)
45,(3.025337367840067e-05-2.4636477753982526e-06j),(-3.1404530230311236e-05-2.283797567799414e-06j),(1.151156567011256e-06+4.747445370364971e-06j),(8.623469011853494e-06-6.92987101208352e-06j),(-2.578138700658543e-05-4.60877124364714e-06j),(9.849430259314808e-06-1.546831714870527e-06j),(-0.0008728029126305803-0.001982072120068166j),(-0.00327222761649994-0.001187965041762119j),(-0.00037471880603474027-0.0014952462484787144j),(-0.0006840402676285273-0.0029982134919255407j),(-0.004483413542276504-0.0017608646988957312j),(-9.611711087991089e-06-0.002299454166303014j),(0.021292213318723305-0.013500449832436989j),(-0.003090888763031403-0.006590526133674706j),(0.021110468952312795-0.011835172240942781j),(-0.010548207636226995-0.0032378109225536834j),(0.005658896741214198+0.002799633145373546j),(0.025531069602075504-0.009772881273632177j),(-0.00884350806144735-0.0036843429377031237j),(-0.005932638208657531-0.000760280871823023j),(0.009944244027313916-0.01788990253193909j),(-0.001986488860845455+0.006477151611346311j),(-0.006396264942587122-0.0009995415679399369j),(0.009720758795751593-0.018095509312638806j),(-0.0018604807483591844+0.006566116286688257j),(-0.006395888057099813-0.0010021981291791554j),(0.009712121539210774-0.01808014906337372j),(-0.0018610559810462194+0.006558429343033763j),(-0.006286530664059301-0.0010993455773039475j),(-0.006961463347824323-0.00014328532414588716j),(0.009433043813370425-0.017315472284645292j),(-0.001914081085642388+0.0061647546748061395j),(0.00797852430486583-0.009427953164137127j),(0.005128758687037395+0.015983460910052465j),(8.245721213305046e-05-0.013009387790528728j),(-0.004329231917496584+0.004991080641177301j),(-0.006528423806718648+0.015503893945672349j),(0.014724107568250473+0.023280550129424267j),(0.008330498317072329-0.009515831344897654j),(0.001700377694083772+0.017156965917497744j),(-0.00016075138537575322-0.013224985348706265j),(0.01886335633619136+0.03566376610651477j),(-0.10221418857846623+0.036261163317514604j),(0.0054345071730359+0.014124341550289566j),(0.019416340541471157+0.03053994602422793j),(0.8988032504952445+0.030364012865972925j),(0.006006622387242736+0.015066192821098069j),(-0.006083304105634377-0.008084424879439087j),(0.014135577377712455-0.010320496520067848j),(0.00023394662587587647+0.0027671447998969673j),(-0.003879344781966692-0.008492417122501277j),(0.011213251990731556-0.010802146485198524j),(0.0013280282789926118-0.0022914494612921374j),(0.002112616098753573+0.0005198989213689574j),(0.0026297111422890897-0.0038203769264170667j),(0.002448058801246046-0.004266553971778885j),(0.0033015856603391077+0.0012683828918776396j),(-0.0002853378967280436-0.0003104053290244272j),(0.003133144466562352-0.005238600154117479j),(0.0021201279969179374+0.0008542286055302506j),(0.00250029559363018-0.003934064472706468j),(0.002305627383473814-0.004192898258445426j),(0.003786122180663619+0.002215838941277977j),(-0.004740345377661867+0.004127754381436206j),(0.0031454306021085022-0.00613677579459041j),(0.003968710426104127+0.002245469729682907j),(-0.004935283573114223+0.004405179877594836j),(0.0032452776800018326-0.006298719778467951j),(0.0037208868459925213+0.002292555404974691j),(-0.005079894926896885+0.004411890052019928j),(0.0030826942679096025-0.006129495568197795j),(0.0016060876262055505+0.0024439338315030454j),(0.0013221273130935708-0.004313409362911712j),(0.0011477879266344354-0.003700278386795812j),(-0.000782837178702847+0.006124719272194689j),(-0.002590146008246832-0.004941487649515037j),(-0.0026054800933723752-0.002286289375571207j),(-0.0009702601323964503+0.006403647979066691j),(-0.002895542553433281-0.00498878332254466j),(-0.0028974980512548815-0.002179423852281862j),(-0.006084521554845946-0.00807970993027609j),(0.014129374327632959-0.010316461319834758j),(0.00023361125271377352+0.0027748946690000394j),(0.003948102970963791-0.004164482033504523j),(0.002670743582102864+0.0017365613604510763j),(-0.004817349576584104-0.002463561869784643j),(0.0614777319496757+0.04011749390363524j),(-0.005262610715143184-0.0070826030943975556j),(0.012088701586312145-0.009637923559111484j),(0.00037660885294882014+0.0026630657811651214j),(-0.005046149969126467-0.009740179876083407j),(-0.009654645207517234+0.007691624023080164j),(0.0069850852604893135-0.007995840211301225j),(0.003652217950917506+0.0027535663250776166j),(-0.008748342571059884-0.004887978666300503j)
46,(-3.700043497852251e-05+1.814920393496685e-05j),(3.359193518278501e-05-2.86783388754851e-05j),(3.4084997313809764e-06+1.0529135000166706e-05j),(-1.1206555370984807e-05+6.4542606971450944e-06j),(3.119320359380656e-05-1.363348579989863e-05j),(-7.459048835014589e-06+1.8492389425663237e-05j),(0.0012473955260560573+0.0015154431056357306j),(0.003878947408101153-0.0007529089442188342j),(0.0013624460211542747+0.0024673782986356346j),(0.0013644590056600967+0.0022053041480946814j),(0.005623911272456783-0.001518526106804099j),(0.0016775313836591968+0.0037487455805214724j),(-0.01422499559537783+0.0068876286746902896j),(0.017053891448849688-0.02233632345137695j),(-0.00701924680399963+0.01803002544513968j),(0.02140687605930782-0.028539780743860762j),(-0.01620102815485868+0.020274210051877704j),(-0.0012757097346080583-0.004540713540167728j),(0.006722069887613327+0.018134581874133256j),(0.001689415304662441+0.00038112234661506067j),(-0.0035724291024194044-0.007972704016128561j),(0.006894613577182036-0.01974132738530586j),(0.0022489731567657675+0.0001323240944284985j),(-0.0038977176580977423-0.00806269239851774j),(0.00709437367042997-0.020198194903092534j),(0.002253780551287616+0.00012985620171246989j),(-0.0038997475917877666-0.008055423213280597j),(0.007100691678328578-0.020178747489715675j),(0.00240052870881023+0.00014861358473855328j),(0.0023760243163872177+0.0010818303551361989j),(-0.003974198989693064-0.007678834829160205j),(0.007441258229965119-0.019046913282652612j),(0.010414999395979417-0.001136258755358461j),(-0.0035077437104069843+0.0076688007601346565j),(0.026104147671232+0.03348217294152901j),(-0.008517608159971251+0.002542863154561318j),(-0.0040118093602579015+0.01200532630146688j),(-0.007879266021661703+0.008065333959150697j),(0.010768278806539376-0.0009023593169616463j),(-0.00277927082269397+0.008991909096813681j),(0.02534451394103595+0.03580564747153965j),(0.0010483221148834447-0.006726944455657052j),(0.005937534386353171+0.01437500767900586j),(-0.06637250167728476+0.03121665495977586j),(0.0008939555365095886-0.008752591390688886j),(0.006006622387242736+0.015066192821098069j),(0.9326539019510478+0.021517402218818076j),(0.002840245370065708+0.006618281533234405j),(0.012211456067950887-0.004693784056667978j),(0.0027730218299271484+0.002020547271239733j),(0.0008324641983742875+0.005573433722936557j),(0.00731955789492101-0.0027331464691159177j),(0.002995019226937098+0.0030242553667913638j),(-0.00047372516530872177-0.001512388125009265j),(0.0010804029769555896-0.002870407721573945j),(0.002007577443336319+0.0016472528980938563j),(-0.0019063038822745974-0.0028853732174507095j),(-0.00251177058108681-0.002803132499566069j),(0.0008088018464314992+0.0013232891090329128j),(-0.00034413344468215703-0.0017183912167592643j),(0.001267497256587812-0.002961363757864827j),(0.0021143492373657596+0.001515029892548821j),(-0.0036599224112202795-0.004882050847519935j),(-0.006894581976881479-0.0032543507945350676j),(-0.0006687096129070805+0.00020054993885713847j),(-0.003800565750666262-0.005078963037709062j),(-0.007237653662597168-0.003264832752794263j),(-0.0007888093726706776+8.27317986320142e-05j),(-0.0037546818374174363-0.004966714052403369j),(-0.007135736308421341-0.0032955263427226367j),(-0.0007475103116992702+0.00015170238251381303j),(0.0002356471969994444-0.0029649464699721996j),(0.002093133561803579-0.0037519844630592167j),(0.0025687707415984096+0.00034861999718153623j),(0.0015085558148241647-0.006461662005504947j),(0.0038726899615435075-0.0063391005726232165j),(0.003535693116244796-0.003574057305035075j),(0.0016042277500440448-0.006739394795122206j),(0.004007248296464376-0.006550487172354421j),(0.0036104206549838467-0.003885595873563902j),(0.0028424391761884887+0.006617844407002894j),(0.012217396181125838-0.004695378352868107j),(0.002767143722355232+0.0020218047144678654j),(0.0016591568813881122+0.0035629961615170312j),(0.0014318492783297824+0.00012315968860676966j),(0.00019804692723615473-0.0026989999682873727j),(0.0012267324738816756+0.033878500468290586j),(0.0028475111105736124+0.005978490175282725j),(0.01147268511366734-0.004229444103347765j),(0.0019167477819842012+0.0019097779670980202j),(0.0005888905722762376+0.006499063027350316j),(-0.0094381743455565-0.003867694590716905j),(0.002973032681226706+0.0052799248513421835j),(0.0011370558308537561+0.0016896904807528854j),(-0.0010376055370027778-0.004449181725870486j)
47,(5.22116478263236e-06-2.7341735946422274e-05j),(-2.8007219969023585e-06-4.645555370349842e-06j),(-2.4204427906160794e-06+3.1987291301510187e-05j),(4.634292904228595e-06-2.2813252286228844e-05j),(-1.7139927718765437e-06+8.185515762578839e-06j),(1.3924986915353759e-06+1.3496829499454292e-05j),(0.00037351632608115986-0.0020112943512043614j),(0.0005009851840653463+0.00020399024219284957j),(0.0007964384579572078+0.0007222805335274063j),(0.000502898701842508-0.0032919713648074597j),(0.0007288494529969529+0.00023975981950739595j),(0.0011818357507926407+0.0010344799861545645j),(-0.00011730176471942927-0.024898567060922448j),(0.0021754863589905945-0.0012139449424837662j),(0.004436202814069791+0.0027444460278311183j),(0.0014504688960192771+0.0005775165447227323j),(-0.0010722122126236569-0.007754192063667837j),(0.007823963647665301+0.0013298231674030063j),(0.00023085734380332273+0.0010965749074254537j),(-0.002440834610575502-0.0011202380593536968j),(0.0019009122941350829+0.0008072055426123901j),(-0.0016053099720431594-0.008603618680041501j),(-0.002591626032584507-0.0010931822741929269j),(0.0018265243540693072+0.0007835559539671074j),(-0.0016649688934759484-0.008866304661030774j),(-0.0025897722267299037-0.0010912447300597478j),(0.001823659820859112+0.0007852707788040313j),(-0.0016648901977421196-0.0088609047797516j),(-0.0024970346638656716-0.0010349812912957123j),(-0.0027341294002767667-0.0006927049309704363j),(0.0017252172170793409+0.0008667940794854578j),(-0.0016430889938705358-0.008554373866049701j),(0.003152418321269488-0.0011134622176585621j),(-0.0011471920999874378+0.003743392202924512j),(0.00025349643135803395+0.005313247190492475j),(-0.0019547765875763947-0.0024272571927773587j),(-0.00040261952802298265-0.0010053558081668107j),(-0.0008724086746229424+0.004378691782179277j),(0.0036203775455021315-0.0013480415400091454j),(-0.001408902897161456+0.0035316669307660937j),(0.00036929111029533233+0.005879934708104734j),(0.014989615169841666-0.010362459560710493j),(-0.006220602168113839-0.008104553185743562j),(0.0027551271048492244+0.006588576636400285j),(0.014832158522395377-0.010172064514100914j),(-0.006083304105634377-0.008084424879439087j),(0.002840245370065708+0.006618281533234405j),(0.9653427084762983+0.04102423330298308j),(0.010659079108481191+0.022084206557775966j),(0.006217704506851735+0.008641686695492846j),(-0.017049503684439242+0.0038711317156841576j),(0.006656054018939783-0.00028075957493377615j),(0.0027806817403036657-0.004275253944746392j),(0.006978829361313639-0.01111774755573838j),(0.0022733556517723352-0.005257358788420484j),(0.00034917506614900106-0.0016346553161802654j),(0.009811520475498344-0.012420164143473017j),(0.0013055636038879455-0.004712883955067736j),(0.00047972733345674035-0.0020360883828706763j),(0.007477572645733475-0.011220100817877809j),(0.0020770870834438872-0.005268476874365367j),(0.0001058664995949201-0.001557687754600925j),(0.011257032249396306-0.011828604437689225j),(-0.0010347365293558414-0.003009128946241557j),(-0.00034692599816551627-0.003709737336615459j),(0.011480929610739706-0.011565583177082948j),(-0.0010756725290157702-0.0025532356167696398j),(-0.00037827012995377603-0.003816214607857407j),(0.011254198720018175-0.011878893156823028j),(-0.00125805479935921-0.0030783221547674416j),(-0.00041951376011960316-0.003814839524279542j),(0.008576483136617864-0.00973169812564199j),(0.0005559072225493221-0.003992273379726823j),(-0.0015896875425854976-0.0018250285447702452j),(0.008432449247882681-0.002147250113940971j),(-0.004318672605283226+0.0015862703847119158j),(-0.006812444647279692-0.0041053128414227525j),(0.008407400430626105-0.001559937778302517j),(-0.004694632727202866+0.002020373161533452j),(-0.007218230731284823-0.0042885476427012206j),(-0.03460548014309897+0.04092884441223442j),(0.010732424993472245+0.02798925282885343j),(0.006231631124989125+0.01030464106930233j),(0.0026742181426269956+0.0022384112562568795j),(-0.006839480130187982+0.012237449587004153j),(-0.00188505311649573+0.0011831608505655782j),(0.001439665430636802-0.01786833744660181j),(-0.03185893899747207+0.03647036477460548j),(0.009612768758327846+0.025641955713253554j),(0.005718880931438169+0.010133482847836116j),(-0.017661694985475908+0.0019261850751250576j),(-0.004798996681228829-0.005825741536294597j),(0.007003617823890167-0.0007313651068473125j),(-0.010583042684764538+0.017062783073514914j),(-0.004843834878961627+0.0005014309196147152j)
48,(-3.830414457072414e-06-9.326649908232508e-06j),(-1.4112857357542388e-06+1.7846231456702808e-05j),(5.2417002043608255e-06-8.51958155257201e-06j),(-2.017753904572552e-06-9.271678881136114e-07j),(2.1732423510991475e-06+9.742510851481374e-06j),(4.070466266925229e-06-1.0538379665929166e-05j),(0.00027068341776212684-0.00029093919284005256j),(0.0007382219896318363+0.00042781228719516334j),(0.0005250126260598244-0.0012366575172559032j),(0.0003288440653116295-0.0005843490653166311j),(0.0010564237790693996+0.0005919715716910178j),(0.0007299068992842723-0.002092508951054255j),(-0.001459798431841418-0.008342986605661474j),(0.00263102141068568+0.0008294523537857607j),(0.0010455738762874304-0.018444402217517j),(0.004393482339161162+0.0011072293431102984j),(0.005928087134231529-0.008624592617554732j),(-0.0021355151515028686+0.003066826659183303j),(0.004860469754340735-0.015957451067285702j),(0.0024602804014628708-0.0020155249552738144j),(-0.0025489635413669274+0.007193162285514121j),(-0.0030928138141348297-0.000781061451543729j),(0.002525133905703361-0.0021313288421570386j),(-0.0024659285040486254+0.00720500641102638j),(-0.003278147523901209-0.0005911931757486412j),(0.0025220692550198707-0.002129176392768989j),(-0.0024640870419936605+0.0071984596581839266j),(-0.003277489857564171-0.0005873755482009727j),(0.002394849144888053-0.002064158190773451j),(0.002775150309174902-0.002304338484107566j),(-0.0023763584969334227+0.0068697146835317874j),(-0.0032088354067456642-0.0004971153720808854j),(-0.004976177053822089+0.0010998692066631517j),(0.0005504536180142881-0.007610227917347788j),(-0.00018977393070703636+0.0017968403483370199j),(0.0003359070447247056+0.0021391875341396794j),(0.0002373736061339252+0.0019439603845378892j),(-1.7547095685890336e-05-0.010025569961864983j),(-0.0052217052161512185+0.001418170478410979j),(0.0010159446934742886-0.00794142071103511j),(0.00020000479668399822+0.0018635284651495262j),(-0.002244126746373037+0.0038332620553492396j),(0.014607800438839198-0.010487167006179776j),(0.012217714588905736-0.004799552518373402j),(-0.002230421427687256+0.004024216354092128j),(0.014135577377712455-0.010320496520067848j),(0.012211456067950887-0.004693784056667978j),(0.010659079108481191+0.022084206557775966j),(0.9588707095299417+0.019526904183671374j),(0.0005991224279196454+0.021501810966706548j),(0.008971399900237643+0.009933165881679265j),(-0.015921474549543922+0.01750549348773053j),(0.0019181565650000106+0.006715658255835567j),(-0.0008328806053619257-0.005072406349353519j),(0.002668188773060547+0.0001239758952801606j),(-0.0012586159947672012-0.0073908723742761384j),(-0.0036299709159810295-0.006182439847346656j),(0.005676633799945565-0.004422945199503527j),(-0.001727275401515447-0.008501566953340206j),(-0.0008596557797187696-0.005488385190844822j),(0.0029790564313830767+0.00015682302566009823j),(-0.0011710878901243758-0.007800309357393814j),(-0.005800553288390697-0.006517278520904496j),(0.00941592458594156-0.008044792100474665j),(-0.0005152249925196662-0.00918577113561541j),(-0.006388698696336137-0.00641298043382414j),(0.009098312506758483-0.008057990326831138j),(-0.0006306897524476223-0.009129392153855286j),(-0.00569252619440445-0.0065897529131715964j),(0.009948338424189197-0.008361368494610964j),(-0.0003322498669157153-0.00926712783251643j),(-0.000724315877379275-0.006706550028140549j),(0.003683930594154223+0.0015539384469665984j),(9.761011639719617e-05-0.009182580016634741j),(0.00021952222233319985-0.007706596407076524j),(0.0038482747812193375+0.00830313365194383j),(0.005084215136780064-0.011215758877374297j),(0.0002947752336445033-0.007779076807195003j),(0.0038590845657227465+0.008830118830179218j),(0.005472292619759682-0.011374872276460283j),(0.010729603668219127+0.027976958150119004j),(-0.04102414274402605+0.0224202017552531j),(0.0006063369245711268+0.019716853446690337j),(-0.0075152870724269506+0.009984809202336504j),(0.0011320234151886502-0.0022825071074988115j),(0.00045299607301478584+0.005802850625746214j),(-0.01024607560891342-0.007809086560804306j),(0.009560799219913626+0.025747661363862334j),(-0.037870515842320596+0.017877254208861812j),(0.0006387197475890595+0.01960031750521943j),(0.009148036498214513+0.006726739318912803j),(0.019321488655342348-0.012779712123881154j),(-0.012004881968079133+0.014197840687900445j),(0.005225745073905894-0.004375641461081603j),(0.00041669715015808974+0.0075370096379928355j)
49,(-1.0246339922460446e-05+1.8065098583482005e-05j),(9.412038117590577e-06+5.317210503341146e-06j),(8.343017995257543e-07-2.338230907011147e-05j),(-4.4211389721329285e-06+1.5401057437308863e-05j),(7.520154822407761e-06-4.983896043328796e-06j),(-3.1148510447463206e-06-1.118028821642556e-05j),(-2.444885614596244e-05+0.0011273607427156706j),(0.00044693510580229366-0.00046254447777488255j),(-0.0004954840984490075-0.0008657601870529311j),(3.2832566765248665e-05+0.0017998625875989371j),(0.0007961696335376312-0.0007659839399933058j),(-0.0007524087654729548-0.0013933672687458936j),(0.0027868992145028124+0.012054550617650837j),(0.008515391707016786-0.006374989579155877j),(-0.003689380273786674-0.009919424041249831j),(0.010569062734510354-0.007424404379140177j),(-0.0033923622333213088+0.003475649334818441j),(-0.002971566513706515-0.010911684412503838j),(-0.01034464530425528-0.010240065179312866j),(-0.0005028571131042804-0.0021270237754344584j),(-0.0022258497059786733+0.0050340349107869525j),(0.0012427129953262875+0.0058227433027508895j),(-0.0005059832729961393-0.0025483169644604335j),(-0.002288722995171296+0.005323013500346413j),(0.001410738081953686+0.006082209189584241j),(-0.0005048698738235715-0.002553022235470312j),(-0.002285469439088352+0.005321334821589531j),(0.0014135080641097374+0.0060773509840441895j),(-0.0004620063572281681-0.002748535802640468j),(-0.00041852725526147973-0.0028932053696585705j),(-0.0021466379849945094+0.005147795319291722j),(0.0014704123737019409+0.005762654429628132j),(0.000884600922439668-0.009840022703431052j),(0.0034103585377328947-0.0040856728262991665j),(0.002234703893819477-0.00942075086298926j),(0.0002640519435761955+0.0008515500430962856j),(-0.00019956303280519648+0.0008904382489621572j),(0.004522723297218286-0.004703543263546051j),(0.0008953887192577235-0.00976698263673228j),(0.003417063085743354-0.004260016990547743j),(0.0022281936313975517-0.00981144898948284j),(0.00216336811801727+0.007357533121081974j),(0.0001978524842007528+0.0028973594969440956j),(0.0029863826594242167+0.0017627272858289434j),(0.0022530968093502322+0.007475975163695508j),(0.00023394662587587647+0.0027671447998969673j),(0.0027730218299271484+0.002020547271239733j),(0.006217704506851735+0.008641686695492846j),(0.0005991224279196454+0.021501810966706548j),(0.9680353901068428+0.03346070546255827j),(0.0058183109828998025+8.400619154883384e-05j),(0.002350951722979263+0.00391861379899958j),(-0.010367264032566981+0.013582470948625665j),(-0.000943215013704611+0.0006519405838514092j),(0.000458441565579825-0.0036027519636030727j),(0.005593847009494841-0.010398141011613456j),(-0.002909512553389277-0.0012317830834571285j),(0.001134247317931833-0.0071318807176066j),(0.007165691710610692-0.010953801969264891j),(-0.0009946603814912414+0.0007060246303444186j),(0.00035311301462144463-0.0035808732095639426j),(0.0059189023275300736-0.010700224118876075j),(-0.005170615171698569-0.004853154518102587j),(0.002341212086432116-0.011681057027272224j),(0.007776273809037499-0.006521944222513153j),(-0.005270825617847554-0.005562542961338679j),(0.0027112883353423776-0.012727367249345823j),(0.00793064871487743-0.00613431548724655j),(-0.005312322026765075-0.004857319725455875j),(0.002275846753259935-0.011572336401288639j),(0.007752471533825364-0.006281779899490021j),(-0.0012095249274388844-0.0002526574554089717j),(0.00027215171403383064-0.004108270127228384j),(0.006437721323670158-0.008418001139838203j),(-0.0013824977206246833-0.00575187862342218j),(0.0013006612543700498-0.007555662644506309j),(0.005849024709048132+0.00509520597876317j),(-0.001394133409504014-0.006192199043749133j),(0.0013854408139374781-0.007838784289125487j),(0.005801341567092156+0.0061550526717543555j),(0.006227454323840498+0.010298572816157842j),(0.0006046947983613005+0.01972181388035528j),(-0.03183152150328279+0.04078859984017247j),(-0.0035885228496110072+0.0034450536634647623j),(0.0014425601660855915+0.002668184636372838j),(-0.002888023299913483+0.0072670063527829586j),(0.003137944691698024-0.0332992055204621j),(0.005720770215700591+0.010071306503379548j),(0.0005161344182337052+0.01960867068917927j),(-0.029685393008078355+0.034358495928326946j),(0.005823360134581827-0.002154196673928092j),(0.00015934447252737537-0.005936839208661319j),(-0.006050500350614428+0.0058466277495966106j),(0.0012280573824806549+0.002334354179628647j),(0.0007100710310460714+0.008990145649187717j)
50,(5.158795892022728e-06-8.850592317538126e-06j),(-1.4233209905011848e-06-3.2578189285233567e-07j),(-3.735474906176726e-06+9.176374204306906e-06j),(3.2758498350453634e-06-8.922642860017068e-06j),(-2.725976549829575e-06+1.0894442329776815e-06j),(-1.1103405115522726e-06+1.4773382756616304e-06j),(-0.0001912835663437984-0.001433941352873197j),(-0.0004169259613875704-0.0006300565805667364j),(-0.00030100530761298177-0.000550038354590855j),(-0.00020269670265130198-0.0021868864478679063j),(-0.0005358736907963087-0.0008567497906217887j),(-0.0003519873584495951-0.000748880875649331j),(0.0023551237042599696-0.010981089227979008j),(0.0011686840527568617-0.00010588763619027216j),(0.002370689979715481-0.0001940230046361287j),(-0.0001264565697152184-0.0007683708222623467j),(-0.0035770071542508813-0.012203417412158482j),(0.005730311103613138+0.0070876358961591565j),(0.002066688467952708-0.00040731419810762035j),(-0.0028894232577529205-0.0005899766177636921j),(0.0027673817827783805-0.0012911657229211916j),(-0.0011004538097728527-0.004683907867518844j),(-0.003041328749811434-0.0004149901954912875j),(0.002731283435996332-0.0014588678343355338j),(-0.0011615496286360594-0.004865625468671005j),(-0.003037874279612022-0.0004135040417502906j),(0.0027279173846245135-0.0014577220757325897j),(-0.001161697318973527-0.0048640284326857165j),(-0.002883542011292892-0.00040603910726843455j),(-0.00320059436998529+0.00012384858182915622j),(0.002596191750254359-0.0013574081720447097j),(-0.001145875316409395-0.004765967007622816j),(0.0056639367380334135-0.00415554228094092j),(-0.0016439548830957812+0.0029675515743869743j),(0.0008201984407810812-0.0008867794687687919j),(-0.0009804094495763564-0.003663277810752208j),(-0.001307340254889737-0.002948522057121132j),(-0.0024593594023403107+0.005000891138590971j),(0.0061695267998171845-0.004456780794381874j),(-0.0017327325169951603+0.002652956754750682j),(0.0009487706582718154-0.0006813270529047403j),(0.009933343844908064-0.0062931591494560955j),(-0.003992095262739833-0.008477986096623188j),(0.0007840883395816599+0.005532359395361029j),(0.009825899746042904-0.006249081624498473j),(-0.003879344781966692-0.008492417122501277j),(0.0008324641983742875+0.005573433722936557j),(-0.017049503684439242+0.0038711317156841576j),(0.008971399900237643+0.009933165881679265j),(0.0058183109828998025+8.400619154883384e-05j),(0.9789182609087914+0.039174433655173244j),(0.00044542368280184905+0.025527620530507104j),(-0.0014126975606245755+0.015604917985754684j),(-0.001637791416639282+0.004072797087200307j),(-0.00019588955313479283+0.005717714216911132j),(-0.0018322604214248638-2.4467021961480616e-05j),(0.005056557154027187-0.0035343598449861574j),(-0.0010537500640349314+0.0017025374903567696j),(-0.001012415427674869-0.002166626515491177j),(-0.0015099416514981678+0.0032560413817106504j),(-1.4345510860452491e-05+0.004958906819560578j),(-0.0019045937391509223-0.0003460447941345101j),(0.013224149570626384-0.012259090292193806j),(-0.002089602458521286-0.0031740832131669054j),(6.466495546387247e-05-0.0042440578326635595j),(0.014225024614366559-0.013615040262468237j),(-0.0020369639708315923-0.0037138694342867297j),(0.00025571981040450095-0.004578762228903315j),(0.013454445240517709-0.012440490730075311j),(-0.0022289570313159274-0.0032352382859433815j),(6.278228353349239e-05-0.004258397656452447j),(-0.00044337246950469975-0.0001987377302576117j),(0.0011953463861391013+0.00157149693029872j),(-0.002037473648767889-0.00038182528625491097j),(0.002716086885213874-0.008408230244696464j),(0.004034157286016866-0.008283107066798235j),(-0.0020673458722110646-0.0010653201458866429j),(0.002957321602617345-0.009044184654315782j),(0.0042472525440511244-0.009056019229961394j),(-0.0020681224730640397-0.0011395761135506843j),(-0.017042422209300634+0.0038242137871636944j),(0.00898267003082105+0.00990188109276742j),(0.0058281359396443145+6.100882745807643e-05j),(0.0052023569416473564-0.00187876602387263j),(-0.004640050753150574+0.005899062469651167j),(-0.001435734954301676-0.001093652437162627j),(0.0011240692892504878-0.00811903182318215j),(-0.01531036898739269+0.0028601378445732052j),(0.008437806926069553+0.00876741863184933j),(0.0054581307868225+5.282801584224461e-06j),(-0.022192680334044066+0.03472875251781384j),(-0.0048286840535031565+0.0005613268125589065j),(0.008685064819398456-0.0015362705601436812j),(-0.00982760918957227+0.013284290739187361j),(-0.004882564115546271+0.0010588328309786713j)
51,(-1.4959632817234011e-06+1.4061708192648607e-06j),(9.475245940991339e-07+1.1051546248048706e-05j),(5.484386941452986e-07-1.245771707045975e-05j),(-8.542531288772142e-07+3.396163496502191e-06j),(8.492695487316876e-07+1.8481594608212089e-06j),(-4.075963476702941e-08-1.0733810797392511e-05j),(-0.00016838709283949747-0.00033923044855591034j),(-7.954361418975202e-05-0.0004252692545123588j),(-0.0003707645742402353-0.0014290432923328759j),(-0.00022063832160829482-0.00047552402351234545j),(-8.585223174411823e-05-0.0005588244098842134j),(-0.0005262099339236821-0.0021754901684684263j),(0.0003889867204224138-0.0009145791476538809j),(0.001019865522943929+0.0007332747613159225j),(-0.0009060553989323266-0.010759464664175534j),(0.0017242747076738484-0.0006860919771947901j),(0.0019663064081645483-0.010707054859237012j),(-0.0023174104403220013+0.006415249423965534j),(0.004926690168393949-0.009444438805091132j),(0.0009444187493158874-0.0006936968582630723j),(-0.0014443060764754464+0.002765149247699229j),(-0.0012479897701133643-0.0007967710641381507j),(0.0009676559925043991-0.0005653702493695493j),(-0.001399638944226574+0.002646720967220938j),(-0.0013583357834885828-0.000754019935377789j),(0.0009674944244725731-0.0005627163564667984j),(-0.0013995884434013846+0.002642783655093787j),(-0.0013585061999555393-0.0007533033843518j),(0.0009612589612227885-0.0004920405265475989j),(0.0010711771062272661-0.0004994895100991327j),(-0.0013966322002208383+0.0024812518282576954j),(-0.0013347603995391478-0.0007700149772129081j),(0.000106830169129486+0.0013953208485800528j),(-0.00145034149080483-0.004129111677279772j),(0.00020219891281098067-0.0026024482331503934j),(0.0017748047774409311+0.0009464946033387755j),(0.0008059404176110437-0.00017529108051972647j),(-0.0026308959898960383-0.0045483117687188206j),(9.103676183958454e-05+0.001520873174622369j),(-0.0010344891285539036-0.004470838092268175j),(0.0004609980478112918-0.002656526783191235j),(-0.001967977149497048+0.0019913828499828513j),(0.011446026488821618-0.010963513418113153j),(0.007336968251822177-0.002774203411109053j),(-0.002025184065281318+0.0019728395450284413j),(0.011213251990731556-0.010802146485198524j),(0.00731955789492101-0.0027331464691159177j),(0.006656054018939783-0.00028075957493377615j),(-0.015921474549543922+0.01750549348773053j),(0.002350951722979263+0.00391861379899958j),(0.00044542368280184905+0.025527620530507104j),(0.9574881789746819-0.005539490053638276j),(-0.00497314396434509+0.027235992827568j),(-0.001062442525561287-0.0016499293827683358j),(-0.009656581759563205+0.011935614424068442j),(0.005168950633909009+0.0031941834538690393j),(0.00040381461284999423-0.004830325657948442j),(-0.0005403192969865819+0.007212997286606101j),(0.0034135637610610177-0.003029801301039945j),(-0.0012492236550182805-0.0024292900415763038j),(-0.0089426447173576+0.01238916063592689j),(0.005521076715717184+0.00267656063424912j),(0.0006635595178334835-0.006250657998132937j),(0.009662039825313651-0.004872108942623802j),(-0.0028371554506846836-0.011571457662328493j),(0.0011529907924532625-0.006286951582820841j),(0.011645240421702778-0.006723838502405013j),(-0.003197416664059668-0.012792789599133006j),(0.0004717101923790435-0.006316283816810937j),(0.009600077028497358-0.005180716091316102j),(-0.003215493916314874-0.01181089022370595j),(-0.001722918889476848-0.004214414702738298j),(-0.00379799190793469+0.010364437081417613j),(0.00527493480769554-0.00106380543409966j),(-0.002219825419850972-0.003841996165881205j),(0.01121321463772076-0.006191836308709265j),(7.891420837403051e-05-0.011537059387154762j),(-0.002254123736547084-0.003795913792950304j),(0.012359158608607585-0.0075245047156909j),(-0.00034193236769621883-0.012345328463338613j),(0.006664047194026425-0.00032332755235427516j),(-0.015883871358296636+0.01753429656024982j),(0.0023615417554745267+0.0038875590710197618j),(-0.0018745512363354437+0.003993339975474012j),(-0.00023161854900973118-0.001659899199482907j),(0.00012671734673114048+0.0018656181201896415j),(-0.008939660579398635-0.005177515537261163j),(0.006276627002748217-0.001435688779259866j),(-0.014196707069640543+0.017739263507214866j),(0.0024274233034298574+0.002842571677016386j),(0.006877339719632888+0.04659539288881438j),(0.001187511934452299-0.004440650779650227j),(-0.00698836243924253+0.011730713508811033j),(0.0027427418962733168-0.003557410901337342j),(-0.0004640506332362839+0.004594706882447739j)
52,(-2.5038956096663315e-06+1.4413320802475188e-05j),(4.784644533297139e-06+4.39684338115098e-06j),(-2.280748923130774e-06-1.881016417582302e-05j),(-1.041071464543361e-06+1.0886945325817739e-05j),(2.028303217830213e-06-5.44072254512472e-06j),(-3.3488920177837397e-06-1.0513882200047507e-05j),(-0.0002855109562857265+0.00030001831497528456j),(-0.0003570141036104981-0.0008448320956284362j),(-0.0008672702563120892-0.0012081112169947865j),(-0.0002950720586846064+0.0006025158505561907j),(-0.00039808163806361887-0.0012024525722729724j),(-0.0012313913004157243-0.0017743626282842942j),(0.00389732894012121+0.008454244257517226j),(0.0037576906905088256-0.002824969633053605j),(-0.0025857205495492283-0.006305194203134879j),(0.004062437260767876-0.004462670688955308j),(-0.0023978412757463072-0.004605757821190644j),(-0.00041129948322962424-0.0018382953327944222j),(-0.00482699995761798-0.0055990234691636566j),(-0.0011481224683491968-0.0011897601799906333j),(0.0005082380248354083+0.0005959490657077857j),(-0.00041236847731182275+0.004820316005848709j),(-0.0012148502864094204-0.0012710185642043105j),(0.0005022176581001155+0.0006083294340975725j),(-0.0003680427142430697+0.004960016499247649j),(-0.0012129623325423436-0.0012722073096271738j),(0.0005025051788028972+0.0006074174399928029j),(-0.0003670607811407473+0.0049553161759862225j),(-0.0011303548875085051-0.0013493082609606875j),(-0.0012470890184384316-0.0012917867945236618j),(0.000511939546852622+0.0005494187835738021j),(-0.00034971775956550504+0.004678997838285029j),(0.0029966192274430738-0.0053547356809774075j),(0.0011276782295700474-0.00233362871394126j),(6.531098630115312e-05-0.008499326995023789j),(0.0014085523666474112-6.466506080165298e-05j),(0.0002163404534184384-0.0010583579288981854j),(0.0009793526756689095-0.0015171894026132062j),(0.0031437920850620913-0.005371012470107113j),(0.0011877022790287633-0.00255826740365025j),(0.00015565203281070038-0.00885172528887899j),(0.0009633720972287569+0.004206912066537207j),(0.0012990471879889887-0.002172298159047526j),(0.0030272769066546955+0.002856127275333145j),(0.0009638438709534805+0.0041966466206725846j),(0.0013280282789926118-0.0022914494612921374j),(0.002995019226937098+0.0030242553667913638j),(0.0027806817403036657-0.004275253944746392j),(0.0019181565650000106+0.006715658255835567j),(-0.010367264032566981+0.013582470948625665j),(-0.0014126975606245755+0.015604917985754684j),(-0.00497314396434509+0.027235992827568j),(0.9679881667219923+0.01827234879306413j),(-0.0006034642513507751-0.01618177824592383j),(0.003178624039088876-0.00857573184095489j),(-0.006743200589159641+0.035537968439138326j),(0.0006072298439653173-0.012049924128862953j),(0.0018391402294701843-0.006631256347833408j),(-0.0005690093261015367+0.018177605716735754j),(-0.0007370209013220875-0.017045564007667796j),(0.003562385538432503-0.009809366232037979j),(-0.00610859385535787+0.03597872651429926j),(0.0011528478709241863+0.0014018885631650946j),(-0.0015395772590177412-0.00013665697920769299j),(0.007061121416891791-0.017783503442950623j),(0.000871111842947263+0.00390144989886713j),(-0.002368729143303642+0.0020406724805562427j),(0.007641903231136759-0.021405370512640326j),(0.001304666417290811+0.0015139766594544088j),(-0.0014637948731883953-0.0006229747824914042j),(0.007425148466559488-0.019284999240631786j),(-0.0014958873008823182-0.014401137280215479j),(0.004323704700219898-0.01192003892146598j),(-0.001961052781949637+0.026626652118144932j),(-0.004300188588915596+0.008820141447407674j),(0.0030927053815522146-0.005721535857556456j),(0.008677659589174597-0.02138188032348537j),(-0.0045160230843002535+0.010666302071017519j),(0.002981501395723389-0.005193773522323487j),(0.009475876817695147-0.025160549325864635j),(0.002786145834010752-0.004303966026086065j),(0.0019277093148488468+0.0066881116345445385j),(-0.010337433923689736+0.013569391567791498j),(0.0004985220278934551+0.0011107795710177861j),(-0.0008743689016202005+0.0019407485220623898j),(-0.0001712030036850934+0.0009398305631890189j),(0.001720055535363525-0.019442969936401468j),(0.002521484477330086-0.004429880970495981j),(0.001975835600380274+0.005609818726783941j),(-0.008960671076064658+0.01298048564708287j),(0.0038470438721693815+0.028856566186963258j),(0.002169844099566756-0.01589125294191282j),(-0.0027689426477445355+0.004097232662249917j),(-0.0005169675691361937+0.0013337511377675777j),(-6.508542042795171e-05+0.0058015836826851176j)
53,(-7.752300128539933e-07+7.040057945574549e-06j),(-1.1922837450470063e-07+4.409777269321315e-06j),(8.944583853138035e-07-1.144983520963612e-05j),(-1.2206195855059137e-06+5.985556248826782e-06j),(-2.3711325517979602e-07-1.9883710866650867e-06j),(-2.68086086847067e-08-6.999338197898781e-06j),(-0.00024320154053781998+0.00016374069835659656j),(-0.00032254117274231077-0.00037635921107627033j),(-0.0003810419382208108-0.0008120178930544162j),(-0.0003108913651006088+0.0003543180598313995j),(-0.000435896628878197-0.00047950202452071085j),(-0.0005200764828806279-0.001178643204068443j),(0.0007611575294654691+0.005674585908322502j),(3.207343086811807e-05+0.0011983915964015857j),(-0.00013771973528951646-0.0036283247617503126j),(4.976341802710336e-06+0.00029633278202128525j),(-0.000990507136770769-0.004129243398744792j),(-0.0008806739440578473+0.0022896373359757314j),(0.0017305799438328794-0.003613923351864479j),(-0.000503236944160433-0.002929192726912583j),(0.0011455166111512178-0.0008338080165345792j),(0.0002331434114014451+0.0008409984800676548j),(-0.000537139107324163-0.003141663211341029j),(0.0012014043818965726-0.0009115850849468865j),(0.0002273158009171717+0.0008547943676969925j),(-0.0005362365084763864-0.0031417397629620227j),(0.0012014815876944503-0.0009128736305378856j),(0.00022743877292462602+0.0008523798305224515j),(-0.0004965336938001661-0.0031521932893092018j),(-0.0006195572323502354-0.0032394158340455096j),(0.0011967003917912797-0.0009543698937247611j),(0.00023912426275386715+0.0007142259981976172j),(0.001770934687916351-0.003217242685542354j),(0.0010280589599370497-0.002089855255903886j),(0.0010667787874557384-0.005578205984904116j),(-0.0012278407010483368-0.004046453227511664j),(-0.0017414329871256865-0.005570892600631041j),(0.0004430402583733568-0.0021929292919243217j),(0.001820792351599816-0.0031921649119198234j),(0.001124130266566547-0.00206062379030454j),(0.0010979887346180437-0.005748015460398113j),(-0.001972220283757046-0.0025749893573231097j),(0.0021490608551434504+0.0004913471851572889j),(-0.00043861854115188615-0.001598556607223078j),(-0.001971309831411805-0.002615009981137556j),(0.002112616098753573+0.0005198989213689574j),(-0.00047372516530872177-0.001512388125009265j),(0.006978829361313639-0.01111774755573838j),(-0.0008328806053619257-0.005072406349353519j),(-0.000943215013704611+0.0006519405838514092j),(-0.001637791416639282+0.004072797087200307j),(-0.001062442525561287-0.0016499293827683358j),(-0.0006034642513507751-0.01618177824592383j),(0.989879464708075+0.008582027069480084j),(7.539002256851536e-06+0.015496639860780264j),(-0.0008356354766067081+0.0006995191733700397j),(-0.006153874038206065+0.00910975423539559j),(-1.8441641190277666e-06+0.016216457076720474j),(-0.00035561021129563715+0.0031512476262438253j),(-0.010478644179917396+0.011621491962190176j),(0.00020624274678247265+0.02275994119738193j),(-0.0008084965593255604+0.0037702208638996162j),(0.000505765107677563+0.0012554846467539137j),(0.0006470635341860448-0.0009217040406501354j),(0.0005635762979325223-0.0007839249602329852j),(0.0012636730586055328+0.0011128013839150595j),(0.0006056948489342497-0.005533499750310835j),(0.000655822157606625-0.001993349349290912j),(0.000751429865740376+0.0010529685217325023j),(0.000731257986760521-0.0010033297662403978j),(0.0006128864650987163-0.0007287439103505714j),(-0.009853715447761886+0.010610768934808563j),(0.0011184485200371986+0.019788380415476512j),(-0.00029261089807969753+0.0064350839974513935j),(-0.0037856522864210115-0.0021063705137182084j),(0.005606717551518186-0.01071540207707914j),(0.0026916131332109837+0.0023623411828191877j),(-0.003308060292538737-0.0031470733862165937j),(0.005960894494416461-0.01317956014704555j),(0.00293013271763822+0.0019702166892738415j),(0.006989653369668801-0.011137240085257995j),(-0.0008324983198217486-0.005075809072124973j),(-0.0009437874447187045+0.0006750181678947826j),(0.0012500238208865454-0.0011541672329298078j),(0.0007315239938195744-0.0025224969530493403j),(-0.0010711373262571175-0.00022670313979604732j),(-0.00021956088819604746+0.003987890010345171j),(0.006864181575057261-0.010772368050356036j),(-0.0008279325919921979-0.004730068943034493j),(-0.001162194457412401+0.0012472929171488643j),(-0.0017045344318253528+0.013601616606166624j),(0.002032164806641718+0.0032691580916541993j),(-0.00017802373912642426-0.0011779683363338743j),(0.0011555986536022954-0.0014527265009445362j),(0.0003541589427334103+0.00025669290061030735j)
54,(4.875617423684785e-07+5.926685128562326e-06j),(1.3178178125495975e-06-3.113484090507352e-08j),(-1.8053795547485332e-06-5.895550289156459e-06j),(-6.6585604997718e-08+3.4404992906208236e-06j),(-5.348357677040197e-07-3.2923233419064283e-06j),(-2.0259160406077615e-06-3.273454687529917e-06j),(-0.0003377929591678638-3.750677424150682e-05j),(-0.000485672805767597-0.00048263850952590733j),(-0.0005946434165550856-0.0004641432210019641j),(-0.000450517036668211+5.443255756466239e-05j),(-0.0006887051104067912-0.0006356089428134276j),(-0.0008443276182781441-0.000609005791036539j),(0.00028566310953157437+0.004475884852573974j),(-0.0013812106601077349+0.0006382683102846747j),(-0.0016708649499610063+0.0007263909659293154j),(-0.0014635988298572502-0.00030874072870952507j),(-0.0008110788513981699-0.002892874546737755j),(-0.002507588398495816+0.001817861953552756j),(0.0021555916303923318-0.0008778617476085738j),(0.0003482451135053184+0.0001412681809164388j),(-0.0014329061328861078-0.0020371214522553254j),(0.0015938968329487352-0.0014022862149560573j),(0.0003894986849442726+0.000259562392757934j),(-0.0014500746171300966-0.0021362827182725835j),(0.0016331059878838066-0.0015136308348076676j),(0.0003905287287373593+0.0002608444412756488j),(-0.0014499191872179799-0.002136516578267592j),(0.001632552157240113-0.0015157095218670718j),(0.00043075332767062726+0.0003057874553615339j),(0.0004032259214784359+0.00022445761220938048j),(-0.001445730779875453-0.002124379802852949j),(0.0016102298860250558-0.0016094533639106762j),(0.0021062862724470373+0.002372047611556664j),(-0.0012867093209725832-0.0009076516364407861j),(0.0007552902196044701-0.005406946358837012j),(0.0023805631272435426-0.0007423973683749014j),(0.0021318462502410134-0.002327326688708624j),(-0.0016310307324831203-0.00047562237155853067j),(0.0021371929716033607+0.0023312638034170994j),(-0.001149375814644699-0.0009706831353670873j),(0.0007454172988852314-0.005530528033124486j),(-0.0009304927612376987-0.002830627542231426j),(0.002646646833520656-0.003819389036363954j),(0.0011056386453373792-0.0029067318520333j),(-0.000976783762022509-0.0029131897922595835j),(0.0026297111422890897-0.0038203769264170667j),(0.0010804029769555896-0.002870407721573945j),(0.0022733556517723352-0.005257358788420484j),(0.002668188773060547+0.0001239758952801606j),(0.000458441565579825-0.0036027519636030727j),(-0.00019588955313479283+0.005717714216911132j),(-0.009656581759563205+0.011935614424068442j),(0.003178624039088876-0.00857573184095489j),(7.539002256851536e-06+0.015496639860780264j),(0.9861407476681983+0.006713565212929122j),(0.005314693190929934+0.00046952890834955734j),(0.0016178056219852174+0.013647481496734636j),(-0.008026855467714119+0.010873217653386278j),(0.003548462145572971-0.0008988729961801854j),(-7.493959431543502e-05+0.02279297640687876j),(-0.013912075939751023+0.01219315976418033j),(0.005389683881225865-0.0002513644869880354j),(0.003334433551135843-0.005912745430143531j),(0.0015155929183915244+0.003779411385013017j),(-0.0010696584330720114-0.0036638859427310386j),(0.004107140356138947-0.010045870393261904j),(0.0038108093998205526+0.003172172432403204j),(-0.001355420314967293-0.0033523350819087477j),(0.003144593674448177-0.006322552909525765j),(0.001301670292402002+0.0036443818705731313j),(-0.0013876447178697137-0.003760727146564141j),(-0.0006224043806356685+0.0204379891243232j),(-0.010903710650791914+0.008153650053899444j),(0.004329133317520732+0.0017514772578415584j),(-0.0006119372852052616-0.005034267409003819j),(0.003401416083691976-0.010719716245751998j),(-0.0018461595571853669+0.0019732895637821993j),(-0.0006037772276943707-0.007090284782048362j),(0.0045115807467976075-0.012219591872495019j),(-0.002333835115353466+0.0019463677202495172j),(0.0022765387609468917-0.0052718476359268655j),(0.002684955151323139+0.00010766426585670632j),(0.0004548238682009658-0.003595717191891678j),(-0.0004892233804138756-0.00045782545047030236j),(0.0013102340580073949-0.00020752848183875922j),(-0.0004662657819814408-0.0010147767950161452j),(-0.0038815810776165515-0.0020711141697064093j),(0.002120171670768391-0.005151261626265947j),(0.002996286223820285-0.0001325381056388017j),(0.0001214368121975854-0.0030339342790333566j),(0.00011486859438163697+0.003579424945190748j),(-0.009473131846493323+0.006080643985855338j),(-0.0006980476565872447+0.003018400637036435j),(0.0006192012423138662-0.002195700217679315j),(0.0002636396384979837-0.0005730684985694566j)
55,(4.950277197333811e-06-5.3431109216202905e-08j),(-2.29072738028627e-06+1.0822383401338864e-06j),(-2.659549810069492e-06-1.0288072349826251e-06j),(2.4148244270034533e-06-6.783616495571506e-07j),(-3.222040187543591e-06-6.785837100320392e-07j),(-5.960717206353001e-07-1.8717995445383933e-06j),(-0.00010861105135523587-0.00042630775307420825j),(-0.0004991940427049957-0.00031256090526645173j),(-0.00031869584992950435-0.00044081554790593135j),(-0.0001074993315627981-0.0005930560032281122j),(-0.0007314568139930918-0.0003811690303206493j),(-0.00043451734482099634-0.0005909151760913492j),(0.0017279787564860403-0.000834471004214805j),(-0.002507469519181228+0.001803402789745467j),(-0.00014083100409222169+0.00022282325998541214j),(-0.0035392129779466836+0.0015882663682893492j),(0.0013458474804841556-0.006010671861015283j),(0.0019613929226202447+0.0029406754257855806j),(0.001410530091725022+0.0008490866075762703j),(-0.000358769866856604-0.0008595601464837475j),(0.0025920629083349012-0.0037094662498197047j),(-0.0024361450455597485+0.001621312791180662j),(-0.0004172447728858419-0.0007873900774598703j),(0.002665152707881864-0.0039024926346616544j),(-0.002534010787225672+0.0016246508917801285j),(-0.00041685258585883155-0.0007852999019020841j),(0.002663799427078749-0.0039028625037880018j),(-0.002534450649412376+0.0016231251606463502j),(-0.00039174127937607005-0.0007142980663254089j),(-0.0004666332429607682-0.0007581575815812645j),(0.0026026451925513744-0.0038805003246257103j),(-0.0025336155036141516+0.0015475162250348261j),(0.0012163876020344446+0.002060543409460932j),(0.00014125176411785835-0.0019168372834054053j),(-0.0018903745563242436-0.0016733793118654306j),(0.0015361262105521617-0.0014427635089226377j),(0.0013887637204961513-0.0030131942288456758j),(-0.0006178661220641866-0.0014253896595000258j),(0.0012879671152194409+0.002061136369391801j),(0.0001982672231750648-0.0019373991597713544j),(-0.0017479892374899137-0.00175268028769007j),(-0.000965473529115373-0.002667486831168379j),(0.002476259181586616-0.004262304858066293j),(0.0019410883305562153+0.0016831397989629936j),(-0.0010006039067699207-0.002700602146948259j),(0.002448058801246046-0.004266553971778885j),(0.002007577443336319+0.0016472528980938563j),(0.00034917506614900106-0.0016346553161802654j),(-0.0012586159947672012-0.0073908723742761384j),(0.005593847009494841-0.010398141011613456j),(-0.0018322604214248638-2.4467021961480616e-05j),(0.005168950633909009+0.0031941834538690393j),(-0.006743200589159641+0.035537968439138326j),(-0.0008356354766067081+0.0006995191733700397j),(0.005314693190929934+0.00046952890834955734j),(0.9851693783803147+0.01839586494795093j),(0.000726986158406159+0.0023249547534329885j),(0.0017545686146681013+0.002681540129040063j),(-0.010002051727420476+0.018945833769253097j),(-0.0009174829320529822+0.003196639967585988j),(0.0055497901499375335-0.00115474570897337j),(-0.014824751706137135+0.0282260801270816j),(0.003981747608864169-0.0012448190439244972j),(-0.0028419452285527672+0.00423301182229358j),(0.0010756025492214497-0.0007711857139734606j),(0.0038045359187453567-0.001271916678016738j),(-0.004346475079102859+0.006596968935011586j),(0.0021788872949467233-0.0036312347464154807j),(0.004326043924111278-0.0016160291573374622j),(-0.002571868333155405+0.003496106307120925j),(0.0015893796176655968-0.0015388062823452064j),(-0.0011363169226072329+0.004140382568843547j),(0.005221682548716422-0.0023250453771707404j),(-0.011697150187516863+0.02127568802277713j),(-0.001646191261037482+0.0027817280885117754j),(0.00023359932468694337-0.004704168907260444j),(0.0033273621042067512-0.009406510345898325j),(-0.001685560581076521+0.0026443320893748848j),(-0.00016965542888057147-0.004894838362548944j),(0.004495413803209367-0.011814472311167917j),(0.00035185530696557154-0.0016368168166862554j),(-0.0012670092774544322-0.0074048302675964565j),(0.005610293410847542-0.010459409071117722j),(-0.0002794752578730008+7.380397615687197e-05j),(-0.0006577993939563299-0.0015221109376918848j),(0.002604675284865566-0.0012748893936430162j),(0.00018447994728298478+0.00043192049355874566j),(0.0001612443662844141-0.0011068283975171323j),(-0.0014424058637087234-0.0069414669970083755j),(0.005984383523160999-0.010840692762561353j),(-0.0030760208493537055-0.006419191261651927j),(0.0055023407280639985-0.013238835892966027j),(0.0005168208334335333-0.0004658412638721756j),(-0.000443578429332505-0.0005680525015761608j),(0.00011676474900438622-0.0012646826498112418j)
56,(-5.042156266448044e-06+9.919239547956672e-06j),(2.7406827031980366e-06+1.0735859386195383e-06j),(2.3014735603728285e-06-1.0992825478825342e-05j),(-3.506320141204227e-06+7.833260975607742e-06j),(2.379411950273681e-06-3.3601578225438503e-06j),(-7.19259616590562e-07-4.6210158294949154e-06j),(-0.00031857157785394495+0.0006725343891234496j),(-0.00011218402702191838-0.00019475029515445452j),(-0.0003546931742662558-0.00028844227668962865j),(-0.00046140304819085673+0.001104785056945107j),(-0.00013069546323350153-0.0002761845954251966j),(-0.0005166509962450332-0.0004182712699160497j),(-0.0013594329386711105+0.008469073053100896j),(0.0009876308120349933-0.0006946950369472399j),(-0.0015606248962573809-0.0013288006291234298j),(0.0014546505900289528-0.0018290018119923816j),(-0.001993860831111594+0.0018966313858649413j),(-0.0018628200432414652+0.0007820885352840725j),(-0.0002820245250384826-0.0010729036903180129j),(0.001106787476919869-0.004115228028396936j),(2.542604010566683e-05-0.00015314595269051668j),(0.0019327565972107824+0.0008149680882044309j),(0.001221211976898023-0.004551706628223684j),(6.207508405152814e-05-0.00014947715943329086j),(0.0019998216477304176+0.0008154480064234146j),(0.0012208280784248328-0.0045533600952263826j),(6.327878422372731e-05-0.00015103398791816054j),(0.0019994532705600934+0.0008123190553724546j),(0.0011874484072947266-0.004597244541191565j),(0.0012462858574124804-0.004837611369273141j),(0.00010756413193802274-0.00021871812628655642j),(0.0019668415646069645+0.0006561538779648012j),(-0.0010570241138336274-0.004484556482581736j),(0.0015302261031940943-0.0025363958464175076j),(1.219716792386766e-05-0.005869889701626816j),(-0.001353920203601137-0.0045988355619432045j),(-0.0022367500120248126-0.005048568417107106j),(0.001575157333629194-0.0027966564864546433j),(-0.0012182827253873405-0.004353314130548035j),(0.0016191951869329129-0.002522079568026567j),(-0.00010842661111425849-0.006069440565694875j),(-0.0042128408591410645+0.0010432135457707538j),(0.003351046392584084+0.0012251225934607167j),(-0.0018676674077142004-0.002956407608578256j),(-0.004167599116731537+0.0010377052076768153j),(0.0033015856603391077+0.0012683828918776396j),(-0.0019063038822745974-0.0028853732174507095j),(0.009811520475498344-0.012420164143473017j),(-0.0036299709159810295-0.006182439847346656j),(-0.002909512553389277-0.0012317830834571285j),(0.005056557154027187-0.0035343598449861574j),(0.00040381461284999423-0.004830325657948442j),(0.0006072298439653173-0.012049924128862953j),(-0.006153874038206065+0.00910975423539559j),(0.0016178056219852174+0.013647481496734636j),(0.000726986158406159+0.0023249547534329885j),(0.991024654340438+0.00592890655347394j),(0.0013612964502275492+0.008750489658622511j),(0.00031172777803026243+0.0038471473877516394j),(-0.006187425622561387+0.009320566042578499j),(0.001708848288892533+0.013418703200881671j),(0.0008023146902468515+0.0021718417133492467j),(-0.009963873930430429+0.0034515070145310564j),(0.001459263627530064+0.003294862699536438j),(0.0002284867609917409+0.002829560292145157j),(-0.010199010836486626-0.0002506339008320566j),(0.001391375873239579+0.003940767311123349j),(0.0002111017771520491+0.0021465696681354325j),(-0.00995912140780871+0.0037907329285056424j),(0.0015355238104015985+0.0027265700228043784j),(0.00024288521848031433+0.002816880142819536j),(-0.005705984874775999+0.008476650539898368j),(0.00217700659823976+0.00839087433814383j),(0.0012565006906092159+0.00026942148197845427j),(-0.0013827820070998285+0.008866241749666163j),(0.0027516593941329043-0.005343396971425647j),(0.0027498466798744165+0.0003617959744415195j),(-0.0010313423804072296+0.008932548438950975j),(0.0027923331933893468-0.006371885209736209j),(0.0028687722039979907+0.00041300507385554075j),(0.009816679289160758-0.012430930142895685j),(-0.0036350866807680236-0.0061827173603066455j),(-0.002914371455399416-0.001216992508076031j),(-0.0001199490606078292-0.00042226864558628273j),(0.002050164040298341-0.0045302144535330656j),(-0.00027510265468973206-6.810128947397083e-05j),(0.001601801631249775+0.005735989505185387j),(0.009258273896293256-0.011735523511493814j),(-0.003444987198447708-0.005708512324902978j),(-0.0029158806302134817-0.0007821652250408571j),(0.005563118611571024+0.0011082338738717876j),(0.0038800908908801788+0.008820672648898027j),(-0.0010711813534300281-0.00018348901794181487j),(0.003978114937407931-0.006721461863793204j),(0.0018481713760499236-0.00030983258882232907j)
57,(-1.567343530333274e-06+8.132237578843698e-06j),(3.3799754893376423e-06-6.45313814212256e-06j),(-1.8126319626673183e-06-1.679099437895098e-06j),(-6.53478423197863e-07+3.526625226262555e-06j),(1.2570194567241652e-06-5.690444784657179e-06j),(-2.6868273426912777e-06+1.601440292108042e-06j),(-0.00022850754715218941+0.0002391027189325548j),(-0.00025214322149214697-0.0004467054698783053j),(-0.0004271472131595832+0.0001952292338113589j),(-0.0003281379114614114+0.0004556934342347677j),(-0.0003620032623402322-0.0006388609099057642j),(-0.0006317600864292345+0.0003991390724721942j),(-0.0008752419760822449+0.0057101044049330234j),(-0.0009031277410214779-0.00168295879075796j),(-0.0023538945080131967+0.005865947464914794j),(-0.0011090218792293213-0.003037696195696455j),(-0.0031523620650921553+0.0021216914267893645j),(-0.0021689464668132223+0.0013849823467129933j),(-0.000610046317392672+0.004719667675240733j),(0.0004794805650342506-0.00021770759487298554j),(-0.0007488731610869049-0.002817626119173289j),(0.002961175357247479-0.0025415959909602433j),(0.0005831301854293872-0.00019491557482452797j),(-0.0008053714911952158-0.002891657290386227j),(0.0030980146684739737-0.002740561542058366j),(0.0005845716520618236-0.00019497307511275692j),(-0.0008062134548186793-0.002891102182701387j),(0.003097895998874872-0.002743498580031461j),(0.0006320112853888442-0.00018242567938669203j),(0.0005491168457342809-0.0002477917687836175j),(-0.0008526600827834175-0.0028404363270393244j),(0.0030749543714220125-0.0028382496517160936j),(0.0026684296118858666+0.0010793335571319248j),(-0.002865706460678459+8.967724559210766e-05j),(0.0018263754630227541-0.005852149725559957j),(0.002200656492057822-0.0010185724953008079j),(0.0022712664841015424-0.0022656382020495728j),(-0.0035693462605301636+0.0006394553739707512j),(0.002734356091594715+0.001051276824159771j),(-0.002799562011409913+0.00014228936167736176j),(0.0017214067562259438-0.005931842247842575j),(-0.0003590904747629858-0.0018882301583352838j),(-0.00037552279934318907-0.00023890564797164312j),(-0.0024880657314742542-0.0028066276033987046j),(-0.0003787044035754974-0.001958101743806476j),(-0.0002853378967280436-0.0003104053290244272j),(-0.00251177058108681-0.002803132499566069j),(0.0013055636038879455-0.004712883955067736j),(0.005676633799945565-0.004422945199503527j),(0.001134247317931833-0.0071318807176066j),(-0.0010537500640349314+0.0017025374903567696j),(-0.0005403192969865819+0.007212997286606101j),(0.0018391402294701843-0.006631256347833408j),(-1.8441641190277666e-06+0.016216457076720474j),(-0.008026855467714119+0.010873217653386278j),(0.0017545686146681013+0.002681540129040063j),(0.0013612964502275492+0.008750489658622511j),(0.9913839442479547+0.005468208618884427j),(0.001252555609637648+0.005365477612734019j),(-4.569040937761398e-05+0.016040569213828626j),(-0.008024267156313346+0.010405828877570515j),(0.001786873708710142+0.00245838305582503j),(0.003643248676258804-0.0002708433082614604j),(-0.0060927900616049545+0.005054795147057593j),(0.0006397630931976967-0.0005121627401043671j),(0.004186664145418112+0.0006116314285020824j),(-0.0056262672189285115+0.0032501551722021746j),(0.001040840744746599-0.002739270053863046j),(0.0036040902002390835-0.0012887774312706993j),(-0.006180169520954281+0.004936911470757074j),(0.0004739425234439376-0.00047161058529865754j),(0.0002211049663105687+0.010915508809179613j),(-0.0065305332098922605+0.0058721344384473515j),(0.0017823812001587312-0.00028615186306907466j),(0.0007207356976908654-0.0023524737484880475j),(0.0014891177468737652-0.0021639084148816403j),(0.0014026035708903715-0.0020291180208718428j),(0.0007555224820933048-0.003342381259176871j),(0.0021208884294992027-0.0027374149027977763j),(0.0013729833086608186-0.0021178863401080422j),(0.0013085081897056326-0.004721018265379089j),(0.005684409621392183-0.004438484136652406j),(0.0011329345434034149-0.007131891686496477j),(0.0009689799172620095-0.0017497127248099944j),(0.0008309846806468203+0.00044393608454340247j),(3.0128609608397108e-05-0.0020285520678627817j),(0.0010578946278699348-0.003910358963706366j),(0.0012494058422153002-0.004436244239442726j),(0.00548478975479984-0.004368813453387943j),(0.0008967196611897567-0.0064776665948535j),(-0.0023267469710622148-0.0014316925293554796j),(-0.011191351233590994+0.0038398380721252085j),(0.0019123249768179377-0.0016115564744953695j),(0.0004495087181546516+0.00034074841897285775j),(0.0003379599669613004-0.0023970142392684296j)
58,(1.7102512283850125e-06-2.601133932566246e-06j),(3.7176041373099076e-07-2.8531346921201956e-06j),(-2.082011635606834e-06+5.454268617918294e-06j),(7.471348589002817e-07-3.8007495533425024e-06j),(-1.2436795232049904e-06-8.645651536935136e-07j),(-1.70746498912575e-06+2.3789057138996117e-06j),(-0.0003405720350922761-0.0005004084584871245j),(-0.0004172148744906091-0.0002703444334756568j),(-0.00039384521975812796+3.3283717504327924e-05j),(-0.0004895433600804432-0.0007310601917341737j),(-0.0006173694609718374-0.00035036493626044735j),(-0.0005682593712760332+0.00013681189047361686j),(-0.0011826781428482393-0.0024314285843917254j),(-0.0022889468172688516+0.0006826808923957325j),(-0.0014910226052186396+0.004077605641071623j),(-0.0026260199931672167+0.00035738727923733814j),(0.0016778849511278934-0.002543013576677882j),(0.000607480864303769+0.0033530064788383543j),(0.0023561902727931242+0.005495524205918763j),(0.0008652886871215561-0.0016108140803227206j),(0.0022150018647532923-0.0034249724702509494j),(-0.0014277276875816064-0.0006507261743850675j),(0.0008988400283385933-0.001649861723172959j),(0.0023150847132441836-0.0035887704407393216j),(-0.001523855927723544-0.0007424314555875184j),(0.0008979232524420945-0.0016478869313871147j),(0.0023143416980072164-0.0035894618223871796j),(-0.0015256226171306234-0.0007426009162414167j),(0.0008566222096193419-0.0015575393187968521j),(0.0008962132913968396-0.0016669161957353232j),(0.002273552714929676-0.003580336596769325j),(-0.0015850175527517716-0.0007161759621467115j),(-0.0011687839959024526+0.0028722834861241945j),(0.0002510939376376877-0.0020871745999578323j),(-0.003748645412913049+0.0013646234381945038j),(0.0013728769847967885-0.0019179271244330791j),(0.001249429628466207-0.0026412676511765832j),(-7.590060179157821e-05-0.001999564427159651j),(-0.0012409091615547562+0.0029564340280980126j),(0.00027303023847354837-0.0020963603108896684j),(-0.003732081619911941+0.0014517129075102483j),(-0.0015905021041631405-0.0019494618971275472j),(0.0031609641063696015-0.0052707477918690435j),(0.0007177690939952463+0.0013857904598910853j),(-0.001597474127537964-0.001975141817591961j),(0.003133144466562352-0.005238600154117479j),(0.0008088018464314992+0.0013232891090329128j),(0.00047972733345674035-0.0020360883828706763j),(-0.001727275401515447-0.008501566953340206j),(0.007165691710610692-0.010953801969264891j),(-0.001012415427674869-0.002166626515491177j),(0.0034135637610610177-0.003029801301039945j),(-0.0005690093261015367+0.018177605716735754j),(-0.00035561021129563715+0.0031512476262438253j),(0.003548462145572971-0.0008988729961801854j),(-0.010002051727420476+0.018945833769253097j),(0.00031172777803026243+0.0038471473877516394j),(0.001252555609637648+0.005365477612734019j),(0.9899291107759316+0.005311861499000818j),(-0.0003790402896866351+0.002674546718759172j),(0.003710271896269093-0.0016698747335122874j),(-0.010016004490032324+0.018754065206469835j),(0.002323009470493617+0.0022732886807263174j),(-0.0011893297626980523+0.005180485911540423j),(-0.005340710957989179+0.0019120427879211815j),(0.0023470340690104376+0.0021390298179700244j),(-0.0017165749281508509+0.004129834701663028j),(-0.005315533525008159+0.0022337347480612447j),(0.002514989735701855+0.0019611286100817407j),(-0.0010658475324159533+0.005101172643465747j),(-0.005017209693068781+0.0010176031369725988j),(-0.0003440896038247412-0.00042810593198733086j),(0.0036489739279864765-0.005411375093973259j),(-0.00787013527844328+0.014988263184249676j),(-0.0004491735970974717-4.5305822100457846e-05j),(0.0013605371090241497-0.004829177964687396j),(0.0026570089432955083+0.006842348455105241j),(-0.000457569026198073+4.998000829237875e-05j),(0.00117645859093933-0.004711291952542449j),(0.003485496084509098+0.006255434017927193j),(0.0004814914162425662-0.002035937945243858j),(-0.0017338855506763779-0.008508381925352105j),(0.0071754358575705215-0.010992154840382526j),(-0.00025690784708042773+0.00021283287759662708j),(0.00010958285342170396-0.0029846928947800657j),(0.002355582549619641-0.0014246700056678142j),(0.0012872530946218198+0.003921926231126982j),(0.00035985495154108806-0.0016140032876559005j),(-0.0017880226935399093-0.007893635701134862j),(0.007084927498298173-0.010896623572118075j),(-0.0025464405183687885-0.007839623433608868j),(0.004386529671189726-0.0024590654851543194j),(0.0007959253810314517-0.0006816365826780695j),(0.0005695986245203556-0.003804332934797953j),(0.0011833064855027334-0.002081491506024937j)
59,(-4.682048318535448e-07+7.043744228461963e-06j),(-5.197950609704507e-07+5.017514596920148e-06j),(9.87999891440001e-07-1.2061258819515433e-05j),(-1.1098999425980258e-06+6.211992917317541e-06j),(-4.762994827244381e-07-1.7707300538908162e-06j),(1.9954893861344585e-07-7.466548252843529e-06j),(-0.000221933590606382+0.00017460873995062885j),(-0.00032707592759646516-0.00035739647556840573j),(-0.00036118942968390417-0.0008582510035020607j),(-0.0002787048787565797+0.0003732737119570026j),(-0.00044617107009127944-0.00044659608109314105j),(-0.0004904133192440593-0.0012505537169389485j),(0.0009142100965407005+0.005859708752168215j),(-0.00015362709689238315+0.0015181808399261304j),(-1.0714688862393986e-05-0.004042923908293014j),(-0.00017956084473535138+0.0007044369899074842j),(-0.0006914749674926694-0.004358104473305765j),(-0.001026216376194847+0.0020864014568891037j),(0.0019130250501946818-0.004087564626877014j),(-0.0005908901840966331-0.0028563830727420664j),(0.0011949489052610796-0.000873532910943507j),(7.512899267612488e-05+0.0010166154338257208j),(-0.0006378796039051925-0.003061033811186679j),(0.0012567608412604899-0.0009537377675251819j),(6.26763607353895e-05+0.0010414314460789435j),(-0.0006369719325046148-0.003061054824174467j),(0.001256881702473003-0.0009550778717677957j),(6.2889915097322e-05+0.0010390531730838748j),(-0.0005948686098503941-0.0030708399961395993j),(-0.0007277348517163074-0.0031628764139975075j),(0.0012531620715896404-0.0009997425123631095j),(8.048402544529084e-05+0.0008988079780543187j),(0.0018732068070106559-0.0031188432332445995j),(0.001127972917711965-0.002272513201991222j),(0.0012171498628003718-0.005553455195104424j),(-0.0012332311448664131-0.0040331939826946245j),(-0.0016890546228029665-0.005717816530969648j),(0.0005128362182742082-0.002462974319138079j),(0.0019269288629987892-0.003095927678453148j),(0.0012270963628550494-0.0022262194580869553j),(0.0012616185889183112-0.00573039071479353j),(-0.002125342881087573-0.002877710351252158j),(0.0021605586681850185+0.0008250135079310066j),(-0.000306498071939742-0.0018035404828255835j),(-0.002124451704748799-0.00292175149489435j),(0.0021201279969179374+0.0008542286055302506j),(-0.00034413344468215703-0.0017183912167592643j),(0.007477572645733475-0.011220100817877809j),(-0.0008596557797187696-0.005488385190844822j),(-0.0009946603814912414+0.0007060246303444186j),(-0.0015099416514981678+0.0032560413817106504j),(-0.0012492236550182805-0.0024292900415763038j),(-0.0007370209013220875-0.017045564007667796j),(-0.010478644179917396+0.011621491962190176j),(-7.493959431543502e-05+0.02279297640687876j),(-0.0009174829320529822+0.003196639967585988j),(-0.006187425622561387+0.009320566042578499j),(-4.569040937761398e-05+0.016040569213828626j),(-0.0003790402896866351+0.002674546718759172j),(0.9889786076462916+0.00912849620549208j),(-3.214935270017601e-05+0.017114388774621268j),(-0.0009277897843093778+0.0017981821574773182j),(0.0010512636043464064+0.0022253000447514295j),(0.000711002300593282-0.0013498346096294843j),(0.0006299943645118023-0.001033837178755919j),(0.0018881542189037378+0.001996710119709506j),(0.0006789365697619455-0.005730063634807525j),(0.000722859199280191-0.0021421927162117715j),(0.00130998601911207+0.001700150738887055j),(0.0008034036387911429-0.0012224541430141931j),(0.0006782177090826803-0.0009992885818697148j),(-0.010551434442893807+0.010803292591889583j),(0.00103344352550089+0.020778505741294428j),(-0.0003622393626656539+0.006970725866753756j),(-0.0044854448223696315-0.0029828970905560973j),(0.005817466589582073-0.010397278537019548j),(0.002813483806757078+0.0027850097402745922j),(-0.0040050813696116995-0.004103344396514164j),(0.006194402795189442-0.01291494612019948j),(0.0030671689908539973+0.002382659039579245j),(0.007488786381238311-0.011238744328864419j),(-0.0008591146330031959-0.005491252323070065j),(-0.0009951481343414541+0.0007303089135344528j),(0.0012006349511121095-0.0012392755539035025j),(0.0007971849777936967-0.002538534132621012j),(-0.0010949594990271433-0.0001944765403591377j),(-0.000466236293868004+0.004274782366846993j),(0.007326547096120172-0.010866591574915043j),(-0.0008541582606266911-0.005106862012560597j),(-0.001215438399563456+0.0013180489326442835j),(-0.0016232708119512675+0.013314649181358077j),(0.0020914345891038127+0.0026802541921566447j),(-0.00041412014699413125-0.0013328167659605388j),(0.0012607609520658384-0.00143025877134579j),(0.00036350307857259753+0.0002899217165426489j)
60,(8.624549459990221e-07+5.512481989699054e-06j),(9.63273249311324e-07+2.8422294638439454e-07j),(-1.8257281955852066e-06-5.796704937363468e-06j),(5.3417920381500235e-08+3.239972027810351e-06j),(-8.476744374163483e-07-3.0282229940253384e-06j),(-1.9302498936907094e-06-3.3627602150639684e-06j),(-0.00034639193769815636-5.3075753072372774e-05j),(-0.000516431346690162-0.00045748469981585444j),(-0.0005991516273272193-0.0004736532478422843j),(-0.0004600197319087697+3.075368349835536e-05j),(-0.0007343213912651385-0.0005945532775317503j),(-0.0008477773904280052-0.0006249000407546881j),(0.00038260173849944735+0.0043650490075953586j),(-0.0015614138610632693+0.000952385838427905j),(-0.0015529053143735986+0.0005930456872585742j),(-0.001655809802232247+0.00015077267464717837j),(-0.0005782809150675383-0.002989911363122595j),(-0.002532497922834386+0.0014787325256614844j),(0.0023187160814815487-0.0012335669566158436j),(0.00032133996501392914+0.00025094091646271334j),(-0.0015467690500365668-0.0021214589005804432j),(0.0015462163676350734-0.0013497756344361175j),(0.0003563692173599646+0.0003769108946936072j),(-0.0015623063608676813-0.002218622902686811j),(0.0015798935747715719-0.0014556410943189395j),(0.0003573476846688874+0.0003782146478044153j),(-0.0015619732065922736-0.0022187687243655167j),(0.0015792845111094295-0.0014576112925035857j),(0.00039657298872602595+0.00042284105897157033j),(0.0003766121758929284+0.0003400326209123477j),(-0.0015490125610218438-0.002204034988526451j),(0.0015554428200726654-0.0015486796973083984j),(0.002018554108028327+0.0024496141376179493j),(-0.001016114028520876-0.0009081750769758348j),(0.0006446112638244872-0.005282315658392517j),(0.002418477656040013-0.0008299358817138742j),(0.0021779172916737014-0.002387886824472216j),(-0.0012408343650186884-0.0004698472826151481j),(0.0020440058693496606+0.002397273614569609j),(-0.000887164144871536-0.0009731211787400002j),(0.0006332989923578287-0.005409026248891635j),(-0.0008655083130696565-0.003143125509692828j),(0.0025219710364836035-0.0039369165806917026j),(0.0012919875669443117-0.00299773079890029j),(-0.0009128710048096476-0.003226425328887151j),(0.00250029559363018-0.003934064472706468j),(0.001267497256587812-0.002961363757864827j),(0.0020770870834438872-0.005268476874365367j),(0.0029790564313830767+0.00015682302566009823j),(0.00035311301462144463-0.0035808732095639426j),(-1.4345510860452491e-05+0.004958906819560578j),(-0.0089426447173576+0.01238916063592689j),(0.003562385538432503-0.009809366232037979j),(0.00020624274678247265+0.02275994119738193j),(-0.013912075939751023+0.01219315976418033j),(0.0055497901499375335-0.00115474570897337j),(0.001708848288892533+0.013418703200881671j),(-0.008024267156313346+0.010405828877570515j),(0.003710271896269093-0.0016698747335122874j),(-3.214935270017601e-05+0.017114388774621268j),(0.9857055043248236+0.006121124353538563j),(0.005595853702412869+0.0005226015811371568j),(0.0032873394814586414-0.006346492932057826j),(0.0018214162916429457+0.004267457236954365j),(-0.0010838275491452636-0.003471994287539077j),(0.00404029025589669-0.01028080519530453j),(0.00417155377999766+0.00368651396958855j),(-0.0013758042603775537-0.003134659101075279j),(0.0030911464136160706-0.0065363118844639564j),(0.0016024312960495309+0.004009707352607816j),(-0.0014062882507367227-0.003746219484359687j),(-0.0005058227661236277+0.021413341534013836j),(-0.011403196101647424+0.007807118274374254j),(0.004394356345640874+0.001860114638855057j),(-0.0005936962044918725-0.0046422819926882995j),(0.002644505758473092-0.011301961602640465j),(-0.0022062924786548817+0.0029812656140796954j),(-0.0005939104477987211-0.006744481584448129j),(0.003736938575869-0.012813971478964127j),(-0.0027263362494420987+0.0030224408606819853j),(0.002079739083162955-0.005282073693988517j),(0.0029952119966794957+0.00013978355335843838j),(0.0003488294514004498-0.0035721499706560128j),(-0.0005954091886166725-0.00041940637865509024j),(0.0013843105451865649-0.00024682299656230994j),(-0.0005142051869909628-0.0009959667679592223j),(-0.004226150958563642-0.001706230958622006j),(0.0019279213933919262-0.00514834077566806j),(0.003285526204418656-0.0001477610513727776j),(2.819273361614623e-06-0.002972579020261065j),(0.0001913976584203038+0.002281289525622919j),(-0.009308320975027356+0.006950403279627494j),(-0.0007311947539882425+0.003106014716097966j),(0.0005465226679712061-0.0023921005498518874j),(0.00026097146686877783-0.0005677312663887546j)
61,(5.701799581437259e-06-6.470911372106262e-07j),(-3.0276698134188945e-06+1.4187314796925646e-06j),(-2.6741297612338304e-06-7.716403471876249e-07j),(2.789969051421143e-06-9.454147831437681e-07j),(-3.7108115033966706e-06-2.8205270073509856e-07j),(-2.413069768062797e-07-1.8469678536502304e-06j),(-5.654544027205473e-05-0.0004406101015242205j),(-0.0004968464515395767-0.0002646514436466685j),(-0.0002580711678630735-0.00043724120064766157j),(-3.168951975125343e-05-0.0006207281034094935j),(-0.00073502240280891-0.00030830372724485034j),(-0.0003446953125171584-0.0005903490320893566j),(0.0019583332395700804-0.0011978045532711969j),(-0.0028178568714416147+0.0021655195150271393j),(0.00019377754860599138+3.6940579053536954e-05j),(-0.003989817393309918+0.002090347721288091j),(0.0015093443525428525-0.006329455273178184j),(0.0022593255470102183+0.002919432385993988j),(0.0014979451806674251+0.0005214950688566741j),(-0.00046648707272482944-0.0007225786865031887j),(0.0027075543825262807-0.0039084080016796256j),(-0.0026534063266437018+0.001707656440988744j),(-0.0005353399582355881-0.0006331316716779746j),(0.002779851635351308-0.00411021853941731j),(-0.0027572854222936297+0.0017183008687898277j),(-0.0005348892221665653-0.0006309664769308752j),(0.0027783843205430696-0.004110499944800452j),(-0.002757592144687746+0.0017168611272803153j),(-0.0005056126415146587-0.0005590706797503084j),(-0.0005878456497358328-0.0005945174728582989j),(0.0027132935336769233-0.004083058893190374j),(-0.002748918509878495+0.0016428558407368984j),(0.0013566868055364997+0.0021550429715495173j),(0.0001293560478919736-0.0018929499904521549j),(-0.0017157426100966138-0.001574357483637057j),(0.0015497499599495194-0.0014870023457216588j),(0.0014651318072788416-0.0031091920988509667j),(-0.0006744441837038556-0.0013799764886766692j),(0.0014401811022455306+0.002143517053936333j),(0.0001850747660868794-0.0019053413794786647j),(-0.0015564862098986943-0.0016586990114059986j),(-0.0008926938484894022-0.003017795388093363j),(0.0023345359871200662-0.004189531702227777j),(0.002047953965558819+0.0015542230344911872j),(-0.0009313815544404121-0.003051978017132896j),(0.002305627383473814-0.004192898258445426j),(0.0021143492373657596+0.001515029892548821j),(0.0001058664995949201-0.001557687754600925j),(-0.0011710878901243758-0.007800309357393814j),(0.0059189023275300736-0.010700224118876075j),(-0.0019045937391509223-0.0003460447941345101j),(0.005521076715717184+0.00267656063424912j),(-0.00610859385535787+0.03597872651429926j),(-0.0008084965593255604+0.0037702208638996162j),(0.005389683881225865-0.0002513644869880354j),(-0.014824751706137135+0.0282260801270816j),(0.0008023146902468515+0.0021718417133492467j),(0.001786873708710142+0.00245838305582503j),(-0.010016004490032324+0.018754065206469835j),(-0.0009277897843093778+0.0017981821574773182j),(0.005595853702412869+0.0005226015811371568j),(0.9847414788572962+0.01785223770658382j),(0.004159040361248412-0.001699992099092545j),(-0.0028483326148599736+0.004178234964136011j),(0.0013786142541895364+0.00014066348466431223j),(0.00398634447985993-0.0016960238798875843j),(-0.004360619902782226+0.006497221929230721j),(0.0025149794114221456-0.0024526658314423396j),(0.004507755596012493-0.002107976270719311j),(-0.002576200992969125+0.003215609750463577j),(0.0018944039818454875-0.0004887670880146093j),(-0.0011167700253237652+0.00509353371592829j),(0.005176532126886613-0.0015915968809351987j),(-0.012150402103554923+0.020818756232156798j),(-0.001547324012171971+0.0028686375780808465j),(-7.922504399722344e-06-0.004311737759048095j),(0.002597303921374553-0.010070682787958887j),(-0.0015807017498917597+0.0026618379309006593j),(-0.0004258160955680735-0.00453157071254667j),(0.003745325451140453-0.012486796936036614j),(0.00010830259516971739-0.0015593899317298723j),(-0.0011798862678816869-0.007814091647717718j),(0.005934874412335384-0.010762644236585227j),(-0.0002779125694604116-3.3853661224683964e-05j),(-0.0007352862395421731-0.0014238565979486275j),(0.0026469494465655944-0.0013448553446728387j),(2.2311313858089593e-05+0.0008402820505293996j),(-6.696659003786872e-05-0.001022592529357208j),(-0.0013744783553305165-0.007307370568366006j),(0.006285938617069815-0.01116434233720087j),(-0.00331658976182035-0.007302335078437335j),(0.005533144319386499-0.013760270527631211j),(0.0006207862950108972-0.0006649314600661114j),(-0.0005998316470606674-0.00022146370903558608j),(3.787064854933771e-05-0.0014985542544123705j)
62,(-9.93815834429959e-06+1.1086728463873145e-05j),(5.5901465357687315e-06-3.328609416418868e-06j),(4.348011804034482e-06-7.758119037833253e-06j),(-6.070577310748975e-06+8.584834339286558e-06j),(5.4092711569441936e-06-3.880245655336059e-06j),(-1.005805703742015e-06-1.7960820101204348e-07j),(-0.00031601666711233474+0.0013002041129423797j),(0.00025845318183385593+0.00021861383720558642j),(-0.00014735250386654268+0.0005653806678876392j),(-0.0005226985534285038+0.0019936690145796908j),(0.00039452880868864665+0.00023242215367537638j),(-0.00026541398464630236+0.0008069055695288223j),(-0.004184565192284325+0.010342137315460766j),(0.002084339717547721-0.00291907716470405j),(-0.0028757731999502637+0.0017925707132516828j),(0.0031609012183242023-0.003906492754853953j),(-0.0029700859251479365+0.010246663100085866j),(-0.0027574639714005016-0.002088682779908224j),(-0.003179787619102638+0.0021047488980410096j),(0.0030625007782466764-0.005325143871404234j),(-0.0013923677403858664+0.0008110927013233057j),(0.003984907647244468+0.00019497707313462492j),(0.0033578327923651577-0.006047372650702202j),(-0.0013856256629229172+0.0009364941803283598j),(0.004142814921619008+0.00017905073156773005j),(0.0033556845252548486-0.00605144551713657j),(-0.0013829554169178082+0.0009348209853566932j),(0.0041419761193399775+0.00017592268560206754j),(0.0032257864717987967-0.00615571383327392j),(0.003527696922380124-0.006541464712754619j),(-0.001273445144172059+0.0008379699876682411j),(0.004059383107833412+4.2118810991252295e-05j),(-0.0048913225674985985-0.00683477467765825j),(0.0023184867758155457-0.0030578338760018572j),(-0.0011822406689406735-0.004871830897410635j),(-0.001560462197104063-0.005546221841586343j),(-0.00277395678867807-0.004128898551647929j),(0.0033781027038542366-0.003521870096576249j),(-0.005314420055673397-0.006603605040569145j),(0.0023496346828133785-0.0030708010475507226j),(-0.0014980783344281587-0.005064854709979932j),(-0.00606787276002148+0.005433204014546354j),(0.0038342668562136705+0.0021519031511503042j),(-0.003622890749785077-0.004901624937874898j),(-0.005965755990825248+0.005494456720236301j),(0.003786122180663619+0.002215838941277977j),(-0.0036599224112202795-0.004882050847519935j),(0.011257032249396306-0.011828604437689225j),(-0.005800553288390697-0.006517278520904496j),(-0.005170615171698569-0.004853154518102587j),(0.013224149570626384-0.012259090292193806j),(0.0006635595178334835-0.006250657998132937j),(0.0011528478709241863+0.0014018885631650946j),(0.000505765107677563+0.0012554846467539137j),(0.003334433551135843-0.005912745430143531j),(0.003981747608864169-0.0012448190439244972j),(-0.009963873930430429+0.0034515070145310564j),(0.003643248676258804-0.0002708433082614604j),(0.002323009470493617+0.0022732886807263174j),(0.0010512636043464064+0.0022253000447514295j),(0.0032873394814586414-0.006346492932057826j),(0.004159040361248412-0.001699992099092545j),(0.9758184594354365+0.0007811997892542567j),(0.0032719089055284842+0.009664452442734301j),(-0.000599267930160588+0.006339321136963737j),(-0.025385247540113648+0.009306635851348399j),(0.00305101903094148+0.012850996476887765j),(-0.0010802556621513264+0.009297163573328578j),(-0.024564045583644528+0.006137968067042808j),(0.0034141472889122207+0.015467337937380303j),(-0.00066309478298582+0.008953488602149923j),(0.0021422471727778726+0.007897036761508056j),(0.002394789889033328-0.005283385918891204j),(0.004053080974996702-0.0030260250668654133j),(0.0010197076371853432+0.023120806746975392j),(-0.0014987331232718538+0.008091393489198778j),(0.0015574486128244163-0.0026789051430826j),(0.0009226778055346483+0.024288282905823775j),(-0.0017968141018393211+0.009193793218371927j),(0.0013599956427850324-0.0026188984461569184j),(0.011253091403365882-0.011826743430191723j),(-0.005808806809723475-0.006516004291414071j),(-0.005179235310639395-0.004861683780141818j),(-0.0017917568514660381-8.54815393412818e-06j),(0.0034181967400791482-0.005944298460192895j),(0.0009979550741046257+0.00014413137483913112j),(0.004280075787312549+0.007428497435204432j),(0.01022193309150509-0.01078434470147964j),(-0.0054130308000429166-0.005948042267049867j),(-0.0048084567322806675-0.004785694400257563j),(0.015670934146583174-0.017385650366416858j),(0.004925197660492188+0.014580483077055534j),(-0.0016379920885448444+0.0007601254382797543j),(0.006968345476554442-0.012796662577816332j),(0.0033925060622280617-0.0010535228882402323j)
63,(-3.922435453823e-06+8.704546392150061e-06j),(5.179805554109537e-06-1.438847415122791e-05j),(-1.2573701078731776e-06+5.6839277588259825e-06j),(-1.2741798452234232e-06+2.4314034106093432e-06j),(3.3345215193632232e-06-7.415945422966398e-06j),(-2.7908814244721923e-06+8.873251049249678e-06j),(7.344115199763597e-06+0.0006221427599033188j),(0.00016204106810769695-0.00019261689435994j),(-2.9114610467747756e-05+0.0012079791581335265j),(-4.640963127480535e-05+0.0009759993184601957j),(0.00021065591739607775-0.00035757736574267484j),(-9.95830151840247e-05+0.001911518869703496j),(-0.00256202908975976+0.005910021991511153j),(-0.00036481154872149797-0.004441825240424415j),(-0.0027328055389152827+0.012189948524492431j),(-0.0006919868811815903-0.0058588665484403165j),(-0.005687595562633687+0.009433193695175961j),(-0.001523237025111456-0.0002547126467740456j),(-0.004511742619434461+0.01145984634047689j),(0.0006921529944799658-0.0004613319755520343j),(9.752033117485992e-06-0.0035505479507721353j),(0.00460032741974456-0.004406294507440357j),(0.0008750548221005063-0.0005783772077459547j),(-9.960287965962207e-05-0.0035674132215717303j),(0.004859314487162928-0.004705024638343923j),(0.00087671871308018-0.0005806729695246966j),(-0.00010148889177747053-0.0035657505847342622j),(0.004859914876653767-0.004708159179353608j),(0.0009217620635140233-0.0006311529824418109j),(0.000806053395567831-0.0006372036983715175j),(-0.0002010059102657096-0.0034694227712364755j),(0.004842402216344062-0.004762479999906855j),(0.0027894265420219514-0.0015044713774763302j),(-0.004533276526664883+0.001205515372524322j),(0.003270887969081945-0.005080654344768053j),(0.0018968335383063985-0.0016531639368383465j),(0.0024726459200167953-0.0018751116764288266j),(-0.00547380003593762+0.0018029395590384652j),(0.0028871345633588916-0.0015342926403979276j),(-0.004592067595638688+0.0014000612603652465j),(0.0030438996782343923-0.005068711950272668j),(0.0010576110243750185-0.00041467956585986314j),(-0.004969342954729024+0.004269979584476467j),(-0.006879968735315742-0.0031935301150112726j),(0.001080720003119043-0.00044722359752983427j),(-0.004740345377661867+0.004127754381436206j),(-0.006894581976881479-0.0032543507945350676j),(-0.0010347365293558414-0.003009128946241557j),(0.00941592458594156-0.008044792100474665j),(0.002341212086432116-0.011681057027272224j),(-0.002089602458521286-0.0031740832131669054j),(0.009662039825313651-0.004872108942623802j),(-0.0015395772590177412-0.00013665697920769299j),(0.0006470635341860448-0.0009217040406501354j),(0.0015155929183915244+0.003779411385013017j),(-0.0028419452285527672+0.00423301182229358j),(0.001459263627530064+0.003294862699536438j),(-0.0060927900616049545+0.005054795147057593j),(-0.0011893297626980523+0.005180485911540423j),(0.000711002300593282-0.0013498346096294843j),(0.0018214162916429457+0.004267457236954365j),(-0.0028483326148599736+0.004178234964136011j),(0.0032719089055284842+0.009664452442734301j),(0.9829341447536953-0.0005638871457156929j),(0.0033793846461343795+0.0026699087497921077j),(0.0030474455553714734+0.012499419512283257j),(-0.018166510251128504+0.008078885442057197j),(0.003326634924915463+0.004896980136424939j),(0.0035762632719113976+0.015203409319393573j),(-0.017141194593336486+0.006114705010831535j),(0.0037318707260988906+0.00281900759305522j),(0.0012502595983872006-0.0016874054436152586j),(0.0014750246654945494+0.006812524331171577j),(-0.0014829624428422047+0.0020463076278057907j),(0.003125063233667845+0.0049281566325575996j),(-0.003800651859327117+0.012915793952326613j),(0.005291279627099649-0.007998320416226874j),(0.0032755967350017938+0.005490293690631549j),(-0.004220352994839643+0.013382160103189775j),(0.005825336812810238-0.008792335935562716j),(-0.0010336031676341526-0.0030080539215501453j),(0.009414180259872857-0.008048241296208425j),(0.0023455956436991207-0.011695637730114299j),(0.0031834765354817433-0.003237125440296279j),(-0.0003065754069495358+0.0014011943422584214j),(0.0007718198657949986-0.003156158904569842j),(0.007655348222094495-0.0064445678320400575j),(-0.0009307098699156142-0.0026311953222003803j),(0.008529273448585435-0.007449767674835874j),(0.00232933655333372-0.011096260746533842j),(-0.0035248983248409946-0.0031461945083262545j),(-0.012082529263059517+0.001336257406674357j),(0.005237321876880572-0.007912058288536127j),(0.00012736128338772495+0.004035838982777198j),(0.00030395486704230904-0.004665229902021177j)
64,(-2.274291861868128e-06-7.1442719194715736e-06j),(3.184521136309828e-06-7.762497423287877e-06j),(-9.102292691444932e-07+1.4906769333560326e-05j),(-1.2608543792475037e-06-8.336129231102498e-06j),(1.212150968000377e-06-1.9064387640963005e-07j),(-2.5293551345337794e-06+8.594364030176518e-06j),(-0.0005298872285984747-0.000521185764472495j),(-0.0001949235431943021-4.1119511874989414e-05j),(-0.0003237113305836571+0.000791063848197573j),(-0.0008335830618574189-0.0008243965828164234j),(-0.0003109835628457842-7.314887734054205e-05j),(-0.0005049396447173109+0.0012674804202312468j),(-0.004938065694672893-0.00517817244634745j),(-0.0019514787955667652-0.0006936517116620916j),(-0.002825051816924687+0.008806375159058591j),(-0.0013893080368925614-0.0007913802514951538j),(0.0022308491306498664+0.0028712565126903806j),(-0.0009210909211984247+0.0026584878702219936j),(0.0028980520416345156+0.010969418744053414j),(0.002396117140435296-0.0023408726763579973j),(0.001606186210365594-0.002849091551487786j),(-0.00015126631841632895-0.0037623589122557487j),(0.002546411505484343-0.0025393423877985498j),(0.0017315929713637636-0.0029488762681495954j),(-0.0002382226032306581-0.003960282732387857j),(0.0025436937185091242-0.002538131051518032j),(0.0017317987519339935-0.0029497939788077246j),(-0.00024139346643788475-0.003958108258119752j),(0.0024129260275821372-0.0024485816396421956j),(0.0026206184939815205-0.0025979849601979474j),(0.001725834049461765-0.002957751437149326j),(-0.00036782503865733104-0.003774364182954724j),(-0.004513933589299029+0.002809760887872527j),(0.0006392876838738741-0.0023747305144998683j),(-0.005792988042945693+0.006104852032434422j),(0.001103927060182997-0.002762786025639885j),(0.0011043081722107032-0.0019090113526140907j),(0.0010881771037876053-0.0028450779251299532j),(-0.004774766380402259+0.0029787729007116313j),(0.000577119517544799-0.002371758329549321j),(-0.005939930791815061+0.006413756280439296j),(-0.0017526389460067852-0.0005690231296804574j),(0.0031521985137489016-0.006213087490433646j),(-0.0007815591082644535+0.0002754082534601552j),(-0.001716424880378786-0.0005802919277109464j),(0.0031454306021085022-0.00613677579459041j),(-0.0006687096129070805+0.00020054993885713847j),(-0.00034692599816551627-0.003709737336615459j),(-0.0005152249925196662-0.00918577113561541j),(0.007776273809037499-0.006521944222513153j),(6.466495546387247e-05-0.0042440578326635595j),(-0.0028371554506846836-0.011571457662328493j),(0.007061121416891791-0.017783503442950623j),(0.0005635762979325223-0.0007839249602329852j),(-0.0010696584330720114-0.0036638859427310386j),(0.0010756025492214497-0.0007711857139734606j),(0.0002284867609917409+0.002829560292145157j),(0.0006397630931976967-0.0005121627401043671j),(-0.005340710957989179+0.0019120427879211815j),(0.0006299943645118023-0.001033837178755919j),(-0.0010838275491452636-0.003471994287539077j),(0.0013786142541895364+0.00014066348466431223j),(-0.000599267930160588+0.006339321136963737j),(0.0033793846461343795+0.0026699087497921077j),(0.9841862198848856+0.0020546175174720903j),(-0.0005731117583200927+0.00870862575512758j),(0.003720587667852707+0.0044016042731549075j),(-0.01606453214691725+0.010077875967225348j),(-0.0007163460034595988+0.009181904597230367j),(0.0033906313192153884+0.00366233464319905j),(-0.01605510770807665+0.012200220945444769j),(0.0009238071055303543-0.0019860455144839447j),(-0.0004186942821818344-0.002727197109442704j),(0.0013193211193672982+0.007240048623293787j),(0.001870653692565821-0.003711420913297578j),(0.003540395323010364-0.003074130283028816j),(-0.002376075598203169+0.031074298192540123j),(0.001947555841937796-0.0038302237395583787j),(0.0038587043861562417-0.003116341993754662j),(-0.002664000521152972+0.03293886311465901j),(-0.00034772177063037185-0.003708606775953532j),(-0.0005118343985343281-0.009181746985526486j),(0.007776253106577791-0.006505693787397026j),(0.0002864779789903823-0.0001361510880493826j),(0.0009912159897016496-0.00403107390037009j),(0.00116624867457831-0.0016327219958730621j),(0.0030664040587416674+0.007576940398046402j),(-0.00031873157736493564-0.003550531589693066j),(-0.00034514448625362734-0.008441224917382768j),(0.006989203699143031-0.005643175770137763j),(0.00016944043561196672-0.0018240735399944748j),(0.00042044410508395056+0.01505629783752912j),(0.0010325638849009817-0.0009655131850251653j),(0.001547825608369378-0.00760451910475388j),(0.0028611409188306187-0.003127901818097818j)
65,(-1.0489904479917006e-05+1.1159036776587356e-05j),(5.900459469159469e-06-3.726890037052893e-06j),(4.589445005671382e-06-7.432146729784537e-06j),(-6.3717168920520444e-06+8.646217476752518e-06j),(5.737531816201568e-06-3.894766897741143e-06j),(-1.0373108926912148e-06+2.5392446090439277e-07j),(-0.00032136364190440373+0.0013651918789613993j),(0.0002957384936981829+0.0002644770228139772j),(-0.0001291684065965361+0.000651956344242596j),(-0.000537466255011322+0.00208546769784985j),(0.00044755460011097965+0.00028951934315186935j),(-0.0002441415497906568+0.0009302456996000955j),(-0.004511690236772366+0.010527012441282315j),(0.0022043528116511453-0.003135374318921063j),(-0.003023153401585357+0.002070304870030385j),(0.0033605909122587474-0.004095782988551918j),(-0.0030334230610776667+0.011141346805160882j),(-0.0028798806808197994-0.002420912685081533j),(-0.00343230786997685+0.0023874362176184907j),(0.0033036430084079915-0.005461433647890695j),(-0.0015914546466756735+0.000936183941747412j),(0.004203678469428235+0.00013715763612896868j),(0.0036200959783813155-0.006215580026830232j),(-0.00158741791707987+0.001075724227002851j),(0.004369863754104073+0.00012028522548317242j),(0.0036177210917265673-0.006219908339921386j),(-0.0015845368154568744+0.0010740277715116124j),(0.004368943102511335+0.00011717049236606349j),(0.003475758685448995-0.006330428270090086j),(0.0038095611289834606-0.006734399751772925j),(-0.0014654480208433126+0.0009732687521389252j),(0.0042798145799846955-1.401708316209338e-05j),(-0.005377773362560563-0.007072572868506431j),(0.002459367072815709-0.0031289740412794613j),(-0.0013705929913395635-0.004751116026620265j),(-0.0015790267986861499-0.005651423828621141j),(-0.002843871834280915-0.004023586894153355j),(0.0036416432935829006-0.0036191791541097277j),(-0.005833516613573663-0.006830125094484013j),(0.002488407323540653-0.0031471515410807457j),(-0.001708075973283894-0.004942972958324254j),(-0.006318187952667463+0.00589676971127326j),(0.0040218852754435735+0.0021776824682833203j),(-0.003765116350792367-0.005090608173511662j),(-0.0062102740763128545+0.005966856273758184j),(0.003968710426104127+0.002245469729682907j),(-0.003800565750666262-0.005078963037709062j),(0.011480929610739706-0.011565583177082948j),(-0.006388698696336137-0.00641298043382414j),(-0.005270825617847554-0.005562542961338679j),(0.014225024614366559-0.013615040262468237j),(0.0011529907924532625-0.006286951582820841j),(0.000871111842947263+0.00390144989886713j),(0.0012636730586055328+0.0011128013839150595j),(0.004107140356138947-0.010045870393261904j),(0.0038045359187453567-0.001271916678016738j),(-0.010199010836486626-0.0002506339008320566j),(0.004186664145418112+0.0006116314285020824j),(0.0023470340690104376+0.0021390298179700244j),(0.0018881542189037378+0.001996710119709506j),(0.00404029025589669-0.01028080519530453j),(0.00398634447985993-0.0016960238798875843j),(-0.025385247540113648+0.009306635851348399j),(0.0030474455553714734+0.012499419512283257j),(-0.0005731117583200927+0.00870862575512758j),(0.9719650394252171-0.0007609881273588091j),(0.0030481522474442267+0.017007437661104862j),(-0.0007365881001885502+0.007893962299962264j),(-0.025721072180848875+0.010882629353280682j),(0.003030222859119562+0.011372837486752933j),(-0.0006942417577947067+0.008823844898389036j),(0.0031105383249136536+0.006431264024098128j),(0.002759236223682358-0.004768067973238135j),(0.004040820714996349-0.0022606428339234904j),(0.0012350083918693361+0.025257940295797403j),(-0.0023879995368335577+0.009395889367367006j),(0.0017957923798635656-0.0034866455612560833j),(0.0010750318505486725+0.0267676710175347j),(-0.002781554289114437+0.010452986456175505j),(0.0016153429657799212-0.0035747652452602155j),(0.011475792700583758-0.011561498303487823j),(-0.006398272125759602-0.006411569558173142j),(-0.005279185174954913-0.005575428678788803j),(-0.0020551130179263183+0.00016095229150389287j),(0.0035821112856848393-0.006188178491081876j),(0.0011988319724394558+0.00018299119542461526j),(0.004449640198909741+0.007670752632702875j),(0.01035856943988287-0.010464495085730337j),(-0.00596330758473583-0.005852109552181459j),(-0.0048408316424796505-0.005552766207633904j),(0.01685487315632802-0.019614558931806764j),(0.0057575750144716305+0.015454705680514099j),(-0.0017890249115037867+0.0009183250445538034j),(0.0074042563003032325-0.013570062755827566j),(0.003526587740052187-0.0010684568599812724j)
66,(-4.209052093115317e-06+8.70732168135797e-06j),(5.403459926271349e-06-1.5035046402621956e-05j),(-1.1944078412746952e-06+6.327724721800757e-06j),(-1.3840282090982435e-06+2.313223658418703e-06j),(3.5516453542212806e-06-7.534418181649476e-06j),(-2.838999478949749e-06+9.486687792282675e-06j),(1.6497123250159612e-05+0.0006555877769514713j),(0.0001943165634483328-0.00016823139116377143j),(-4.689444570190281e-06+0.0012958128826126795j),(-3.8664598397899606e-05+0.001021358454714376j),(0.00025574670275396586-0.0003298811953580177j),(-6.81166306713648e-05+0.0020420663506091888j),(-0.0027673471989138184+0.005925579957783632j),(-0.00030023571110594923-0.004674576880931999j),(-0.002808107155058649+0.012711290707694278j),(-0.0006133062277821442-0.006089246029657682j),(-0.005883730556287262+0.010117908160194856j),(-0.0015109753826464379-0.0004265507478630106j),(-0.004789478033669222+0.012009131796404164j),(0.0007680771748563378-0.0005049513230221065j),(5.418619678205811e-06-0.0035818273806522485j),(0.004764019860221463-0.004564164376652004j),(0.0009619995819748327-0.0006376148768905336j),(-0.00010805840388955945-0.003591899950944878j),(0.005032395881178001-0.004871124491583556j),(0.000963630046127614-0.0006401057272952949j),(-0.00010995702985563705-0.0035901593861852868j),(0.00503300445048874-0.004874264930095486j),(0.0010057998262373077-0.00069566112903685j),(0.0008962106891171693-0.0007019998366981388j),(-0.00021036764714260997-0.003491099262788112j),(0.005013601469175373-0.004924792292731765j),(0.002686886101336701-0.001702888459500193j),(-0.004603390039190207+0.0012805503948724699j),(0.003296723282840309-0.0049945387344002504j),(0.0018761127541707494-0.0017165645692450568j),(0.002468439445645998-0.0018300393011195862j),(-0.00555362596857394+0.0018731698676456294j),(0.0027802003249162996-0.0017305932924198814j),(-0.004665590246030735+0.0014845414691106082j),(0.0030568194030172434-0.004973196183332832j),(0.001079126786766695-0.00028046796910351744j),(-0.005167759254072327+0.0045494338992370376j),(-0.0072262889465613735-0.0031940246359427275j),(0.0011066461547320585-0.0003073093249112871j),(-0.004935283573114223+0.004405179877594836j),(-0.007237653662597168-0.003264832752794263j),(-0.0010756725290157702-0.0025532356167696398j),(0.009098312506758483-0.008057990326831138j),(0.0027112883353423776-0.012727367249345823j),(-0.0020369639708315923-0.0037138694342867297j),(0.011645240421702778-0.006723838502405013j),(-0.002368729143303642+0.0020406724805562427j),(0.0006056948489342497-0.005533499750310835j),(0.0038108093998205526+0.003172172432403204j),(-0.004346475079102859+0.006596968935011586j),(0.001391375873239579+0.003940767311123349j),(-0.0056262672189285115+0.0032501551722021746j),(-0.0017165749281508509+0.004129834701663028j),(0.0006789365697619455-0.005730063634807525j),(0.00417155377999766+0.00368651396958855j),(-0.004360619902782226+0.006497221929230721j),(0.00305101903094148+0.012850996476887765j),(-0.018166510251128504+0.008078885442057197j),(0.003720587667852707+0.0044016042731549075j),(0.0030481522474442267+0.017007437661104862j),(0.9781573458365111-1.0305977253486667e-05j),(0.0047025277848513946+0.000513792606291261j),(0.003223576091000397+0.011442685145342968j),(-0.017960564602035496+0.008398953574429905j),(0.003897209516906289+0.005066536700111919j),(0.001296645973801103-0.0012238099327181924j),(0.0030630945450644135+0.006375307360393809j),(-0.0022703335626879694+0.002910558097164064j),(0.00343896478230736+0.00676328018037781j),(-0.005296511917229304+0.014101441835934835j),(0.0063821021110049905-0.009556665010986945j),(0.0036109472051882607+0.007319447218416042j),(-0.005952588053368332+0.014707897790164993j),(0.0070549570899104555-0.01051071233823174j),(-0.001074557250338248-0.0025509401470703384j),(0.009093388523953461-0.008058867054097052j),(0.002717187184777634-0.012746210659884011j),(0.0032940725737750673-0.0031032547614544097j),(-0.0004205449446466874+0.0012771854333200972j),(0.0009591938354970189-0.0032531050476737934j),(0.008094865901242684-0.006545236085656653j),(-0.0009471186065089923-0.0021719805601192327j),(0.008118013699534396-0.007408731279555069j),(0.0027506585203635856-0.01216595790394984j),(-0.003554835439199089-0.003687486088071401j),(-0.010842602395049448+0.0008848217385248793j),(0.005397769626215845-0.008436816738304088j),(0.0003055139186370272+0.004178453505634792j),(0.0002566969954040297-0.004758828445287584j)
67,(-2.729745256065779e-06-7.688421574438842e-06j),(3.4986092983406507e-06-8.233324761998443e-06j),(-7.688640367511335e-07+1.5921746327176193e-05j),(-1.4997916041597687e-06-8.849868151868946e-06j),(1.4829979524385498e-06-8.064412234950219e-08j),(-2.6231957430597176e-06+9.235152885497257e-06j),(-0.000555375603896276-0.0005258705908329733j),(-0.00017288894949217418-1.4921983182194934e-05j),(-0.000319972900406396+0.0008692783381655784j),(-0.0008781267855099664-0.0008382528910194408j),(-0.000280508580559404-4.085330800963265e-05j),(-0.0005035442658503948+0.0013836982484261241j),(-0.005366868464180747-0.0054949881387611026j),(-0.0019116429871387616-0.0008233523644556088j),(-0.0029784775059710595+0.009273710847551957j),(-0.0012387009434445605-0.0008872439731843365j),(0.002325184737663019+0.00345257760288401j),(-0.0011117992972414477+0.0025646181645487117j),(0.0030064890969552826+0.011514229614340798j),(0.002586005958657033-0.002424379259834464j),(0.0015038198057586655-0.0027665941306320137j),(-1.4479843959632507e-05-0.004097587027133383j),(0.002750192381147523-0.0026409990377858324j),(0.001632503292626394-0.002858595755842631j),(-0.00010173931239031468-0.004306372358111411j),(0.0027472498908645082-0.0026398650073800713j),(0.0016328548736720377-0.0028595486919654675j),(-0.00010508824076147644-0.004303924198422696j),(0.0026054464959991085-0.0025501517323972254j),(0.0028358457658784553-0.002705613274728149j),(0.0016327079488057093-0.0028700857419390272j),(-0.00023973686527402024-0.004102518271718959j),(-0.004935113185842465+0.002815579883698991j),(0.0007267489361935649-0.0024211776455198035j),(-0.006062851665289665+0.006643262580548537j),(0.0010771841625754513-0.0028579927609832857j),(0.0010793673719523154-0.0018234997406964028j),(0.0012705774818045589-0.002958226009924552j),(-0.005219916695725477+0.0029944905961734845j),(0.0006585910615522558-0.0024186521989807523j),(-0.006227989958062463+0.006976951914043784j),(-0.0018087445234939148-0.0004215331379599854j),(0.0032538432647427505-0.006381678230931444j),(-0.0009049734985652384+0.00015972548651650514j),(-0.0017677831197835093-0.0004305718373661428j),(0.0032452776800018326-0.006298719778467951j),(-0.0007888093726706776+8.27317986320142e-05j),(-0.00037827012995377603-0.003816214607857407j),(-0.0006306897524476223-0.009129392153855286j),(0.00793064871487743-0.00613431548724655j),(0.00025571981040450095-0.004578762228903315j),(-0.003197416664059668-0.012792789599133006j),(0.007641903231136759-0.021405370512640326j),(0.000655822157606625-0.001993349349290912j),(-0.001355420314967293-0.0033523350819087477j),(0.0021788872949467233-0.0036312347464154807j),(0.0002111017771520491+0.0021465696681354325j),(0.001040840744746599-0.002739270053863046j),(-0.005315533525008159+0.0022337347480612447j),(0.000722859199280191-0.0021421927162117715j),(-0.0013758042603775537-0.003134659101075279j),(0.0025149794114221456-0.0024526658314423396j),(-0.0010802556621513264+0.009297163573328578j),(0.003326634924915463+0.004896980136424939j),(-0.01606453214691725+0.010077875967225348j),(-0.0007365881001885502+0.007893962299962264j),(0.0047025277848513946+0.000513792606291261j),(0.9813868619867957+0.0063820347479345875j),(-0.0012609185604408309+0.00958899200679727j),(0.0031040056413253873+0.006388515377517626j),(-0.016232738041191772+0.009416968926824056j),(0.0010279334834665307-0.001694544733358224j),(-0.0003631108167655837-0.0029623903173840475j),(0.001984510443136124+0.008189160009467325j),(0.002140832235972895-0.0037244905551290022j),(0.003455398140053894-0.0030664914762841373j),(-0.0027188922036107165+0.03347734508561971j),(0.0022313069166611495-0.003899413972247738j),(0.0037527052753401876-0.0030659486543997564j),(-0.0030775372378697386+0.035380112333669764j),(-0.00037935865219900183-0.0038147445808191655j),(-0.0006270006407676273-0.009123593804325852j),(0.007930054774150987-0.006112671253487547j),(0.0003048831765065886-7.385440380878842e-05j),(0.0010961181296595133-0.004221228335776566j),(0.0010543111521964371-0.0016477931506237709j),(0.0031658578155013134+0.008028215559716157j),(-0.00033661304535737317-0.003684887004585904j),(-0.00044574847404310646-0.008370394219366058j),(0.0070842274419384375-0.005172826540319043j),(0.0005286086829162696-0.0010541811655927406j),(0.000537083685236574+0.016764594026523694j),(0.0009791546290267746-0.0009478316071701528j),(0.0017369729978979611-0.008111349382543652j),(0.0030346089762741-0.003189085095319692j)
68,(-1.0101608716127807e-05+1.1135449318116687e-05j),(5.687683160336967e-06-3.5394653319176207e-06j),(4.413925551535309e-06-7.5959839755178164e-06j),(-6.148255644355046e-06+8.607215266235566e-06j),(5.5185871343155995e-06-3.911485144577496e-06j),(-1.0110567124749899e-06+2.739832468212347e-08j),(-0.00031172987298132895+0.0013248894289306175j),(0.00027482960746107074+0.0002350859344791603j),(-0.0001355629389699453+0.0006023646176745981j),(-0.0005190289258856399+0.002028374909879692j),(0.00041754130455469527+0.0002525545976001047j),(-0.00025034987957716975+0.0008603903539944445j),(-0.004278376028651517+0.01040450826309225j),(0.0021232127109886145-0.003013938607061343j),(-0.002917130528776015+0.0019460037114499796j),(0.0032142749760684297-0.003997787636294334j),(-0.003028338924557857+0.01056877760692043j),(-0.0027721005930784644-0.002192625873423339j),(-0.0033257420447688163+0.0022580237553530003j),(0.003117131606430142-0.005363799221374153j),(-0.0014188615517012554+0.0008355479848918411j),(0.004062105731698135+0.00016054017689644436j),(0.003418222769088148-0.00609604611119666j),(-0.0014136046235830105+0.0009650974490694611j),(0.004224268057311346+0.0001435058254899823j),(0.003416028616209191-0.006100216456840898j),(-0.0014109094792917388+0.0009634288910610189j),(0.00422343109429945+0.00014037897293535818j),(0.003283457248465273-0.0062070611247815955j),(0.0035913265319438598-0.006596286210194785j),(-0.0013003910826318904+0.0008659960788490509j),(0.004139692322422655+7.734439060103938e-06j),(-0.004994635633055336-0.006938425013630432j),(0.002317382629444926-0.0030674671045971516j),(-0.001191091589640696-0.00482898410753173j),(-0.001570690448969684-0.005582242098505694j),(-0.0027861913543760445-0.0040956134179533955j),(0.0034081676380220186-0.0035370706860975948j),(-0.005424817182077218-0.006704165788968731j),(0.0023437415107657243-0.003080113477068392j),(-0.0015138972566973122-0.005021469349808379j),(-0.006097912156866272+0.005597919116057638j),(0.00376601893181652+0.0022287799770308167j),(-0.0037171404491416916-0.004985091315005992j),(-0.005993558987057172+0.005661118091681179j),(0.0037208868459925213+0.002292555404974691j),(-0.0037546818374174363-0.004966714052403369j),(0.011254198720018175-0.011878893156823028j),(-0.00569252619440445-0.0065897529131715964j),(-0.005312322026765075-0.004857319725455875j),(0.013454445240517709-0.012440490730075311j),(0.0004717101923790435-0.006316283816810937j),(0.001304666417290811+0.0015139766594544088j),(0.000751429865740376+0.0010529685217325023j),(0.003144593674448177-0.006322552909525765j),(0.004326043924111278-0.0016160291573374622j),(-0.00995912140780871+0.0037907329285056424j),(0.0036040902002390835-0.0012887774312706993j),(0.002514989735701855+0.0019611286100817407j),(0.00130998601911207+0.001700150738887055j),(0.0030911464136160706-0.0065363118844639564j),(0.004507755596012493-0.002107976270719311j),(-0.024564045583644528+0.006137968067042808j),(0.0035762632719113976+0.015203409319393573j),(-0.0007163460034595988+0.009181904597230367j),(-0.025721072180848875+0.010882629353280682j),(0.003223576091000397+0.011442685145342968j),(-0.0012609185604408309+0.00958899200679727j),(0.974698486354931-0.0005194436111155712j),(0.0036119818372246154+0.012368979318764493j),(-0.0007774522369025346+0.007147072839281378j),(0.002404718818844972+0.00825235997932489j),(0.002235070886674903-0.00617389754952578j),(0.004308066316275703-0.003515266644287197j),(0.0011231391461285257+0.02337867559398942j),(-0.0014688910389155044+0.00871765192502586j),(0.0013467768901934151-0.0025954325284433116j),(0.0010134104627679994+0.024523512549678644j),(-0.0017519340443348484+0.009959775870863493j),(0.0011129979924148865-0.0024856169275455017j),(0.011249979806533205-0.011876854766140654j),(-0.005700407334127559-0.006588470109056029j),(-0.005321340885155144-0.004866019695688232j),(-0.0018057622142556007-5.8786000470508956e-05j),(0.0034524405735356957-0.005941156099457806j),(0.0010186377539975785+0.00014231215269665948j),(0.004451694500810156+0.007451081041921483j),(0.010213425463806793-0.010827348713550067j),(-0.005303003803510559-0.006010366195278636j),(-0.004947123530332614-0.004798799110362888j),(0.01599024193692545-0.017940051516519954j),(0.004627987587204382+0.014821127397925515j),(-0.001601021979364823+0.0007513425954874199j),(0.00701253105017238-0.012943679162780516j),(0.0034598777748304156-0.0011164832119113627j)
69,(-3.988866500747493e-06+8.738087983332261e-06j),(5.222574193428494e-06-1.4808251715237104e-05j),(-1.2337076997899512e-06+6.070163731869436e-06j),(-1.270621949466569e-06+2.377627363208168e-06j),(3.414703404478869e-06-7.507578186619999e-06j),(-2.7665298862703686e-06+9.25837466002883e-06j),(2.672387882862347e-05+0.0006414092029490459j),(0.00018602465429404613-0.00017924936906610746j),(-1.5203384076646555e-06+0.001260415305731756j),(-2.1283123799591454e-05+0.0010018833790174124j),(0.00024349743045531746-0.00034265738044158525j),(-6.185336917269833e-05+0.001989900198831336j),(-0.002613648596457619+0.00590719551925157j),(-0.0003489931831917861-0.004581831596358436j),(-0.0027222337284822868+0.012520833237727649j),(-0.0006963732967000666-0.006001883692812942j),(-0.0058243361705889105+0.009779021348874626j),(-0.0014629086118914507-0.00033074565696187717j),(-0.004746039207016956+0.011814245048877198j),(0.0006695487449172345-0.000458109163567642j),(8.72406759271602e-05-0.0036038430014399556j),(0.004668962858374806-0.004505993857781112j),(0.0008539940961569568-0.0005802778969128688j),(-2.5073008554544465e-05-0.003618658524568188j),(0.004934753507027734-0.00480986769580874j),(0.0008556972629569545-0.0005826903217542199j),(-2.7054256663388014e-05-0.0036169282100170733j),(0.004935423145959112-0.004813010344146287j),(0.0009020772320747995-0.0006367649277581908j),(0.0007799071285927977-0.0006362995864210206j),(-0.00013126345645843827-0.0035176032737953195j),(0.0049196218256184745-0.004865085157976125j),(0.0028557689362317413-0.0016576902256699153j),(-0.0046565332797904235+0.0012733928454564598j),(0.0034020538903444548-0.00504100475855254j),(0.001877675134387059-0.0016827502850091111j),(0.0024955944176855314-0.0018590707552795065j),(-0.005614545327640922+0.0018770172211257157j),(0.0029592197308679455-0.0016890826227272066j),(-0.004725946194664811+0.0014767817924986968j),(0.0031703397339031096-0.005024857810208554j),(0.0011945618087687334-0.00034446346312380985j),(-0.0053205461352056355+0.004559671225601613j),(-0.007120363138177256-0.0032335859848449254j),(0.0012195757944850048-0.0003763482523185652j),(-0.005079894926896885+0.004411890052019928j),(-0.007135736308421341-0.0032955263427226367j),(-0.00125805479935921-0.0030783221547674416j),(0.009948338424189197-0.008361368494610964j),(0.002275846753259935-0.011572336401288639j),(-0.0022289570313159274-0.0032352382859433815j),(0.009600077028497358-0.005180716091316102j),(-0.0014637948731883953-0.0006229747824914042j),(0.000731257986760521-0.0010033297662403978j),(0.001301670292402002+0.0036443818705731313j),(-0.002571868333155405+0.003496106307120925j),(0.0015355238104015985+0.0027265700228043784j),(-0.006180169520954281+0.004936911470757074j),(-0.0010658475324159533+0.005101172643465747j),(0.0008034036387911429-0.0012224541430141931j),(0.0016024312960495309+0.004009707352607816j),(-0.002576200992969125+0.003215609750463577j),(0.0034141472889122207+0.015467337937380303j),(-0.017141194593336486+0.006114705010831535j),(0.0033906313192153884+0.00366233464319905j),(0.003030222859119562+0.011372837486752933j),(-0.017960564602035496+0.008398953574429905j),(0.0031040056413253873+0.006388515377517626j),(0.0036119818372246154+0.012368979318764493j),(0.9823857824850459-0.0015317556956507049j),(0.003765652580257766+0.0022418838645084315j),(0.0013223251526593084-0.002440681318097799j),(0.0014022498972027474+0.00708394682321937j),(-0.0013468444184952092+0.0016508771945226426j),(0.00319283124378128+0.004685410503236353j),(-0.0035533168448407693+0.013774623968804488j),(0.005105601462042278-0.007778557967385739j),(0.0033436242861029325+0.005306916159390034j),(-0.0039493952817526105+0.014281434651373309j),(0.0056162575700131005-0.008531314444221382j),(-0.0012570469779010023-0.0030771914112175712j),(0.00994733899467572-0.00836480341157269j),(0.0022800305798892162-0.011586120783606978j),(0.003346661773500594-0.003449538507840049j),(-0.0003659316668338361+0.0015610663407385754j),(0.0007460380619441001-0.0032124597044741955j),(0.008065157152510492-0.006644308216585634j),(-0.001141553221911339-0.0026995479794562635j),(0.00903758342741838-0.007738131518303652j),(0.0022568112463641956-0.010981994565059203j),(-0.0036211116885186082-0.0029696006991044733j),(-0.012841313496783406+0.001309468079130697j),(0.00547800622959668-0.00825390905032867j),(-5.0970487877570125e-06+0.004335789065450891j),(0.00032089822072658487-0.0048352290377471525j)
70,(-2.406582505172446e-06-7.2951720392759785e-06j),(3.278059653083553e-06-7.978868146169682e-06j),(-8.714771415944295e-07+1.5274040176226505e-05j),(-1.321466232950808e-06-8.496593169048349e-06j),(1.2998026959954144e-06-1.7815843801617965e-07j),(-2.5516201755035817e-06+8.85153013956279e-06j),(-0.0005329601129646623-0.0005197913357010657j),(-0.0001843408191046584-3.166594440777928e-05j),(-0.00031728354912764084+0.0008229463969887139j),(-0.00084069233852807-0.0008248280523838448j),(-0.0002964663419766834-6.18156255208372e-05j),(-0.0004971856096659421+0.0013150740013632325j),(-0.005064762111702487-0.005275539485854193j),(-0.0019400676056609272-0.0007554540633303596j),(-0.0028657394704041717+0.00900595276386316j),(-0.001352195236224568-0.0008462719049554416j),(0.0022321737381975574+0.003085494358647983j),(-0.0009610371223022314+0.0026305410456368885j),(0.0028825390351086525+0.011195417136659273j),(0.00243876326414644-0.0023630228347380285j),(0.0016028454464700238-0.0028374004153269676j),(-0.0001029009391197807-0.0038805565032105378j),(0.0025926805741088594-0.0025670741829864627j),(0.0017287711997802653-0.0029350155596395426j),(-0.0001886838992099483-0.0040826413048575955j),(0.0025899119633302843-0.0025659006027177692j),(0.001728989447099208-0.002935933119562933j),(-0.00019188892781153786-0.004080385881225509j),(0.002456560268774571-0.00247678534730958j),(0.002668169351204125-0.002626255214276666j),(0.001723247048617562-0.0029440849403209405j),(-0.00032015879574094175-0.0038909299816589586j),(-0.0046071653185733715+0.0027891098400065j),(0.0006303640021932361-0.002376655477976086j),(-0.0058376139729432895+0.006273647142486596j),(0.0010920558533823814-0.002794329640483777j),(0.0011044549699404-0.001882860193458452j),(0.0011029955330508338-0.002864774086278269j),(-0.004872961162679551+0.0029606589239355684j),(0.0005631172761882263-0.0023721523348368707j),(-0.005990364212545315+0.00659048519282986j),(-0.001730408657502942-0.0005133586974536229j),(0.0030863764072793253-0.006206444752655298j),(-0.0008606850343373499+0.00022658239518862154j),(-0.0016925511043658368-0.0005243624983749407j),(0.0030826942679096025-0.006129495568197795j),(-0.0007475103116992702+0.00015170238251381303j),(-0.00041951376011960316-0.003814839524279542j),(-0.0003322498669157153-0.00926712783251643j),(0.007752471533825364-0.006281779899490021j),(6.278228353349239e-05-0.004258397656452447j),(-0.003215493916314874-0.01181089022370595j),(0.007425148466559488-0.019284999240631786j),(0.0006128864650987163-0.0007287439103505714j),(-0.0013876447178697137-0.003760727146564141j),(0.0015893796176655968-0.0015388062823452064j),(0.00024288521848031433+0.002816880142819536j),(0.0004739425234439376-0.00047161058529865754j),(-0.005017209693068781+0.0010176031369725988j),(0.0006782177090826803-0.0009992885818697148j),(-0.0014062882507367227-0.003746219484359687j),(0.0018944039818454875-0.0004887670880146093j),(-0.00066309478298582+0.008953488602149923j),(0.0037318707260988906+0.00281900759305522j),(-0.01605510770807665+0.012200220945444769j),(-0.0006942417577947067+0.008823844898389036j),(0.003897209516906289+0.005066536700111919j),(-0.016232738041191772+0.009416968926824056j),(-0.0007774522369025346+0.007147072839281378j),(0.003765652580257766+0.0022418838645084315j),(0.9829937515483415+0.004388988557353033j),(0.0009799965160910992-0.0020830653494003323j),(-0.0007456515477044343-0.002463130924766201j),(0.0017903432113957822+0.006457814493159093j),(0.0019544040698247535-0.004018540067781684j),(0.0037646300353008336-0.0028930764790052023j),(-0.0026744209202999463+0.03206410747385822j),(0.0020337941674782208-0.0041510818255620086j),(0.0041289886576975155-0.002950640253523658j),(-0.0030246319595193098+0.03407967152824892j),(-0.00042040136260244497-0.0038138051102546526j),(-0.0003281088361423007-0.009262887066066181j),(0.007751910268872774-0.006263172476968582j),(0.0003358370690691658-0.00020180728720982756j),(0.001013636085537296-0.004024622921439097j),(0.001108574012911878-0.0016459552405764172j),(0.0031890125845874793+0.007671391209300344j),(-0.00038251233628644704-0.003666615872499293j),(-0.0001528456355555086-0.00851548962636045j),(0.006933139441865116-0.005370597801962502j),(0.00024318295482002805-0.00156648360922359j),(9.588958231204335e-06+0.01576925173856181j),(0.0010848218213927831-0.0010106582738350683j),(0.0015371342088861884-0.00768331149047588j),(0.0029274962277367066-0.0031942766635193677j)
71,(9.82144382390598e-07+5.341965470669588e-06j),(-2.73369340805715e-06+7.503314015562177e-06j),(1.7515490247506178e-06-1.284527947930905e-05j),(-5.440313201700894e-07+6.1734029917777656e-06j),(-1.5883039290023538e-06+9.900419915476447e-08j),(1.6451290887816337e-06-8.389957425700333e-06j),(-5.820888313153228e-05+0.0002497319702797193j),(-0.00025271646069934054-0.00011390024340184052j),(-0.00013680978882091085-0.0008902176334806994j),(-4.8257943143248405e-05+0.00046946429773537976j),(-0.0003649083237180339-8.408140106568507e-05j),(-0.0001678230841811369-0.0013311052787854994j),(0.0013277437498434514+0.005653753110143432j),(-0.0010251550274358394+0.0030065005631841916j),(0.0008289970843050041-0.005675468142009124j),(-0.0010034370065708394+0.002934041367461814j),(0.0008905243993629587-0.004387708623320549j),(-0.0015444768871627824+0.00025494819138145025j),(0.0023882843115062037-0.006172311195426846j),(-0.0009032211004240714-0.0024084046346332785j),(0.0012923525310748745-0.0009051861180165528j),(-0.0006043049701559595+0.0013981727320937056j),(-0.001003178879947453-0.0025982123435555476j),(0.0013765762048441967-0.0009749989368245762j),(-0.0006441121436642336+0.0014741900310134962j),(-0.0010024920182709026-0.0025984032395362225j),(0.0013770713383806949-0.0009764464820208184j),(-0.0006434268491512322+0.0014726110209418099j),(-0.0009598132819032107-0.0026204140413322984j),(-0.0011095916231802338-0.002716549613449813j),(0.0013869685464843076-0.0010359710149083147j),(-0.0005981760468758813+0.0013551037226567438j),(0.0018582745235242388-0.003265978628885959j),(0.00180083313790854-0.003145110751487412j),(0.0018877134007903803-0.004425321017249835j),(-0.001308760365069786-0.004194749118968166j),(-0.001423315131651858-0.006164178300915391j),(0.0012670979077367551-0.0037754833718800992j),(0.0019128755302645374-0.0032688680249271587j),(0.0018816205312461017-0.003026443378315151j),(0.0019794848239931616-0.004603609956198607j),(-0.0023330386892050827-0.004193599949589557j),(0.0016589805498681725+0.002408614804567436j),(0.0002803809339365865-0.0030187336750343487j),(-0.002327339254731313-0.004233766107500942j),(0.0016060876262055505+0.0024439338315030454j),(0.0002356471969994444-0.0029649464699721996j),(0.008576483136617864-0.00973169812564199j),(-0.000724315877379275-0.006706550028140549j),(-0.0012095249274388844-0.0002526574554089717j),(-0.00044337246950469975-0.0001987377302576117j),(-0.001722918889476848-0.004214414702738298j),(-0.0014958873008823182-0.014401137280215479j),(-0.009853715447761886+0.010610768934808563j),(-0.0006224043806356685+0.0204379891243232j),(-0.0011363169226072329+0.004140382568843547j),(-0.005705984874775999+0.008476650539898368j),(0.0002211049663105687+0.010915508809179613j),(-0.0003440896038247412-0.00042810593198733086j),(-0.010551434442893807+0.010803292591889583j),(-0.0005058227661236277+0.021413341534013836j),(-0.0011167700253237652+0.00509353371592829j),(0.0021422471727778726+0.007897036761508056j),(0.0012502595983872006-0.0016874054436152586j),(0.0009238071055303543-0.0019860455144839447j),(0.0031105383249136536+0.006431264024098128j),(0.001296645973801103-0.0012238099327181924j),(0.0010279334834665307-0.001694544733358224j),(0.002404718818844972+0.00825235997932489j),(0.0013223251526593084-0.002440681318097799j),(0.0009799965160910992-0.0020830653494003323j),(0.9878366038055606+0.005517997292826792j),(0.0008735207137364504+0.011667584138583004j),(-0.0004462031677644744+0.004101637478475726j),(-0.008130260832063169-0.0052579499813518804j),(0.005555809306047893-0.0030923779607917113j),(0.0029690667848626417+0.004575903720045516j),(-0.007783735844555367-0.00628691573467326j),(0.005908041970687771-0.004757791635720895j),(0.003238750698348723+0.004426399073840752j),(0.008587609124751885-0.009743762654624991j),(-0.0007229326374935882-0.006708520771897057j),(-0.0012090914204059093-0.00023343783691678627j),(0.0007459198586023943-0.001736208444544312j),(0.0010505207363767297-0.002089399770427192j),(-0.0008625209579183162+5.11071237208375e-06j),(-0.0012950903392881885+0.005394915797574234j),(0.008246232660812472-0.009326016634737824j),(-0.000702975008504929-0.006205190403754716j),(-0.0013211236603732366+0.0002662328021428668j),(-0.0006423420658260992+0.007015004551067585j),(0.002330595583385395+0.0001553635395504377j),(-0.0012153436755867682-0.0022268336774233536j),(0.0016190288930310627-0.0013417742263878661j),(0.00023072806479523014+0.0004255054775999501j)
72,(2.605577720865718e-06+2.00068247817213e-06j),(-1.120980853762462e-06+1.5690989685910778e-06j),(-1.4845968668751233e-06-3.5697814486973327e-06j),(6.223552983362681e-07+1.3827840727911232e-06j),(-2.3143977555690065e-06-9.266472125096149e-07j),(-1.0062880028867672e-06-2.692177681722675e-06j),(-0.0003171838645201986-8.628938415549412e-05j),(-0.0005609371218683873-0.00018086271947019287j),(-0.00048008144889626043-0.0003478912428222528j),(-0.0004170454087222877-4.899391906554242e-05j),(-0.0008132118706730968-0.00018805312197347566j),(-0.0006674010104312341-0.00046642087630911007j),(0.0005552604706027826+0.0028955308837305548j),(-0.002406983294637988+0.002423582717133443j),(-0.0007126050630232165+0.00010025139840397169j),(-0.0025160375069949933+0.002624901380477509j),(0.0007185350534092782-0.0023828357700305287j),(-0.0025047930756935-0.0009755517093721594j),(0.002673880480004297-0.002867796163646866j),(0.00029085844790726733+0.0008682867699496263j),(-0.0021811848808692843-0.0023390218408627936j),(0.0013493813282072708-0.0014723919820825702j),(0.0003041657003861718+0.0010064858457805826j),(-0.002193142364596836-0.0024049246999781984j),(0.0013608099089409355-0.0015489598607013647j),(0.00030465306069935776+0.0010074175529970104j),(-0.002191803313439124-0.00240455810719732j),(0.001360049342659391-0.0015498182087200067j),(0.0003284744838050838+0.0010331844852453295j),(0.00037577097363609654+0.0009651658276099925j),(-0.002129221122450175-0.0023793313412515346j),(0.001331793287200641-0.001598025302528108j),(0.0010966154847108374+0.0020897928019252203j),(0.0004724775763203712-0.0009897097717588752j),(0.00017164891266477334-0.003738175207027638j),(0.002524660460907178-0.0014645558356980283j),(0.0024025044590468454-0.0024286659346474367j),(0.0009541429259399916-0.0006064039905699058j),(0.0010825619653912744+0.001973829016919839j),(0.0005389378747509253-0.0010608577061914032j),(0.00014502770298903248-0.003849225068872376j),(-0.00011105286423973896-0.004371215952664957j),(0.0013674098314741508-0.004344362546917949j),(0.0021076428190288515-0.0037665584519171623j),(-0.00015339226394425108-0.004438894753541917j),(0.0013221273130935708-0.004313409362911712j),(0.002093133561803579-0.0037519844630592167j),(0.0005559072225493221-0.003992273379726823j),(0.003683930594154223+0.0015539384469665984j),(0.00027215171403383064-0.004108270127228384j),(0.0011953463861391013+0.00157149693029872j),(-0.00379799190793469+0.010364437081417613j),(0.004323704700219898-0.01192003892146598j),(0.0011184485200371986+0.019788380415476512j),(-0.010903710650791914+0.008153650053899444j),(0.005221682548716422-0.0023250453771707404j),(0.00217700659823976+0.00839087433814383j),(-0.0065305332098922605+0.0058721344384473515j),(0.0036489739279864765-0.005411375093973259j),(0.00103344352550089+0.020778505741294428j),(-0.011403196101647424+0.007807118274374254j),(0.005176532126886613-0.0015915968809351987j),(0.002394789889033328-0.005283385918891204j),(0.0014750246654945494+0.006812524331171577j),(-0.0004186942821818344-0.002727197109442704j),(0.002759236223682358-0.004768067973238135j),(0.0030630945450644135+0.006375307360393809j),(-0.0003631108167655837-0.0029623903173840475j),(0.002235070886674903-0.00617389754952578j),(0.0014022498972027474+0.00708394682321937j),(-0.0007456515477044343-0.002463130924766201j),(0.0008735207137364504+0.011667584138583004j),(0.9883877948882626-0.0023767701371072186j),(0.003502965359203746+0.002027070857743679j),(5.0394699055871395e-05+0.0014783584870848281j),(-0.004091267346248695-0.010059960834656642j),(-0.002966406401186299+0.006638541823350724j),(-2.7392900012190315e-05+0.00018194584354489125j),(-0.003494891936820962-0.011051751755285305j),(-0.00346814585797125+0.007088649801032408j),(0.0005551680488209907-0.003999912148517297j),(0.003693860720150921+0.0015414889336558151j),(0.0002669039633407692-0.004097571360351262j),(-0.0009228648984830245+0.00012255524232779682j),(0.0013853267591905978-0.0005392388441466658j),(-0.0004913559952574635-0.0008408750978582732j),(-0.0053987649640255195-0.0001634489608847529j),(0.0004895492508792531-0.003873993086397687j),(0.003770818425793545+0.0011621466397392735j),(-2.5768314816872185e-05-0.003459792828502003j),(0.0009689592128917933-0.003219435431882413j),(-0.006368110703755659+0.011324755841114628j),(-0.0007765025103156647+0.002870714161835831j),(0.00025458185823551465-0.002899406925003298j),(0.00010863299900051702-0.0005305887746410243j)
73,(8.991995339539145e-06-4.672579520783274e-06j),(-6.650914079830615e-06+2.773475544328859e-06j),(-2.3410812510979587e-06+1.899103970193796e-06j),(4.457171566985067e-06-2.908116555591872e-06j),(-5.846588406511846e-06+2.277837680389996e-06j),(1.7642449029819331e-06-7.743683721965716e-07j),(0.00024330048450510087-0.0004594233566440931j),(-0.0003884045111862208+9.73304346093239e-05j),(0.0001422120800294198-0.00026480221711914294j),(0.00039162542303828994-0.0007016341247261172j),(-0.0006180192033009104+0.00021738846501866786j),(0.00023723129609514238-0.0003737636307581437j),(0.002714463430366525-0.0035863783863624267j),(-0.004189774308304533+0.0038080132699769196j),(0.001919578665320618-0.0006717993375568738j),(-0.005927892251202683+0.004665598245089322j),(0.0024278925168637376-0.006742193869078727j),(0.0036505933207850996+0.0018959629319793793j),(0.0015267181554152061-0.0009886768395365583j),(-0.00085904208925545+9.788563239442088e-06j),(0.003076944178879112-0.0046256549113687945j),(-0.003585503607476036+0.0017525954397664685j),(-0.0009673468651438669+0.00015479837494837965j),(0.003141469448064954-0.0048444811422819044j),(-0.0037129176346985026+0.001800941808212781j),(-0.0009668667181096815+0.00015684367095299807j),(0.003139699403721926-0.004844255888382885j),(-0.0037125171319120423+0.0018004976879876843j),(-0.0009289448279683895+0.0002158373603547219j),(-0.0010143859202105389+0.0002417176387334042j),(0.0030669079713077554-0.004795576954545146j),(-0.0036656874940310027+0.001763711415714803j),(0.0015134633115771443+0.001873937595457822j),(0.00031687518230158154-0.0018726698037622976j),(-0.0008473766739297703-0.00017446022957270544j),(0.0015455953145961103-0.0019133353420558584j),(0.0018279613683203542-0.0033261930147707643j),(-0.00048215581110169883-0.00134441441627211j),(0.0016320002602853393+0.0017983135003105978j),(0.0003373421996951392-0.001847415546820397j),(-0.000623275153764537-0.0002591201355944652j),(-0.00017230316825112785-0.004278046397951518j),(0.001170148031577461-0.00370270648336709j),(0.002508990591933638+0.0003897234469510281j),(-0.00021793786825872278-0.0043127651173922275j),(0.0011477879266344354-0.003700278386795812j),(0.0025687707415984096+0.00034861999718153623j),(-0.0015896875425854976-0.0018250285447702452j),(9.761011639719617e-05-0.009182580016634741j),(0.006437721323670158-0.008418001139838203j),(-0.002037473648767889-0.00038182528625491097j),(0.00527493480769554-0.00106380543409966j),(-0.001961052781949637+0.026626652118144932j),(-0.00029261089807969753+0.0064350839974513935j),(0.004329133317520732+0.0017514772578415584j),(-0.011697150187516863+0.02127568802277713j),(0.0012565006906092159+0.00026942148197845427j),(0.0017823812001587312-0.00028615186306907466j),(-0.00787013527844328+0.014988263184249676j),(-0.0003622393626656539+0.006970725866753756j),(0.004394356345640874+0.001860114638855057j),(-0.012150402103554923+0.020818756232156798j),(0.004053080974996702-0.0030260250668654133j),(-0.0014829624428422047+0.0020463076278057907j),(0.0013193211193672982+0.007240048623293787j),(0.004040820714996349-0.0022606428339234904j),(-0.0022703335626879694+0.002910558097164064j),(0.001984510443136124+0.008189160009467325j),(0.004308066316275703-0.003515266644287197j),(-0.0013468444184952092+0.0016508771945226426j),(0.0017903432113957822+0.006457814493159093j),(-0.0004462031677644744+0.004101637478475726j),(0.003502965359203746+0.002027070857743679j),(0.9881778617137102+0.003610623013967758j),(-0.0004696994569897808+0.0034711863559161674j),(-0.0008839107053470359-0.0008112809485774845j),(-0.003566834680867988-0.00847549737275895j),(-0.00047451370913644995+0.0032636586390541347j),(-0.0012292654470659468-0.0009180799362422474j),(-0.002925844567671369-0.010130913996848305j),(-0.0015889438912487478-0.0018271922910414076j),(9.076733844261492e-05-0.009193175030299813j),(0.006448683183208129-0.008464667568365981j),(-3.249530982658963e-05-0.0007304932152475868j),(-0.001030777345205211-0.0006519540910910559j),(0.0022352334706593744-0.0016349362031827016j),(-0.0004370190110975393+0.002485293097462867j),(-0.0015638833143885094-0.0014167670279454953j),(-0.00014169361921679018-0.008543046403269004j),(0.006518113823593423-0.008728331055724733j),(-0.003553264250840842-0.008162267813883272j),(0.004314434413535951-0.012138558174709654j),(0.0010235281216956237-0.0016466549774624667j),(-0.0014222612024486652+0.0013458162397996759j),(-3.8312790876287984e-05-0.002631537689525135j)
74,(4.303567519399378e-06-2.3418693206511202e-06j),(-8.627403319344951e-06+1.2467001366798277e-05j),(4.323835801021774e-06-1.0125132038271632e-05j),(8.144310832261118e-07+3.702985156171733e-06j),(-4.127530457497877e-06+6.2933199600474185e-06j),(5.8852631669354325e-06-7.752227043837157e-06j),(0.00046002265623389116+0.0004833211840111001j),(0.00013194534440377857+0.0007922430381393267j),(0.0006765282408746897-0.0005570039142060981j),(0.0006571182553134903+0.0007179316475880526j),(0.00011065910989512559+0.0012161767840593413j),(0.000989903371350982-0.0009524627959972812j),(0.001576825352603515+0.00285366495284115j),(-0.003053874653169642+0.006415927582144588j),(0.0033278056358383005-0.008782597375471959j),(-0.0028225179131746016+0.008777982529884328j),(0.004976454361301001-0.002112066421561235j),(-0.002404113016725275-0.005933897678766656j),(0.0026621172345092916-0.010678689368261027j),(-0.0013908593585489752-0.0010982615521972511j),(0.0012168705290666877-0.0006161848043229612j),(-0.002039056261038646+0.0013042130978216833j),(-0.001593580034491507-0.001300267931007174j),(0.0013414872284532627-0.0006123839345496124j),(-0.0021342366702880866+0.001498529099041409j),(-0.001593960641046015-0.0013018437676106448j),(0.001343240300930945-0.00061376940224174j),(-0.0021323514849892855+0.001500229467119316j),(-0.0015742370337358319-0.0013881013723988072j),(-0.00169510206459764-0.0014447908979539018j),(0.0014044172856237244-0.0007072058816118667j),(-0.0020229097445262608+0.0015091752132209684j),(0.0007062013137178031-0.005049295906317258j),(0.0038302664605063927-0.005179758045862312j),(0.00337635799162504+0.0004918742205199789j),(-0.0015612606723622489-0.005069656758750771j),(-0.0007490934832314698-0.0066120466921702654j),(0.003992650224585535-0.006879489493215587j),(0.0007230732606287307-0.0051488462909520805j),(0.0037944625529393824-0.004914326606086672j),(0.003543648506438902+0.00038226617189547206j),(-0.0016704200768728338-0.006898415517401141j),(-0.0007134327519279803+0.0060670984382516875j),(0.001558193256253059-0.006379170506682324j),(-0.0016422734822666343-0.006880650336614375j),(-0.000782837178702847+0.006124719272194689j),(0.0015085558148241647-0.006461662005504947j),(0.008432449247882681-0.002147250113940971j),(0.00021952222233319985-0.007706596407076524j),(-0.0013824977206246833-0.00575187862342218j),(0.002716086885213874-0.008408230244696464j),(-0.002219825419850972-0.003841996165881205j),(-0.004300188588915596+0.008820141447407674j),(-0.0037856522864210115-0.0021063705137182084j),(-0.0006119372852052616-0.005034267409003819j),(-0.001646191261037482+0.0027817280885117754j),(-0.0013827820070998285+0.008866241749666163j),(0.0007207356976908654-0.0023524737484880475j),(-0.0004491735970974717-4.5305822100457846e-05j),(-0.0044854448223696315-0.0029828970905560973j),(-0.0005936962044918725-0.0046422819926882995j),(-0.001547324012171971+0.0028686375780808465j),(0.0010197076371853432+0.023120806746975392j),(0.003125063233667845+0.0049281566325575996j),(0.001870653692565821-0.003711420913297578j),(0.0012350083918693361+0.025257940295797403j),(0.00343896478230736+0.00676328018037781j),(0.002140832235972895-0.0037244905551290022j),(0.0011231391461285257+0.02337867559398942j),(0.00319283124378128+0.004685410503236353j),(0.0019544040698247535-0.004018540067781684j),(-0.008130260832063169-0.0052579499813518804j),(5.0394699055871395e-05+0.0014783584870848281j),(-0.0004696994569897808+0.0034711863559161674j),(0.981824893084476-0.007382338098083128j),(0.0022490304872757176+0.020786434634001472j),(0.0028660511221727416+0.0049397708904215j),(-0.01888903159958191-0.004848194592633737j),(0.0025059299743156486+0.02926212905946484j),(0.0031383332795806153+0.007449189518602564j),(0.008439526682887409-0.0021390405829020687j),(0.0002225891728342095-0.007710788003000961j),(-0.0013782620015856313-0.005771993176928131j),(-0.000617043722605366-0.0031184897789897064j),(0.001380093446089105+0.00012154307105579653j),(0.0004971046135010251+0.00048712844751540394j),(-0.0025172164881081486+0.007539134681319759j),(0.0077406083236611755-0.001673953561438457j),(0.0002196327097319706-0.00709389190321313j),(-0.00102474176035635-0.00583581826907968j),(0.0031267596604184445-0.01508983499283368j),(0.002877823236742776-0.00610218677904454j),(-0.0024633834020030155-0.004665256744197864j),(0.0022650477778179746-0.001249300394467904j),(-0.0005094654055931825+0.0007829288167043776j)
75,(6.556993602684595e-06-9.565369975034954e-06j),(-6.858298066112409e-06+4.090688868442544e-06j),(3.0130446482285616e-07+5.474681103766961e-06j),(1.9220674844383328e-06-4.929319377100744e-06j),(-5.681887945737332e-06+5.8235987699601615e-06j),(2.1878126327008348e-06+1.2727788085874912e-06j),(-9.78207421506443e-05-7.425347297316284e-05j),(-0.0004420966584541082+0.0008075422923067734j),(0.00010574647100633814+0.000319697002983577j),(-0.0001275118706667252-0.00016262192905293175j),(-0.0006955963135352408+0.0012219567240639691j),(0.00018463811605303664+0.0004159988431432886j),(0.00029735268102747386-0.0025834658980578413j),(-0.004370171998609148+0.005808594208186034j),(0.0018533873700105397-0.0007193925955471525j),(-0.004414556726068363+0.009033181126336581j),(0.004189091122709291+0.0013757548035465508j),(-0.002137130278665184-0.008566380681778465j),(0.0026111927450052294-0.006523488165554028j),(0.0004359385446901494+0.0025546475817515013j),(-0.0038684231234012373-0.0024440698915278265j),(0.0009637878110048601-0.002583215967349613j),(0.00041579150661887174+0.002670578910133785j),(-0.003880747088965313-0.0023881659903179633j),(0.0009317413707233362-0.0025841477217314513j),(0.00041458350780425036+0.002669586159572363j),(-0.0038766903846990572-0.0023863637374238467j),(0.0009308588960723291-0.002581057625825574j),(0.00037871792569567917+0.0026123637168623433j),(0.0006544290502340532+0.0026344050048747137j),(-0.0036802320570190087-0.00233928173721219j),(0.0008980618824633024-0.002460773844934286j),(-0.002186375840690593-0.000403025016914256j),(0.0044146258984666415-0.001314083683250864j),(-0.0008246861803227396+0.002034015981768494j),(0.0026343214305389892-0.0034286995476807565j),(0.002942577149004688-0.0019447768294481261j),(0.006856405086574879-0.0012337445108445216j),(-0.0023226922807490996-0.0006887049014700783j),(0.004287371480912863-0.0013964112073683887j),(-0.0009058707687512979+0.002029000979685136j),(0.002639911185561559-0.006613779309380927j),(-0.0024881584695601294-0.0050657963230732106j),(0.003847765338041682-0.006250342433521809j),(0.002630221251502839-0.006601018124362245j),(-0.002590146008246832-0.004941487649515037j),(0.0038726899615435075-0.0063391005726232165j),(-0.004318672605283226+0.0015862703847119158j),(0.0038482747812193375+0.00830313365194383j),(0.0013006612543700498-0.007555662644506309j),(0.004034157286016866-0.008283107066798235j),(0.01121321463772076-0.006191836308709265j),(0.0030927053815522146-0.005721535857556456j),(0.005606717551518186-0.01071540207707914j),(0.003401416083691976-0.010719716245751998j),(0.00023359932468694337-0.004704168907260444j),(0.0027516593941329043-0.005343396971425647j),(0.0014891177468737652-0.0021639084148816403j),(0.0013605371090241497-0.004829177964687396j),(0.005817466589582073-0.010397278537019548j),(0.002644505758473092-0.011301961602640465j),(-7.922504399722344e-06-0.004311737759048095j),(-0.0014987331232718538+0.008091393489198778j),(-0.003800651859327117+0.012915793952326613j),(0.003540395323010364-0.003074130283028816j),(-0.0023879995368335577+0.009395889367367006j),(-0.005296511917229304+0.014101441835934835j),(0.003455398140053894-0.0030664914762841373j),(-0.0014688910389155044+0.00871765192502586j),(-0.0035533168448407693+0.013774623968804488j),(0.0037646300353008336-0.0028930764790052023j),(0.005555809306047893-0.0030923779607917113j),(-0.004091267346248695-0.010059960834656642j),(-0.0008839107053470359-0.0008112809485774845j),(0.0022490304872757176+0.020786434634001472j),(0.9729315353324245-0.0038401975244186336j),(-0.002213186594439486+0.012621276459823347j),(0.002068988844159724+0.029618804101041146j),(-0.028714352613529757+0.0025672357102109866j),(-0.0023057376653757007+0.012349711662589438j),(-0.004329250768843445+0.0015985294543432588j),(0.003837833206156791+0.00832178366527811j),(0.0012985969927703242-0.007558312217482427j),(-0.001031873022373805+0.0022257307072990444j),(0.00037111298224257487-0.001509620540672824j),(0.00016775379320721527-0.00041509220452533606j),(-0.0071858619559204+0.0030579379095861258j),(-0.004144417653716035+0.0016012177497324708j),(0.0032361141444725875+0.007925362851918954j),(0.0013525963987911875-0.007153987789626073j),(0.004157811561710788-0.008720323088340433j),(0.005643366329104558+0.022221151284549295j),(-0.000789587434614853+0.0009033360970736752j),(-0.00013008241349299414-0.0032148961873773975j),(-0.0005938483944281254-0.00034300810379179477j)
76,(1.6108527073126303e-05-1.6760857551530508e-05j),(-1.5456164165063836e-05+5.39687658597512e-06j),(-6.523628973648527e-07+1.1363980957187814e-05j),(8.109258889647926e-06-9.049150274902838e-06j),(-1.0469432491669316e-05+9.752988099524164e-06j),(7.192455941840482e-06+3.845969812835692e-06j),(0.0010596783995535982-0.0003986244672864209j),(7.612403978029457e-05+0.001238726325060968j),(0.0013281235419332553+0.00047947496805684294j),(0.0015200791845772516-0.0007847635149993951j),(-5.485565565893635e-05+0.001840836600563325j),(0.0019439338544422887+0.0006021905788513365j),(0.00373872386510984-0.01066018553936517j),(-0.0072133200781025475+0.007484218077335986j),(0.006279655839224902-0.0019352203789476802j),(-0.010064220836361508+0.011109199527061122j),(0.004939076959374895-0.005307823976113167j),(0.006855668259404382-0.002477987893190644j),(0.0007756540251340276-0.004382275147288357j),(-0.001512945243764578+0.001933025574432995j),(0.0035689644351567865-0.005796539035489202j),(-0.005554888714153199+0.0010273171123207972j),(-0.0016924316777386923+0.00215260729899218j),(0.003607325081560401-0.006000769970823348j),(-0.005727121243174808+0.0011697839702221155j),(-0.0016924481765966553+0.00215332402178121j),(0.0036053600943181463-0.005999149742732258j),(-0.005724916107591976+0.0011729995483320817j),(-0.0016594437069568535+0.0021440619933746127j),(-0.0016823293844248784+0.0023689811358883605j),(0.003538111116946064-0.005905956811344629j),(-0.005587215684096427+0.0012905243925732549j),(0.0007414336508936825-0.0004283824530658953j),(0.0012909323530689689-0.0019873843175237773j),(0.0012498882450012246+0.005198643227889358j),(0.0014099750128679118-0.0033831729005055463j),(0.0026846165330337048-0.003271862990546282j),(0.0009890004030378835-0.0015977732931126915j),(0.0008951184882420785-0.0006700120149401995j),(0.0011640007122838284-0.0018794053288184983j),(0.0015925971172074662+0.005166417140237299j),(0.002365621433527477-0.006264042065237016j),(-0.0026209813491209375-0.0023079537967185437j),(0.0035004773585666634-0.0035565607208301545j),(0.0023233881648458358-0.006286549926066984j),(-0.0026054800933723752-0.002286289375571207j),(0.003535693116244796-0.003574057305035075j),(-0.006812444647279692-0.0041053128414227525j),(0.005084215136780064-0.011215758877374297j),(0.005849024709048132+0.00509520597876317j),(-0.0020673458722110646-0.0010653201458866429j),(7.891420837403051e-05-0.011537059387154762j),(0.008677659589174597-0.02138188032348537j),(0.0026916131332109837+0.0023623411828191877j),(-0.0018461595571853669+0.0019732895637821993j),(0.0033273621042067512-0.009406510345898325j),(0.0027498466798744165+0.0003617959744415195j),(0.0014026035708903715-0.0020291180208718428j),(0.0026570089432955083+0.006842348455105241j),(0.002813483806757078+0.0027850097402745922j),(-0.0022062924786548817+0.0029812656140796954j),(0.002597303921374553-0.010070682787958887j),(0.0015574486128244163-0.0026789051430826j),(0.005291279627099649-0.007998320416226874j),(-0.002376075598203169+0.031074298192540123j),(0.0017957923798635656-0.0034866455612560833j),(0.0063821021110049905-0.009556665010986945j),(-0.0027188922036107165+0.03347734508561971j),(0.0013467768901934151-0.0025954325284433116j),(0.005105601462042278-0.007778557967385739j),(-0.0026744209202999463+0.03206410747385822j),(0.0029690667848626417+0.004575903720045516j),(-0.002966406401186299+0.006638541823350724j),(-0.003566834680867988-0.00847549737275895j),(0.0028660511221727416+0.0049397708904215j),(-0.002213186594439486+0.012621276459823347j),(0.9761282644631997-0.0056595054649571895j),(0.002869846716167936+0.0073367833769201595j),(-0.00213838016995667+0.011732855916773727j),(-0.025246265733772935+0.005130687681824151j),(-0.006818065954295443-0.004109189981242253j),(0.005090580359481789-0.01121498490902672j),(0.00584503138243506+0.0051309247857336095j),(0.0013458613191949494-0.002781244649907211j),(-0.0017349915045618612+0.0019208589075955362j),(-0.0001239281467507148-0.002413975656333534j),(-0.0008607821541355579+0.005765827492118954j),(-0.006246322375287391-0.004167179817589622j),(0.004868071929798653-0.010374259226245013j),(0.0050317988684164296+0.005506066492266652j),(-0.0018683625171861855+0.0038385308714002433j),(-0.0014865722982044221+0.0010725263320510714j),(0.0016390590920866762-0.003996893242420082j),(-0.0034328247980057324+0.0047524295577449265j),(0.00047749074775197293-0.00525684596986964j)
77,(4.561672631740974e-06-2.9577556440294076e-06j),(-9.084974057391033e-06+1.2855810576014944e-05j),(4.5233014268163384e-06-9.898054924138248e-06j),(9.212228526712193e-07+3.4997146941570965e-06j),(-4.323906868569753e-06+6.784712994997215e-06j),(6.215259894202472e-06-7.696161111394962e-06j),(0.0005006457062606308+0.0005011827218103865j),(0.00016256108328795876+0.0008638305268147191j),(0.0007403353686577044-0.0005301653655677616j),(0.0007123560241676626+0.0007366125976262964j),(0.0001486395951867225+0.0013188987527464268j),(0.0010806673231415827-0.0009217389609835101j),(0.0015939046533673612+0.002625999793089239j),(-0.0032095803669231035+0.006685302236746666j),(0.003521039454527627-0.00902298112279467j),(-0.002961146709357697+0.009239488234992948j),(0.0052922942743961286-0.0019336621122876861j),(-0.002470517806952321-0.006419473108045651j),(0.0026759767428933025-0.011030742117239398j),(-0.001427593839985088-0.0009971344104426237j),(0.001209106858369276-0.0005968403662153787j),(-0.002148857085248687+0.001292770937605629j),(-0.0016382038980252464-0.001200321374670272j),(0.0013367946713291395-0.0005873258086739781j),(-0.0022482095942087913+0.0014962446803672147j),(-0.0016386695151145068-0.0012020087111804002j),(0.0013386469977167091-0.0005887055250440691j),(-0.0022462302323479587+0.0014982028617129047j),(-0.0016208444220263951-0.0012934311155341199j),(-0.0017391089533551442-0.001346777951471212j),(0.001403888102633834-0.0006847486622710121j),(-0.002131807775975598+0.0015171285463048793j),(0.000610687629464667-0.005197918111063264j),(0.003989081114317081-0.005340840065534921j),(0.0034918285462909792+0.0008761951342903284j),(-0.001583282074061732-0.005146436930207554j),(-0.0007000147147936233-0.006651183457604451j),(0.004207297675010208-0.007122624678882092j),(0.000624403425880229-0.005305275968015967j),(0.003944051665070173-0.005064261441236817j),(0.0036647649646839513+0.0007719535109226515j),(-0.0016172448526710502-0.007110784677726705j),(-0.00089963504061649+0.006344125733115531j),(0.0016542268369828664-0.006646193267393461j),(-0.0015873498770612316-0.007088373545555939j),(-0.0009702601323964503+0.006403647979066691j),(0.0016042277500440448-0.006739394795122206j),(0.008407400430626105-0.001559937778302517j),(0.0002947752336445033-0.007779076807195003j),(-0.001394133409504014-0.006192199043749133j),(0.002957321602617345-0.009044184654315782j),(-0.002254123736547084-0.003795913792950304j),(-0.0045160230843002535+0.010666302071017519j),(-0.003308060292538737-0.0031470733862165937j),(-0.0006037772276943707-0.007090284782048362j),(-0.001685560581076521+0.0026443320893748848j),(-0.0010313423804072296+0.008932548438950975j),(0.0007555224820933048-0.003342381259176871j),(-0.000457569026198073+4.998000829237875e-05j),(-0.0040050813696116995-0.004103344396514164j),(-0.0005939104477987211-0.006744481584448129j),(-0.0015807017498917597+0.0026618379309006593j),(0.0009226778055346483+0.024288282905823775j),(0.0032755967350017938+0.005490293690631549j),(0.001947555841937796-0.0038302237395583787j),(0.0010750318505486725+0.0267676710175347j),(0.0036109472051882607+0.007319447218416042j),(0.0022313069166611495-0.003899413972247738j),(0.0010134104627679994+0.024523512549678644j),(0.0033436242861029325+0.005306916159390034j),(0.0020337941674782208-0.0041510818255620086j),(-0.007783735844555367-0.00628691573467326j),(-2.7392900012190315e-05+0.00018194584354489125j),(-0.00047451370913644995+0.0032636586390541347j),(-0.01888903159958191-0.004848194592633737j),(0.002068988844159724+0.029618804101041146j),(0.002869846716167936+0.0073367833769201595j),(0.9801899952201002-0.007130352040713044j),(0.002160726095564482+0.02549356184382993j),(0.0031096141168865973+0.005476488479104655j),(0.008414152558433098-0.0015501599611034058j),(0.0002979678019112412-0.0077834569105222785j),(-0.0013896040402793916-0.006215439695269482j),(-0.0007223967181261739-0.0032263649276780123j),(0.0014038241129254122+0.00029395058274813275j),(0.0006044152489273463+0.0005222379936309857j),(-0.0026062968295609166+0.007710149143400752j),(0.0076884744632252-0.0010810691247222295j),(0.000292839562711836-0.00715819182528782j),(-0.0009997563332850652-0.0063232453690818405j),(0.0034143676513697686-0.016798954109359138j),(0.0029237637980363694-0.006570807335842293j),(-0.0025573514587014312-0.004854968527267321j),(0.0023128646452955353-0.001244691497396567j),(-0.0005684464533658906+0.0008087923928759232j)
78,(6.860542109861658e-06-1.047356094299262e-05j),(-7.30617633590895e-06+4.293507687107174e-06j),(4.45634228128101e-07+6.1800532531057115e-06j),(2.0218414903785744e-06-5.422265196717586e-06j),(-5.940961773879195e-06+6.35645074976448e-06j),(2.44105019974888e-06+1.5814050046570263e-06j),(-7.997425445264148e-05-7.289347490085961e-05j),(-0.00043162166636493115+0.0008854526964157098j),(0.00015255002273964827+0.00037199557087126624j),(-0.00010399943971227952-0.0001709425664553686j),(-0.0006847582193659735+0.0013331155850987097j),(0.0002525961271247709+0.00048507737386816645j),(0.0002743395047663398-0.0030120261738558066j),(-0.00452182324145584+0.006076054832191093j),(0.0020534281234462727-0.0007857995951149315j),(-0.004559770843747791+0.009537121358706999j),(0.004459801214271093+0.0016674835386908263j),(-0.002113107138698084-0.009158082274879315j),(0.0026009232295588674-0.0068106231353605735j),(0.0004485725879100109+0.002685400642593505j),(-0.003999791108848671-0.0024533035932043784j),(0.0009327231310198853-0.0026730022582601193j),(0.0004259026301167262+0.00279950813525145j),(-0.004012136345483153-0.0023880079917464655j),(0.000897376796527205-0.002668054932137532j),(0.00042456242256652026+0.0027983637757338703j),(-0.004007868949101643-0.0023860966404211353j),(0.0008964892467176788-0.002664655793084079j),(0.0003840330970074015+0.0027345925237437854j),(0.0006775332626300936+0.002763714376027046j),(-0.003801056246400439-0.0023374355737160353j),(0.0008635200170872651-0.0025311733683911803j),(-0.0024414812409617537-0.0006021352337097314j),(0.004717901190372583-0.0013460548984957636j),(-0.0008957780546305473+0.0024835450952317697j),(0.002642059197050869-0.003586889886787715j),(0.0029851043588303844-0.0019125966392857501j),(0.007310638040702058-0.0012910183930311097j),(-0.0025873602034154836-0.0009010418966019168j),(0.004575674463906597-0.0014290554600214264j),(-0.0009810587397116768+0.0024868163205452767j),(0.0028507473014014297-0.006791099656610764j),(-0.002789226606281868-0.005120465045206326j),(0.003979307114091358-0.006453512313219709j),(0.002843628730296732-0.006772001519314766j),(-0.002895542553433281-0.00498878332254466j),(0.004007248296464376-0.006550487172354421j),(-0.004694632727202866+0.002020373161533452j),(0.0038590845657227465+0.008830118830179218j),(0.0013854408139374781-0.007838784289125487j),(0.0042472525440511244-0.009056019229961394j),(0.012359158608607585-0.0075245047156909j),(0.002981501395723389-0.005193773522323487j),(0.005960894494416461-0.01317956014704555j),(0.0045115807467976075-0.012219591872495019j),(-0.00016965542888057147-0.004894838362548944j),(0.0027923331933893468-0.006371885209736209j),(0.0021208884294992027-0.0027374149027977763j),(0.00117645859093933-0.004711291952542449j),(0.006194402795189442-0.01291494612019948j),(0.003736938575869-0.012813971478964127j),(-0.0004258160955680735-0.00453157071254667j),(-0.0017968141018393211+0.009193793218371927j),(-0.004220352994839643+0.013382160103189775j),(0.0038587043861562417-0.003116341993754662j),(-0.002781554289114437+0.010452986456175505j),(-0.005952588053368332+0.014707897790164993j),(0.0037527052753401876-0.0030659486543997564j),(-0.0017519340443348484+0.009959775870863493j),(-0.0039493952817526105+0.014281434651373309j),(0.0041289886576975155-0.002950640253523658j),(0.005908041970687771-0.004757791635720895j),(-0.003494891936820962-0.011051751755285305j),(-0.0012292654470659468-0.0009180799362422474j),(0.0025059299743156486+0.02926212905946484j),(-0.028714352613529757+0.0025672357102109866j),(-0.00213838016995667+0.011732855916773727j),(0.002160726095564482+0.02549356184382993j),(0.969190914891273-0.0017716964553738178j),(-0.002209322769909238+0.013971144104001514j),(-0.004705965804913547+0.002034193676722168j),(0.0038470866993396647+0.008851247716643263j),(0.0013836509273264987-0.007842548282439389j),(-0.001035991566239658+0.002388539282443065j),(0.00028842840236417136-0.001584917888762593j),(0.0002209458400379827-0.0003842285348948961j),(-0.007320048248290332+0.003308365861308649j),(-0.004502510751507576+0.002027741641092342j),(0.0031930256484150312+0.008454815990971658j),(0.0014652421021962687-0.007456891563234603j),(0.0044049884213052904-0.00908813757947008j),(0.0065895919216538675+0.023059068588474736j),(-0.0007921920824357606+0.0007450335922222669j),(-0.0001579336799058611-0.0032351234062023464j),(-0.0006498990462725884-0.00032993960677610713j)
79,(1.665001532858684e-05-1.771177100438196e-05j),(-1.6135086729647248e-05+5.6097346593374625e-06j),(-5.149285880425508e-07+1.2102036336597148e-05j),(8.386510856411532e-06-9.531824000868373e-06j),(-1.0822292486830887e-05+1.0341696425690015e-05j),(7.614730871773497e-06+4.202521081780031e-06j),(0.0011225938735053517-0.0003941590712132836j),(0.00011284046286546705+0.0013278613601965116j),(0.0014202710177568473+0.0005370596954284235j),(0.0016068852721999372-0.0007916140015513931j),(-1.0173286104188503e-05+0.001967684426112011j),(0.0020764563732373446+0.0006776253264907158j),(0.0038108665534452215-0.011211475604628998j),(-0.007444407968813861+0.007774407647373294j),(0.00661456707297658-0.0020360986900422526j),(-0.01037802486648388+0.011617167083862723j),(0.005135843880505132-0.005194286574767481j),(0.007097951306328481-0.002828129947073956j),(0.0007135811876793144-0.00464717001850579j),(-0.0015611851079407003+0.0020814502927915274j),(0.0036036190815876635-0.005889379602074572j),(-0.005706913077049583+0.0009708501756304812j),(-0.0017460589194989743+0.002306547501488759j),(0.0036399861586547963-0.006092395434845478j),(-0.005882587920256371+0.001120704029245761j),(-0.0017461168234789285+0.0023071581514873627j),(0.0036380106988772743-0.006090667536832854j),(-0.005880242341001587+0.001124205976947231j),(-0.0017136323639227735+0.0022924727647686527j),(-0.0017312728641412228+0.002532856100793573j),(0.0035713849833462204-0.0059940990398126j),(-0.0057354989067843936+0.001253807668473129j),(0.0006758547918953901-0.0006138223362285519j),(0.0013702729097496355-0.002003065620999485j),(0.0014117846948911398+0.005619558037138909j),(0.001398670638312973-0.003503659951735378j),(0.0027501639122329076-0.0032723495810719526j),(0.0011092634558187314-0.0016253001651632907j),(0.000831848326573851-0.0008684195611893437j),(0.001231773646591308-0.0018886797084920167j),(0.0017635284014388168+0.005591365175869485j),(0.0025596976951770944-0.006419238479375507j),(-0.0029159479211631643-0.0022026652564855823j),(0.003577085672526001-0.003869943136318859j),(0.0025177969724786533-0.006440723269080658j),(-0.0028974980512548815-0.002179423852281862j),(0.0036104206549838467-0.003885595873563902j),(-0.007218230731284823-0.0042885476427012206j),(0.005472292619759682-0.011374872276460283j),(0.005801341567092156+0.0061550526717543555j),(-0.0020681224730640397-0.0011395761135506843j),(-0.00034193236769621883-0.012345328463338613j),(0.009475876817695147-0.025160549325864635j),(0.00293013271763822+0.0019702166892738415j),(-0.002333835115353466+0.0019463677202495172j),(0.004495413803209367-0.011814472311167917j),(0.0028687722039979907+0.00041300507385554075j),(0.0013729833086608186-0.0021178863401080422j),(0.003485496084509098+0.006255434017927193j),(0.0030671689908539973+0.002382659039579245j),(-0.0027263362494420987+0.0030224408606819853j),(0.003745325451140453-0.012486796936036614j),(0.0013599956427850324-0.0026188984461569184j),(0.005825336812810238-0.008792335935562716j),(-0.002664000521152972+0.03293886311465901j),(0.0016153429657799212-0.0035747652452602155j),(0.0070549570899104555-0.01051071233823174j),(-0.0030775372378697386+0.035380112333669764j),(0.0011129979924148865-0.0024856169275455017j),(0.0056162575700131005-0.008531314444221382j),(-0.0030246319595193098+0.03407967152824892j),(0.003238750698348723+0.004426399073840752j),(-0.00346814585797125+0.007088649801032408j),(-0.002925844567671369-0.010130913996848305j),(0.0031383332795806153+0.007449189518602564j),(-0.0023057376653757007+0.012349711662589438j),(-0.025246265733772935+0.005130687681824151j),(0.0031096141168865973+0.005476488479104655j),(-0.002209322769909238+0.013971144104001514j),(0.9728345383765086-0.003421550805465706j),(-0.007224353813272797-0.004292527469995307j),(0.005479708469969028-0.01137321891797223j),(0.0057962237162233286+0.006197243570027859j),(0.0014539902949262163-0.002940995819667885j),(-0.0017885169693612204+0.0021202694731929997j),(-0.0003100034363719064-0.002475662089577627j),(-0.0008893967766276517+0.006019133427504842j),(-0.006611490210155408-0.004385709919725388j),(0.005258714668300853-0.010517800863364068j),(0.004915370099289196+0.0066221971051497385j),(-0.0017289257454805556+0.004833653581128293j),(-0.0019348011385365489+0.0021271418121463805j),(0.001681173980966513-0.004179056623630052j),(-0.0035847755790058434+0.005009799338743571j),(0.0005184890488444826-0.0054582854002621735j)
80,(5.221240066053004e-06-2.7360472660772794e-05j),(-2.80049588439444e-06-4.653214689517794e-06j),(-2.420744187141572e-06+3.201368733481476e-05j),(4.636877897343607e-06-2.2827973433357402e-05j),(-1.7117699604197139e-06+8.192046966789153e-06j),(1.3943327906274486e-06+1.3512058228644395e-05j),(0.00037442281282364846-0.0020118071133569844j),(0.0005022521765752279+0.00020489194646923373j),(0.0007977865367045317+0.0007239581737302821j),(0.0005040731187735862-0.0032930093180182597j),(0.0007305884783003739+0.00024090703503116227j),(0.0011836848369191845+0.0010368625773901907j),(-0.00011943708090923202-0.02491329868027226j),(0.0021766020701252005-0.0012168431831591168j),(0.004437202067506907+0.002749670667404303j),(0.0014523523994322172+0.0005774017676585114j),(-0.0010673433498780095-0.007747130011468725j),(0.00782625216539893+0.0013205316288890413j),(0.0002278495335587393+0.0011005112935487168j),(-0.002439588344088223-0.001122254085315548j),(0.0019001694236188687+0.0008087796555999933j),(-0.0016052858920900903-0.008607654345626698j),(-0.0025903715422689023-0.0010955320162886768j),(0.0018257388518797407+0.0007853177073204351j),(-0.0016648957713958524-0.008870464568497195j),(-0.002588521058308954-0.0010935931163098532j),(0.0018228740436865456+0.0007870338334562383j),(-0.001664817567497949-0.008865061427654114j),(-0.0024959069905280146-0.001037205140613957j),(-0.002732966366252788-0.000695322206294968j),(0.0017244247943579202+0.0008685641906215245j),(-0.0016430533348268475-0.008558323776554067j),(0.0031492346396375533-0.0011066360231191288j),(-0.0011476729935821046+0.003745445671624407j),(0.0002520949657954875+0.005320403782426111j),(-0.001955940778519916-0.0024240160153588524j),(-0.00040155242691785085-0.0010023593034051079j),(-0.0008719918470037178+0.00437883909783542j),(0.00361692461750281-0.0013408614205618397j),(-0.0014094350639760713+0.003534102319321218j),(0.0003678596520769018+0.005887524903538266j),(0.014990791078287139-0.01036423473816259j),(-0.00622199556305508-0.008099138828830538j),(0.0027573517065684955+0.006588995426272955j),(0.0148337436534654-0.010173817876540262j),(-0.006084521554845946-0.00807970993027609j),(0.0028424391761884887+0.006617844407002894j),(-0.03460548014309897+0.04092884441223442j),(0.010729603668219127+0.027976958150119004j),(0.006227454323840498+0.010298572816157842j),(-0.017042422209300634+0.0038242137871636944j),(0.006664047194026425-0.00032332755235427516j),(0.002786145834010752-0.004303966026086065j),(0.006989653369668801-0.011137240085257995j),(0.0022765387609468917-0.0052718476359268655j),(0.00035185530696557154-0.0016368168166862554j),(0.009816679289160758-0.012430930142895685j),(0.0013085081897056326-0.004721018265379089j),(0.0004814914162425662-0.002035937945243858j),(0.007488786381238311-0.011238744328864419j),(0.002079739083162955-0.005282073693988517j),(0.00010830259516971739-0.0015593899317298723j),(0.011253091403365882-0.011826743430191723j),(-0.0010336031676341526-0.0030080539215501453j),(-0.00034772177063037185-0.003708606775953532j),(0.011475792700583758-0.011561498303487823j),(-0.001074557250338248-0.0025509401470703384j),(-0.00037935865219900183-0.0038147445808191655j),(0.011249979806533205-0.011876854766140654j),(-0.0012570469779010023-0.0030771914112175712j),(-0.00042040136260244497-0.0038138051102546526j),(0.008587609124751885-0.009743762654624991j),(0.0005551680488209907-0.003999912148517297j),(-0.0015889438912487478-0.0018271922910414076j),(0.008439526682887409-0.0021390405829020687j),(-0.004329250768843445+0.0015985294543432588j),(-0.006818065954295443-0.004109189981242253j),(0.008414152558433098-0.0015501599611034058j),(-0.004705965804913547+0.002034193676722168j),(-0.007224353813272797-0.004292527469995307j),(0.9652978605530049+0.04107152749869678j),(0.010657306831542507+0.022115002815482336j),(0.006220641762317673+0.008666423427532845j),(0.002675296444334276+0.0022311750545081915j),(-0.006843882532993025+0.01224707756481504j),(-0.0018866797224857592+0.0011885611940833565j),(0.0014402617645736168-0.017879058673549747j),(-0.031872185836013464+0.03655910871871692j),(0.00962368283967896+0.025686707214735087j),(0.005722361744585104+0.01015420845470731j),(-0.017654307025246764+0.0018827171728400581j),(-0.004798822169179603-0.005832666261010738j),(0.007009358303068818-0.0007386410510205079j),(-0.010586715568204329+0.017068036773418883j),(-0.004845382603174951+0.0005032816810733499j)
81,(-3.8307888125164e-06-9.339278350890937e-06j),(-1.4167436727576307e-06+1.7852769473716486e-05j),(5.247532496320111e-06-8.513491126689059e-06j),(-2.018511552912351e-06-9.327852791669699e-07j),(2.17271816662322e-06+9.751227607433208e-06j),(4.076244136027463e-06-1.053702602702138e-05j),(0.0002711632320251459-0.0002909191664585897j),(0.0007389546122823183+0.00042881970753459156j),(0.0005261091377460188-0.0012363418481647754j),(0.0003294790655705384-0.0005845487024762454j),(0.0010574503794388835+0.0005933098649481254j),(0.0007314861275310421-0.002092293380994037j),(-0.0014603365577149467-0.00835263545904341j),(0.0026325655076110547+0.0008286615586815416j),(0.001049713982902664-0.018453544079922623j),(0.004395586269993418+0.0011087677742051029j),(0.0059334707397241376-0.008620767176838195j),(-0.002132809406228062+0.003061439267382312j),(0.0048592032583805135-0.015965064911066883j),(0.0024616526181687726-0.0020174159133086195j),(-0.0025490874608397065+0.0071970972462543975j),(-0.00309514765061498-0.0007804346085126257j),(0.002526521622325551-0.0021335695326910042j),(-0.002466040991658117+0.007209078138467206j),(-0.0032805511913943292-0.0005903805295998897j),(0.0025234530801365143-0.002131418173284846j),(-0.002464198701013192+0.007202529320136779j),(-0.0032798926999809326-0.0005865599156163219j),(0.0023960784771810085-0.0020664200775200505j),(0.002776654799305918-0.002306836470282181j),(-0.002376410068389534+0.006873637770724335j),(-0.0032111950503157178-0.0004962043449726846j),(-0.004982087188169154+0.0010988581678114326j),(0.0005533476591552694-0.007613145151538742j),(-0.00019026855073229153+0.001801520257683032j),(0.0003335845397447624+0.002141002701218795j),(0.00023599336511043097+0.0019480360587103458j),(-1.3056216961425176e-05-0.010030404699884385j),(-0.005227776993604635+0.0014174723803077206j),(0.0010184564562294063-0.007944191475789637j),(0.00019960372146525518+0.0018683160974701483j),(-0.0022430127913743007+0.003839470229309038j),(0.014601141305972114-0.010483160359226763j),(0.012223814661239894-0.004800325456100472j),(-0.0022290140530036658+0.0040300199253231785j),(0.014129374327632959-0.010316461319834758j),(0.012217396181125838-0.004695378352868107j),(0.010732424993472245+0.02798925282885343j),(-0.04102414274402605+0.0224202017552531j),(0.0006046947983613005+0.01972181388035528j),(0.00898267003082105+0.00990188109276742j),(-0.015883871358296636+0.01753429656024982j),(0.0019277093148488468+0.0066881116345445385j),(-0.0008324983198217486-0.005075809072124973j),(0.002684955151323139+0.00010766426585670632j),(-0.0012670092774544322-0.0074048302675964565j),(-0.0036350866807680236-0.0061827173603066455j),(0.005684409621392183-0.004438484136652406j),(-0.0017338855506763779-0.008508381925352105j),(-0.0008591146330031959-0.005491252323070065j),(0.0029952119966794957+0.00013978355335843838j),(-0.0011798862678816869-0.007814091647717718j),(-0.005808806809723475-0.006516004291414071j),(0.009414180259872857-0.008048241296208425j),(-0.0005118343985343281-0.009181746985526486j),(-0.006398272125759602-0.006411569558173142j),(0.009093388523953461-0.008058867054097052j),(-0.0006270006407676273-0.009123593804325852j),(-0.005700407334127559-0.006588470109056029j),(0.00994733899467572-0.00836480341157269j),(-0.0003281088361423007-0.009262887066066181j),(-0.0007229326374935882-0.006708520771897057j),(0.003693860720150921+0.0015414889336558151j),(9.076733844261492e-05-0.009193175030299813j),(0.0002225891728342095-0.007710788003000961j),(0.003837833206156791+0.00832178366527811j),(0.005090580359481789-0.01121498490902672j),(0.0002979678019112412-0.0077834569105222785j),(0.0038470866993396647+0.008851247716643263j),(0.005479708469969028-0.01137321891797223j),(0.010657306831542507+0.022115002815482336j),(0.9588013690778459+0.01948098829845273j),(0.0005981844697706355+0.021541748700788017j),(-0.007524033985998952+0.009993851463392255j),(0.0011376883351571403-0.0022924553173619203j),(0.0004526322993029016+0.0058065964454767785j),(-0.010241030728185255-0.0078075204442115825j),(0.009573840207188697+0.025805362274218927j),(-0.037887234950551546+0.01793302285942652j),(0.0006337264519713417+0.01961645568727669j),(0.009150251041323236+0.006670571386781522j),(0.019343491165747115-0.012789848377437647j),(-0.012013645673054924+0.014201265608030783j),(0.005236510169851042-0.004379604165754061j),(0.00041587032931528336+0.007537189226679591j)
82,(-1.0259825489617957e-05+1.806890642324161e-05j),(9.42080113716876e-06+5.315464212583638e-06j),(8.390243475775437e-07-2.33843706189114e-05j),(-4.426834324819532e-06+1.5405337520808966e-05j),(7.5298711715668245e-06-4.983772528097919e-06j),(-3.1151395750436782e-06-1.1178317271251579e-05j),(-2.411853309001533e-05+0.0011284055383478254j),(0.000448266014988461-0.00046208530391152295j),(-0.0004949059706795128-0.0008650202218023977j),(3.318971979150882e-05+0.0018013551393170671j),(0.0007981280238466868-0.0007655010165280383j),(-0.0007516759660753811-0.001392414733911937j),(0.002782987922884642+0.01205826953452823j),(0.008522487499242448-0.006381067290708758j),(-0.0036915601140904307-0.009921532504136027j),(0.010578788843018338-0.007430083747248571j),(-0.00339468276163702+0.003488048226670811j),(-0.0029744382746957412-0.010923130338789683j),(-0.010349991452103696-0.010243015622740832j),(-0.0005015060972366884-0.0021278646066779892j),(-0.0022297305746781138+0.005038437754927735j),(0.0012455828055478349+0.005821650355244009j),(-0.0005044671815025449-0.0025495761594377664j),(-0.00229270607652214+0.005327743414787108j),(0.0014137537747299395+0.006081183685898567j),(-0.0005033548821714902-0.002554286113957676j),(-0.0022894492020416363+0.005326064540605334j),(0.0014165256407625312+0.006076327187713188j),(-0.0004605548676214601-0.0027499471788725756j),(-0.0004168297298985454-0.0028947662692643053j),(-0.0021504682747013923+0.005152424834315074j),(0.0014734807577384212+0.005761704162750215j),(0.0008820818099320221-0.009845238797917736j),(0.003412708541868625-0.004086789847433048j),(0.002239173103627389-0.009418232278281124j),(0.00026177897320900915+0.000852885286858015j),(-0.00020056310738214827+0.0008939363889776657j),(0.00452628570239331-0.004706428519425952j),(0.0008926977299228934-0.009772081228450996j),(0.0034193927612388183-0.004260946946680656j),(0.002232452933095046-0.009808657090417972j),(0.0021645779911326174+0.007360339341339353j),(0.00019774557849795547+0.002906037679866972j),(0.002979961915963219+0.0017636208514284568j),(0.0022543241307175044+0.007478118702878334j),(0.00023361125271377352+0.0027748946690000394j),(0.002767143722355232+0.0020218047144678654j),(0.006231631124989125+0.01030464106930233j),(0.0006063369245711268+0.019716853446690337j),(-0.03183152150328279+0.04078859984017247j),(0.0058281359396443145+6.100882745807643e-05j),(0.0023615417554745267+0.0038875590710197618j),(-0.010337433923689736+0.013569391567791498j),(-0.0009437874447187045+0.0006750181678947826j),(0.0004548238682009658-0.003595717191891678j),(0.005610293410847542-0.010459409071117722j),(-0.002914371455399416-0.001216992508076031j),(0.0011329345434034149-0.007131891686496477j),(0.0071754358575705215-0.010992154840382526j),(-0.0009951481343414541+0.0007303089135344528j),(0.0003488294514004498-0.0035721499706560128j),(0.005934874412335384-0.010762644236585227j),(-0.005179235310639395-0.004861683780141818j),(0.0023455956436991207-0.011695637730114299j),(0.007776253106577791-0.006505693787397026j),(-0.005279185174954913-0.005575428678788803j),(0.002717187184777634-0.012746210659884011j),(0.007930054774150987-0.006112671253487547j),(-0.005321340885155144-0.004866019695688232j),(0.0022800305798892162-0.011586120783606978j),(0.007751910268872774-0.006263172476968582j),(-0.0012090914204059093-0.00023343783691678627j),(0.0002669039633407692-0.004097571360351262j),(0.006448683183208129-0.008464667568365981j),(-0.0013782620015856313-0.005771993176928131j),(0.0012985969927703242-0.007558312217482427j),(0.00584503138243506+0.0051309247857336095j),(-0.0013896040402793916-0.006215439695269482j),(0.0013836509273264987-0.007842548282439389j),(0.0057962237162233286+0.006197243570027859j),(0.006220641762317673+0.008666423427532845j),(0.0005981844697706355+0.021541748700788017j),(0.9679666604660279+0.03345492424825494j),(-0.003594872518223213+0.00345025725301329j),(0.0014454182074360167+0.002667947639453696j),(-0.0028885347352499836+0.007265385198898414j),(0.003138979231019759-0.03331134303197404j),(0.005728056449523611+0.010098303470327117j),(0.0005125778158932928+0.019619997541073873j),(-0.029692936806261547+0.034459321781522764j),(0.005825735301261212-0.002195268574965638j),(0.00015568692622448853-0.005922633727400562j),(-0.006056319826108769+0.00585089119179128j),(0.0012292322594113416+0.0023328684573673112j),(0.0007171009355950733+0.008990125729445842j)
83,(-1.943601431600143e-06-1.1054075897460998e-05j),(1.4247734648031378e-06-1.7804846186244454e-06j),(5.188279643066702e-07+1.2834560512275607e-05j),(-1.0889689776855257e-06-9.598207460936002e-06j),(9.444661845689636e-07+2.999957606387581e-06j),(-6.99546213968786e-07+5.0022033838490805e-06j),(-0.0003962774500713683-0.0008402580647729739j),(-1.8135974733669472e-05-2.300375766344485e-05j),(-0.00010716790222088158+0.00023522293245782058j),(-0.0005976665435992846-0.0013397278821646874j),(1.728890298102623e-06-2.7166005961584657e-05j),(-0.00013380652247976799+0.00037692531600985865j),(-0.00258678472045637-0.008917809308862292j),(0.0012248442830185377+0.0002998146538705105j),(0.0005753160449692984+0.002655400631843165j),(0.002119523657519847+0.00034783592478939904j),(0.0008496811044759875-0.004297233586703219j),(-0.0010810645173629195+0.002820302444086587j),(0.003471739968787768+0.0026561573156073763j),(0.0004468793880224733+3.6882811186285044e-05j),(-0.0018163230016759993-0.00026598004279065196j),(-0.0003940137900472293-0.003983964740234284j),(0.00044243108383855976+0.00015396329647197893j),(-0.001789231995132693-0.0003090347292222864j),(-0.00046572839167781697-0.004147816385777531j),(0.00044198683192097667+0.00015655345629959905j),(-0.0017873596789124454-0.00030880809395522624j),(-0.0004667645625782228-0.004145475245054147j),(0.0004192369000848777+0.0002570348850906047j),(0.0005792741355855204+0.0002864538566414894j),(-0.001694523351985-0.00027921845843227426j),(-0.0004901307723783456-0.003999613025505477j),(-0.0014526822105456597+0.0038863315092969933j),(0.002135609735367972+0.001241578377370503j),(-0.0012419969548829902+0.0029895679349726534j),(-7.344861270285557e-05-0.00026033821728961744j),(-0.00042145085524818913-0.00033479162498096463j),(0.0029272453836229513+0.0011892036363022745j),(-0.0015321419757022277+0.003840932511111273j),(0.0022292573152739798+0.0011903653460839797j),(-0.001247354885335069+0.0032863649882114224j),(0.0005670472261718725-0.005403057503006008j),(0.004081430354998015-0.004193762397714226j),(0.0016833335114905313+0.0035627746529901094j),(0.0005778228615943239-0.005474598855599672j),(0.003948102970963791-0.004164482033504523j),(0.0016591568813881122+0.0035629961615170312j),(0.0026742181426269956+0.0022384112562568795j),(-0.0075152870724269506+0.009984809202336504j),(-0.0035885228496110072+0.0034450536634647623j),(0.0052023569416473564-0.00187876602387263j),(-0.0018745512363354437+0.003993339975474012j),(0.0004985220278934551+0.0011107795710177861j),(0.0012500238208865454-0.0011541672329298078j),(-0.0004892233804138756-0.00045782545047030236j),(-0.0002794752578730008+7.380397615687197e-05j),(-0.0001199490606078292-0.00042226864558628273j),(0.0009689799172620095-0.0017497127248099944j),(-0.00025690784708042773+0.00021283287759662708j),(0.0012006349511121095-0.0012392755539035025j),(-0.0005954091886166725-0.00041940637865509024j),(-0.0002779125694604116-3.3853661224683964e-05j),(-0.0017917568514660381-8.54815393412818e-06j),(0.0031834765354817433-0.003237125440296279j),(0.0002864779789903823-0.0001361510880493826j),(-0.0020551130179263183+0.00016095229150389287j),(0.0032940725737750673-0.0031032547614544097j),(0.0003048831765065886-7.385440380878842e-05j),(-0.0018057622142556007-5.8786000470508956e-05j),(0.003346661773500594-0.003449538507840049j),(0.0003358370690691658-0.00020180728720982756j),(0.0007459198586023943-0.001736208444544312j),(-0.0009228648984830245+0.00012255524232779682j),(-3.249530982658963e-05-0.0007304932152475868j),(-0.000617043722605366-0.0031184897789897064j),(-0.001031873022373805+0.0022257307072990444j),(0.0013458613191949494-0.002781244649907211j),(-0.0007223967181261739-0.0032263649276780123j),(-0.001035991566239658+0.002388539282443065j),(0.0014539902949262163-0.002940995819667885j),(0.002675296444334276+0.0022311750545081915j),(-0.007524033985998952+0.009993851463392255j),(-0.003594872518223213+0.00345025725301329j),(0.9417586239195492+0.06715576109474244j),(0.03093695876538754-0.028291658729424643j),(0.01970129846992195-0.023374793101123646j),(-0.00340277400379227-0.0032265165481772523j),(0.002662241558996632+0.0018077687201844411j),(-0.00713421622379879+0.009377559733169314j),(-0.0034620043606981734+0.0033120135549462816j),(0.005616304812117646-0.0027609894932212296j),(0.005517738297825849-0.007159341241266532j),(-0.07764205312858904+0.03136488534225358j),(0.04183944710603533-0.007250691443269597j),(0.026405335778881957-0.01316952974794873j)
84,(2.3846247415680977e-06-7.194508071902115e-06j),(-3.170470396798358e-06+7.052859150437804e-06j),(7.858456582098549e-07+1.4164892010226742e-07j),(1.314880733837067e-06-3.705886044021203e-06j),(-1.5061651305397061e-06+4.43631882401402e-06j),(2.2088632492910957e-06-3.5371431942858933e-06j),(0.00016386503918243078-0.0006539743260135858j),(0.00010768926552451763-1.773831247887036e-05j),(0.0002475448770011921-0.0006972129675082376j),(0.00023724681904299265-0.0010067666883610844j),(0.00015235664761386323+8.533029357992404e-06j),(0.0003718977377364504-0.0010870352844911191j),(0.0006696739205078223-0.005224186992068371j),(0.0002487882956317015+0.0016114537296079787j),(0.0016094587403545585-0.006204364638535461j),(0.00021095916165280045+0.003015378346176164j),(0.0001192030635747375-0.0005938940852779108j),(0.00128323044796122-0.0008602384727618775j),(0.00014304383683129852-0.0024470102359962984j),(-0.00020225259755848359+0.00114325855690532j),(-0.0007686650036416213-0.000756613390899552j),(-0.0004025430189670211+0.000602288669581565j),(-0.00019695315206654136+0.0012216119731930167j),(-0.0008191152016407076-0.0007550617353189806j),(-0.00042126336435251936+0.0006390091175275496j),(-0.0001967114410121808+0.0012205082700921781j),(-0.0008192095099365236-0.0007539978205520527j),(-0.000421307351662425+0.000638810183417219j),(-0.00018345340063733416+0.0011578876896982757j),(-0.00018038816179740324+0.0013571677910972236j),(-0.0008107756025652357-0.0007071368767342344j),(-0.00042110976520785565+0.0006119600782147029j),(0.0005310581063710934-0.0028681717972240776j),(-6.554925240408486e-05+0.0008436075512445844j),(-0.0002883976323199795-0.0012946382756090988j),(6.171414861265406e-05+0.00038897632611394127j),(0.00024939644343814366-3.5879107517142704e-06j),(-0.00017425088657592198+0.0013271792207143127j),(0.0006107457066028381-0.0030436182096090746j),(4.401221717846744e-05+0.0008684059286339224j),(-0.00023922045233200004-0.001363954309449019j),(0.002342142335137901-0.0021499390472775153j),(0.0026966523154513065+0.0018383960435560606j),(0.00142492674271259+0.00011593163226216184j),(0.002285664569926825-0.002077795545818887j),(0.002670743582102864+0.0017365613604510763j),(0.0014318492783297824+0.00012315968860676966j),(-0.006839480130187982+0.012237449587004153j),(0.0011320234151886502-0.0022825071074988115j),(0.0014425601660855915+0.002668184636372838j),(-0.004640050753150574+0.005899062469651167j),(-0.00023161854900973118-0.001659899199482907j),(-0.0008743689016202005+0.0019407485220623898j),(0.0007315239938195744-0.0025224969530493403j),(0.0013102340580073949-0.00020752848183875922j),(-0.0006577993939563299-0.0015221109376918848j),(0.002050164040298341-0.0045302144535330656j),(0.0008309846806468203+0.00044393608454340247j),(0.00010958285342170396-0.0029846928947800657j),(0.0007971849777936967-0.002538534132621012j),(0.0013843105451865649-0.00024682299656230994j),(-0.0007352862395421731-0.0014238565979486275j),(0.0034181967400791482-0.005944298460192895j),(-0.0003065754069495358+0.0014011943422584214j),(0.0009912159897016496-0.00403107390037009j),(0.0035821112856848393-0.006188178491081876j),(-0.0004205449446466874+0.0012771854333200972j),(0.0010961181296595133-0.004221228335776566j),(0.0034524405735356957-0.005941156099457806j),(-0.0003659316668338361+0.0015610663407385754j),(0.001013636085537296-0.004024622921439097j),(0.0010505207363767297-0.002089399770427192j),(0.0013853267591905978-0.0005392388441466658j),(-0.001030777345205211-0.0006519540910910559j),(0.001380093446089105+0.00012154307105579653j),(0.00037111298224257487-0.001509620540672824j),(-0.0017349915045618612+0.0019208589075955362j),(0.0014038241129254122+0.00029395058274813275j),(0.00028842840236417136-0.001584917888762593j),(-0.0017885169693612204+0.0021202694731929997j),(-0.006843882532993025+0.01224707756481504j),(0.0011376883351571403-0.0022924553173619203j),(0.0014454182074360167+0.002667947639453696j),(0.03093695876538754-0.028291658729424643j),(0.9568888487503397+0.04615239296304915j),(0.0031825463023378293-0.0001677037683604117j),(-0.0030218547180530277-0.005791551445980224j),(-0.006516604105709942+0.011497277458616941j),(0.0012807511293162037-0.002304774729840666j),(0.0013928978165114213+0.002462966894719343j),(-0.004566669944951956+0.005792201654743931j),(-0.0009862814741002338+0.004503251551862682j),(0.04195523577083672-0.00816951046878703j),(-0.05816905703139568+0.003654940773915201j),(0.004980255825117693+0.018156063064272514j)
85,(4.548185322966991e-07+1.3168679361395081e-05j),(-1.0765952353533484e-07-5.32175392133696e-07j),(-3.471590087957775e-07-1.2636503965047014e-05j),(8.128962644724108e-07+1.1131078580698877e-05j),(5.024686334763151e-07-3.846891147966035e-06j),(6.141580914570182e-07-3.2439164840291088e-06j),(0.0006110556796490659+0.0012002951093221656j),(0.00030926573714720756+0.00017815232371380153j),(0.0003200162929407629+0.00013916987792140937j),(0.0009335873362792314+0.00183311175378568j),(0.0004531337021828944+0.00019860723077719047j),(0.00046236605180212593+0.0001399168099236168j),(0.004548135658199728+0.009091547547351742j),(0.001438435961509623-0.002074227317819669j),(0.0011676747920164707-0.002314147011877165j),(0.0011998639014719054-0.003007207440980297j),(-0.0012794901072221477+0.0006541728235828666j),(-0.0017874342233800142-0.0034847407378612444j),(-0.004292065151281763-0.007028477690452135j),(-0.0013303620684325427-0.0021877520922786928j),(0.0004933153867379976+0.0036704882133698474j),(-0.0008350235171240286+0.002299753481821103j),(-0.001427674550963101-0.002454387223826882j),(0.0005050451072392949+0.003774670097675215j),(-0.0008017505440979387+0.0024755154770899146j),(-0.001426075430272618-0.00245511610338151j),(0.0005055154829963083+0.0037726768369534492j),(-0.0007990013924541936+0.002475299518263402j),(-0.0013462993608810878-0.0024760096951777447j),(-0.0015151725523541635-0.0026936617720343566j),(0.0005116708290227273+0.0036391672548143055j),(-0.0006938647385209113+0.002413427600431506j),(0.003007918085506997-0.0017902487058659572j),(0.0006638612300544055-0.0024720966795217358j),(0.003580835116738868-0.0009130783587154156j),(-0.00016333807975943898+0.00010842119109712221j),(0.0004783706416965136+0.0008796574225113057j),(0.000568242875512371-0.0032210918979625643j),(0.0031394738105716352-0.0015498580581866453j),(0.0005575561050355359-0.0026266720624010444j),(0.0036867541762344996-0.0010566967907106768j),(0.0008745192918139725+0.00670971494311297j),(-0.004901701659078356-0.002499473500545921j),(0.00022446662287624135-0.0027390985257250595j),(0.0008740434086673288+0.006774578283112095j),(-0.004817349576584104-0.002463561869784643j),(0.00019804692723615473-0.0026989999682873727j),(-0.00188505311649573+0.0011831608505655782j),(0.00045299607301478584+0.005802850625746214j),(-0.002888023299913483+0.0072670063527829586j),(-0.001435734954301676-0.001093652437162627j),(0.00012671734673114048+0.0018656181201896415j),(-0.0001712030036850934+0.0009398305631890189j),(-0.0010711373262571175-0.00022670313979604732j),(-0.0004662657819814408-0.0010147767950161452j),(0.002604675284865566-0.0012748893936430162j),(-0.00027510265468973206-6.810128947397083e-05j),(3.0128609608397108e-05-0.0020285520678627817j),(0.002355582549619641-0.0014246700056678142j),(-0.0010949594990271433-0.0001944765403591377j),(-0.0005142051869909628-0.0009959667679592223j),(0.0026469494465655944-0.0013448553446728387j),(0.0009979550741046257+0.00014413137483913112j),(0.0007718198657949986-0.003156158904569842j),(0.00116624867457831-0.0016327219958730621j),(0.0011988319724394558+0.00018299119542461526j),(0.0009591938354970189-0.0032531050476737934j),(0.0010543111521964371-0.0016477931506237709j),(0.0010186377539975785+0.00014231215269665948j),(0.0007460380619441001-0.0032124597044741955j),(0.001108574012911878-0.0016459552405764172j),(-0.0008625209579183162+5.11071237208375e-06j),(-0.0004913559952574635-0.0008408750978582732j),(0.0022352334706593744-0.0016349362031827016j),(0.0004971046135010251+0.00048712844751540394j),(0.00016775379320721527-0.00041509220452533606j),(-0.0001239281467507148-0.002413975656333534j),(0.0006044152489273463+0.0005222379936309857j),(0.0002209458400379827-0.0003842285348948961j),(-0.0003100034363719064-0.002475662089577627j),(-0.0018866797224857592+0.0011885611940833565j),(0.0004526322993029016+0.0058065964454767785j),(-0.0028885347352499836+0.007265385198898414j),(0.01970129846992195-0.023374793101123646j),(0.0031825463023378293-0.0001677037683604117j),(0.9661109051581714+0.042891683108594474j),(0.006173475047866083-0.005781550621780374j),(-0.0018148377932223842+0.0012798651658891065j),(0.00038847980565010886+0.0053562268170406265j),(-0.0026041620261436954+0.0065987430482886186j),(-0.0013275619688172882-0.001437410866102216j),(-0.00035101171573804785-0.0036700394617236775j),(0.026141591104560234-0.011727280862227392j),(0.005447350463012759+0.016863005901373785j),(-0.04367144030509321+0.007298578732463221j)
86,(-5.016997807573749e-06-2.9381487203214176e-05j),(-8.256008814669e-06+3.549097668572155e-05j),(1.3273006698800165e-05-6.109489508474193e-06j),(-4.4412403796220305e-06-7.071453814544244e-06j),(7.601220000767123e-07+2.6425531240860925e-05j),(1.0757362990810326e-05-1.3808797673370174e-05j),(0.0005043854011191982+0.00013965692607057194j),(0.0014264977913693872+0.0024514600245306734j),(0.0015195801435861074-0.0009603097531958166j),(0.0006544469750515433-3.091192797264946e-05j),(0.002075177531918132+0.00373007147360399j),(0.00232252611470329-0.001773202950237429j),(-0.0007145133803386182-0.010175034617556655j),(0.006595956242497741+0.018173536610172382j),(0.012401285547271362-0.02133973057488762j),(0.012267063507129413+0.025252505310755676j),(0.019872641526601113-0.04714862472581344j),(-0.00491760449691166-0.03948877100932453j),(0.0333362895522606-0.051992189208525524j),(0.004871242544875913+0.0025572618013771226j),(-0.012245168029369362-0.015377735547490008j),(-0.0030526722144869414-0.005491886431449024j),(0.004949064456749777+0.003241107345693821j),(-0.012130418413900312-0.01567807231419401j),(-0.003814162869300165-0.005094960574738688j),(0.004943045445640778+0.0032585932551471575j),(-0.012119420907872077-0.015668745260999803j),(-0.00382320044009512-0.005069629646728399j),(0.004729742703012602+0.0037983417949030915j),(0.0051575791249554755+0.004466338203891154j),(-0.011559703913069392-0.0153690622413055j),(-0.004053038411480116-0.00416336585870156j),(-0.005079686680358435+0.017296966107755662j),(0.013268691825019593-0.006872698068549623j),(-0.010454279537707344+0.027723195518032026j),(-0.007825828909511579+0.013777378818658127j),(-0.009543048550705391+0.011266134023764869j),(0.013045436866056814-0.011370330407840665j),(-0.00542150018643775+0.017860992804059304j),(0.015333351487942242-0.005007623286396021j),(-0.010463879140358758+0.029354536379818483j),(-0.0015263837855081439+0.0057551686631353086j),(0.06346923760302274+0.03924494751381587j),(0.0017503151584807178+0.03411694379620812j),(-0.0023303505389435453+0.0056307255256344j),(0.0614777319496757+0.04011749390363524j),(0.0012267324738816756+0.033878500468290586j),(0.001439665430636802-0.01786833744660181j),(-0.01024607560891342-0.007809086560804306j),(0.003137944691698024-0.0332992055204621j),(0.0011240692892504878-0.00811903182318215j),(-0.008939660579398635-0.005177515537261163j),(0.001720055535363525-0.019442969936401468j),(-0.00021956088819604746+0.003987890010345171j),(-0.0038815810776165515-0.0020711141697064093j),(0.00018447994728298478+0.00043192049355874566j),(0.001601801631249775+0.005735989505185387j),(0.0010578946278699348-0.003910358963706366j),(0.0012872530946218198+0.003921926231126982j),(-0.000466236293868004+0.004274782366846993j),(-0.004226150958563642-0.001706230958622006j),(2.2311313858089593e-05+0.0008402820505293996j),(0.004280075787312549+0.007428497435204432j),(0.007655348222094495-0.0064445678320400575j),(0.0030664040587416674+0.007576940398046402j),(0.004449640198909741+0.007670752632702875j),(0.008094865901242684-0.006545236085656653j),(0.0031658578155013134+0.008028215559716157j),(0.004451694500810156+0.007451081041921483j),(0.008065157152510492-0.006644308216585634j),(0.0031890125845874793+0.007671391209300344j),(-0.0012950903392881885+0.005394915797574234j),(-0.0053987649640255195-0.0001634489608847529j),(-0.0004370190110975393+0.002485293097462867j),(-0.0025172164881081486+0.007539134681319759j),(-0.0071858619559204+0.0030579379095861258j),(-0.0008607821541355579+0.005765827492118954j),(-0.0026062968295609166+0.007710149143400752j),(-0.007320048248290332+0.003308365861308649j),(-0.0008893967766276517+0.006019133427504842j),(0.0014402617645736168-0.017879058673549747j),(-0.010241030728185255-0.0078075204442115825j),(0.003138979231019759-0.03331134303197404j),(-0.00340277400379227-0.0032265165481772523j),(-0.0030218547180530277-0.005791551445980224j),(0.006173475047866083-0.005781550621780374j),(0.8670843235892198+0.11485238537761615j),(0.0012343255442340596-0.016878299810907407j),(-0.008993577138693698-0.006681720353924288j),(0.002763464666606171-0.03073756242122061j),(0.001584739496982003-0.007997322248963198j),(0.012604664468471078-0.009478448652955761j),(-0.006091823360749786-0.004657541580211356j),(-0.004996338290229894-0.01058725204763119j),(0.010017077639235329-0.008481903608966876j)
87,(4.840904033268629e-06-2.5302694943112383e-05j),(-2.3267946067048445e-06-4.505082105550737e-06j),(-2.5141094312182353e-06+2.9807777034002552e-05j),(4.425438514423397e-06-2.1143147076435938e-05j),(-1.4597014965344076e-06+7.542867806327191e-06j),(1.110287975590577e-06+1.2688414414693943e-05j),(0.0003700094998046592-0.0018535704389158608j),(0.00048808458221955925+0.00019567880802499383j),(0.000739827042130914+0.0006991505950707538j),(0.0004986256201507532-0.0030368708755087216j),(0.0007073167126304993+0.00022886947223432004j),(0.0010920857086267584+0.0010033623626213438j),(-8.967637179119962e-05-0.023075275061279866j),(0.0020045117279525685-0.0012267408793093949j),(0.0038693630805207383+0.002738690470103657j),(0.0013595477493498589+0.0004501237600918022j),(-0.0007688748746534513-0.007033112658200034j),(0.007216191381179482+0.0009948343335694767j),(9.219229707308537e-05+0.0012562765487855853j),(-0.002133913140494042-0.0011473529418528816j),(0.0017490613468160961+0.0007062862366567376j),(-0.0014566383100852861-0.007951150294618374j),(-0.0022699831334280418-0.0011350575550345592j),(0.001681428623125915+0.0006876760885147969j),(-0.0015070396393643912-0.00819843006740437j),(-0.0022684654460486202-0.0011331395063061333j),(0.0016787442723969473+0.0006892887510103833j),(-0.001507018719909884-0.008193541856353192j),(-0.0021909292721217573-0.001072514915792402j),(-0.002406823432018162-0.0007808491745489093j),(0.001585057477794621+0.0007652644940496294j),(-0.0014906951999368741-0.00791307976791478j),(0.002711240892036352-0.000563377890989872j),(-0.001184351975079821+0.0035179414812716633j),(8.809051056137777e-05+0.004892743108981582j),(-0.0018238719282238304-0.002050467717985517j),(-0.00031438805515290235-0.0009004192185837097j),(-0.00095431186935985+0.0040362069323128j),(0.00310940191983657-0.0007640187198660348j),(-0.0014057449742365473+0.003353022869010805j),(0.0001975950604742494+0.005420344275102563j),(0.01337373452756294-0.009671966463877022j),(-0.005403496597321236-0.00704655578480164j),(0.0027705812710888417+0.006022264854429516j),(0.013257349442597877-0.009458886131401747j),(-0.005262610715143184-0.0070826030943975556j),(0.0028475111105736124+0.005978490175282725j),(-0.03185893899747207+0.03647036477460548j),(0.009560799219913626+0.025747661363862334j),(0.005720770215700591+0.010071306503379548j),(-0.01531036898739269+0.0028601378445732052j),(0.006276627002748217-0.001435688779259866j),(0.002521484477330086-0.004429880970495981j),(0.006864181575057261-0.010772368050356036j),(0.002120171670768391-0.005151261626265947j),(0.0001612443662844141-0.0011068283975171323j),(0.009258273896293256-0.011735523511493814j),(0.0012494058422153002-0.004436244239442726j),(0.00035985495154108806-0.0016140032876559005j),(0.007326547096120172-0.010866591574915043j),(0.0019279213933919262-0.00514834077566806j),(-6.696659003786872e-05-0.001022592529357208j),(0.01022193309150509-0.01078434470147964j),(-0.0009307098699156142-0.0026311953222003803j),(-0.00031873157736493564-0.003550531589693066j),(0.01035856943988287-0.010464495085730337j),(-0.0009471186065089923-0.0021719805601192327j),(-0.00033661304535737317-0.003684887004585904j),(0.010213425463806793-0.010827348713550067j),(-0.001141553221911339-0.0026995479794562635j),(-0.00038251233628644704-0.003666615872499293j),(0.008246232660812472-0.009326016634737824j),(0.0004895492508792531-0.003873993086397687j),(-0.0015638833143885094-0.0014167670279454953j),(0.0077406083236611755-0.001673953561438457j),(-0.004144417653716035+0.0016012177497324708j),(-0.006246322375287391-0.004167179817589622j),(0.0076884744632252-0.0010810691247222295j),(-0.004502510751507576+0.002027741641092342j),(-0.006611490210155408-0.004385709919725388j),(-0.031872185836013464+0.03655910871871692j),(0.009573840207188697+0.025805362274218927j),(0.005728056449523611+0.010098303470327117j),(0.002662241558996632+0.0018077687201844411j),(-0.006516604105709942+0.011497277458616941j),(-0.0018148377932223842+0.0012798651658891065j),(0.0012343255442340596-0.016878299810907407j),(0.9692313644634669+0.03802880396750443j),(0.009362753682965456+0.019286853107655252j),(0.005699286119983718+0.006914985405088198j),(-0.015920762695095285+0.0014899293659851893j),(-0.004378604061038568-0.0055963672907009075j),(0.006674905214639932-0.0008585417004969196j),(-0.009862811967675595+0.01574471426277889j),(-0.004535793890682866+0.0006190464345381107j)
88,(-3.137418682263122e-06-8.785965686124092e-06j),(-1.8328928469564242e-06+1.6536681731052905e-05j),(4.970311540033989e-06-7.750716048633897e-06j),(-1.7659663040263786e-06-9.95226314838133e-07j),(1.6471925994421588e-06+9.048309169202416e-06j),(4.002144991491806e-06-9.736820633380751e-06j),(0.0002473686374845542-0.00029059983225863083j),(0.0006496303624407477+0.0003947853042078805j),(0.0004998408218164352-0.0011566265680519763j),(0.0003058573126985066-0.0005740950949513538j),(0.0009308015284212682+0.0005466019784020062j),(0.0007030599374978765-0.0019570293587336065j),(-0.0011040154139427714-0.007910397091290532j),(0.0023612511584456273+0.0007846963067647053j),(0.0013395693944859544-0.01724631164489792j),(0.0038975706422209795+0.0010917708851614118j),(0.005571844935921241-0.007941388743688889j),(-0.0017044202387889382+0.002847171347801078j),(0.004472786244298192-0.014989793207812034j),(0.0022085960302114364-0.0018779244350908674j),(-0.002236225460885616+0.006628490159829542j),(-0.0029780180587031407-0.0006371390824961203j),(0.0022636053272697423-0.001988426543499313j),(-0.0021612128113108605+0.006637237630163865j),(-0.00315258278450191-0.0004560161301425218j),(0.00226076959473406-0.001986520019411034j),(-0.0021595985700923193+0.006631213099531909j),(-0.0031519490444011956-0.0004525200270243542j),(0.002144124514550245-0.0019304555619840055j),(0.00249221013671585-0.002144290193705465j),(-0.002080458527511795+0.0063292642843091156j),(-0.0030866899023741534-0.00037245838469573576j),(-0.004559987809526364+0.0007940781577403608j),(0.0006255606599408625-0.006961896462142273j),(-0.00018196242199259194+0.0015641471618768124j),(0.00026523663138007774+0.0019528761736932521j),(0.00011385708502884045+0.001900036561656191j),(0.00019238153672020142-0.009119201184343248j),(-0.00477005431976027+0.001093675569081751j),(0.0010098395044983613-0.007280488474959818j),(0.0001805667082670937+0.0016147194841378693j),(-0.0018804317619405186+0.003977738310035308j),(0.012473243927023278-0.00985437648310994j),(0.011490846249625443-0.004252159995186908j),(-0.001846651970736811+0.00411525437252367j),(0.012088701586312145-0.009637923559111484j),(0.01147268511366734-0.004229444103347765j),(0.009612768758327846+0.025641955713253554j),(-0.037870515842320596+0.017877254208861812j),(0.0005161344182337052+0.01960867068917927j),(0.008437806926069553+0.00876741863184933j),(-0.014196707069640543+0.017739263507214866j),(0.001975835600380274+0.005609818726783941j),(-0.0008279325919921979-0.004730068943034493j),(0.002996286223820285-0.0001325381056388017j),(-0.0014424058637087234-0.0069414669970083755j),(-0.003444987198447708-0.005708512324902978j),(0.00548478975479984-0.004368813453387943j),(-0.0017880226935399093-0.007893635701134862j),(-0.0008541582606266911-0.005106862012560597j),(0.003285526204418656-0.0001477610513727776j),(-0.0013744783553305165-0.007307370568366006j),(-0.0054130308000429166-0.005948042267049867j),(0.008529273448585435-0.007449767674835874j),(-0.00034514448625362734-0.008441224917382768j),(-0.00596330758473583-0.005852109552181459j),(0.008118013699534396-0.007408731279555069j),(-0.00044574847404310646-0.008370394219366058j),(-0.005303003803510559-0.006010366195278636j),(0.00903758342741838-0.007738131518303652j),(-0.0001528456355555086-0.00851548962636045j),(-0.000702975008504929-0.006205190403754716j),(0.003770818425793545+0.0011621466397392735j),(-0.00014169361921679018-0.008543046403269004j),(0.0002196327097319706-0.00709389190321313j),(0.0032361141444725875+0.007925362851918954j),(0.004868071929798653-0.010374259226245013j),(0.000292839562711836-0.00715819182528782j),(0.0031930256484150312+0.008454815990971658j),(0.005258714668300853-0.010517800863364068j),(0.00962368283967896+0.025686707214735087j),(-0.037887234950551546+0.01793302285942652j),(0.0005125778158932928+0.019619997541073873j),(-0.00713421622379879+0.009377559733169314j),(0.0012807511293162037-0.002304774729840666j),(0.00038847980565010886+0.0053562268170406265j),(-0.008993577138693698-0.006681720353924288j),(0.009362753682965456+0.019286853107655252j),(0.9640345082747135+0.018300719836815346j),(0.0005639552646375947+0.017702322124397662j),(0.008558734875762777+0.0051649634149370915j),(0.018271632558949105-0.01185475343212591j),(-0.011199681512831721+0.01308158573014265j),(0.005076764618789087-0.004000350925803167j),(0.000304084440471573+0.006842332235496283j)
89,(-1.0046815561242482e-05+1.671452105098243e-05j),(9.140651034124587e-06+4.84510524985165e-06j),(9.061645209008356e-07-2.1559626285350137e-05j),(-4.330857801389594e-06+1.4290295330571407e-05j),(7.362494237647785e-06-4.5622209225245146e-06j),(-2.9702658341373613e-06-1.0217020964224022e-05j),(-2.2148102037614298e-05+0.001073364535108565j),(0.0004596074256292195-0.0004095580096707965j),(-0.0004495124057587084-0.0007683500992842105j),(2.4820553678927518e-05+0.0017076273249759908j),(0.0008048447936864103-0.0006866825416853352j),(-0.0006870085845186479-0.00124307395204624j),(0.002306150755423008+0.01121543655273756j),(0.00814338536088367-0.006024729693400763j),(-0.0035382141938310988-0.009093785982209213j),(0.010136157955543413-0.007018181452184518j),(-0.003440765797572353+0.0034592909847212024j),(-0.0028297051026910346-0.010232676173823747j),(-0.009558937863961912-0.009386944531962642j),(-0.0004503836268389571-0.0019211184344740256j),(-0.0021843488131709846+0.004672841360935358j),(0.0013096406938462855+0.005219040691346073j),(-0.00044477618452455126-0.0023111045261685163j),(-0.0022467338843174863+0.004943292092416033j),(0.001467177946991756+0.0054559680710368555j),(-0.0004436616948390878-0.0023155610529483166j),(-0.0022436611406027943+0.004941764921186614j),(0.0014697361269851896+0.0054516908224540046j),(-0.0004017953798361928-0.0025003113447179537j),(-0.0003581803176461767-0.0026236979719482523j),(-0.0021122405707106654+0.0047814000376064985j),(0.0015224714558794014+0.005172511529994125j),(0.0008985912171873159-0.00924486027870699j),(0.0031635843700650867-0.003778010266723905j),(0.0022617309443557464-0.008323264575049276j),(0.00016660498859333794+0.000741238687960168j),(-0.00024290812004539345+0.000903988602665229j),(0.004173103852110255-0.004385018630585314j),(0.0009138416209503778-0.009180168979274834j),(0.003176966819444468-0.003935005115636974j),(0.0022392650941864965-0.008659690918449703j),(0.0021357755474498+0.006723795589503487j),(0.0003634168252479971+0.0028645445294787804j),(0.0020611559347815+0.0015847994971540415j),(0.002213480095737009+0.006766518393429045j),(0.00037660885294882014+0.0026630657811651214j),(0.0019167477819842012+0.0019097779670980202j),(0.005718880931438169+0.010133482847836116j),(0.0006387197475890595+0.01960031750521943j),(-0.029685393008078355+0.034358495928326946j),(0.0054581307868225+5.282801584224461e-06j),(0.0024274233034298574+0.002842571677016386j),(-0.008960671076064658+0.01298048564708287j),(-0.001162194457412401+0.0012472929171488643j),(0.0001214368121975854-0.0030339342790333566j),(0.005984383523160999-0.010840692762561353j),(-0.0029158806302134817-0.0007821652250408571j),(0.0008967196611897567-0.0064776665948535j),(0.007084927498298173-0.010896623572118075j),(-0.001215438399563456+0.0013180489326442835j),(2.819273361614623e-06-0.002972579020261065j),(0.006285938617069815-0.01116434233720087j),(-0.0048084567322806675-0.004785694400257563j),(0.00232933655333372-0.011096260746533842j),(0.006989203699143031-0.005643175770137763j),(-0.0048408316424796505-0.005552766207633904j),(0.0027506585203635856-0.01216595790394984j),(0.0070842274419384375-0.005172826540319043j),(-0.004947123530332614-0.004798799110362888j),(0.0022568112463641956-0.010981994565059203j),(0.006933139441865116-0.005370597801962502j),(-0.0013211236603732366+0.0002662328021428668j),(-2.5768314816872185e-05-0.003459792828502003j),(0.006518113823593423-0.008728331055724733j),(-0.00102474176035635-0.00583581826907968j),(0.0013525963987911875-0.007153987789626073j),(0.0050317988684164296+0.005506066492266652j),(-0.0009997563332850652-0.0063232453690818405j),(0.0014652421021962687-0.007456891563234603j),(0.004915370099289196+0.0066221971051497385j),(0.005722361744585104+0.01015420845470731j),(0.0006337264519713417+0.01961645568727669j),(-0.029692936806261547+0.034459321781522764j),(-0.0034620043606981734+0.0033120135549462816j),(0.0013928978165114213+0.002462966894719343j),(-0.0026041620261436954+0.0065987430482886186j),(0.002763464666606171-0.03073756242122061j),(0.005699286119983718+0.006914985405088198j),(0.0005639552646375947+0.017702322124397662j),(0.9715186128325201+0.03211672206442358j),(0.005405911279450501-0.002397489640114442j),(-0.00021479913905976056-0.005153264672380935j),(-0.00572840666450434+0.005545664657737314j),(0.0011162713765201996+0.002128011267109644j),(0.0008524058944159474+0.008269949362694647j)
90,(6.397359434133416e-06-8.582249203251222e-06j),(-1.5561245355663431e-06-5.621878393599203e-07j),(-4.841234904365847e-06+9.144437035564336e-06j),(3.881204520217732e-06-9.183570995297468e-06j),(-3.523731314731514e-06+5.114487499193437e-07j),(-1.760118348418349e-06+1.1707187945200442e-06j),(-0.00028606167091912657-0.0015739321120067484j),(-0.0006119450538299865-0.0007644787213088148j),(-0.00048014421933317733-0.0006593857180992794j),(-0.0003144522583983971-0.002386672910940022j),(-0.000801047515420189-0.0010378741340702734j),(-0.000590907676766954-0.0008906190418573781j),(0.0030409612790541123-0.011476494655646815j),(0.001089404331998805-8.820874434195547e-05j),(0.0025107117952069377+6.596649317830482e-05j),(-0.0005971874032122365-0.0010317869709868055j),(-0.004704537510035363-0.013863614277598895j),(0.00673508895248795+0.008641241465408959j),(0.00240343160342418-4.53424687800279e-05j),(-0.003302471685865614-6.646417744725439e-06j),(0.0031394954313114895-0.0018866076029141025j),(-0.001211535869467147-0.004986951399053507j),(-0.0034621946927829387+0.00025714686540593374j),(0.003089042049617477-0.0020918366344694875j),(-0.0012816646916116803-0.005186671659096297j),(-0.003458057554249456+0.00025859909158948554j),(0.003085085341278141-0.0020902345445090263j),(-0.001281870784290344-0.005184958527137519j),(-0.0032765813534831744+0.0002522911154633589j),(-0.0036182545479879567+0.0009248461181258476j),(0.0029313998673942063-0.0019569161998351558j),(-0.0012653960916342028-0.0050779636960015225j),(0.0065552211855046906-0.005120972064638761j),(-0.0020191204028862323+0.0037496202606609724j),(0.0009019243069512957-0.0009980453767354965j),(-0.000819342249031542-0.003964736985035213j),(-0.001372042951093785-0.0028142003435899414j),(-0.0029670178646052574+0.006439328546353668j),(0.007142155063959229-0.005507136972321754j),(-0.002121715508046631+0.003364554398412255j),(0.0010480171046930325-0.0007917177068317988j),(0.011168938153798842-0.006402850687873927j),(-0.005170485705400383-0.009700617946717968j),(0.0005410502972124633+0.006461408065688137j),(0.011054462897765148-0.006345775897218877j),(-0.005046149969126467-0.009740179876083407j),(0.0005888905722762376+0.006499063027350316j),(-0.017661694985475908+0.0019261850751250576j),(0.009148036498214513+0.006726739318912803j),(0.005823360134581827-0.002154196673928092j),(-0.022192680334044066+0.03472875251781384j),(0.006877339719632888+0.04659539288881438j),(0.0038470438721693815+0.028856566186963258j),(-0.0017045344318253528+0.013601616606166624j),(0.00011486859438163697+0.003579424945190748j),(-0.0030760208493537055-0.006419191261651927j),(0.005563118611571024+0.0011082338738717876j),(-0.0023267469710622148-0.0014316925293554796j),(-0.0025464405183687885-0.007839623433608868j),(-0.0016232708119512675+0.013314649181358077j),(0.0001913976584203038+0.002281289525622919j),(-0.00331658976182035-0.007302335078437335j),(0.015670934146583174-0.017385650366416858j),(-0.0035248983248409946-0.0031461945083262545j),(0.00016944043561196672-0.0018240735399944748j),(0.01685487315632802-0.019614558931806764j),(-0.003554835439199089-0.003687486088071401j),(0.0005286086829162696-0.0010541811655927406j),(0.01599024193692545-0.017940051516519954j),(-0.0036211116885186082-0.0029696006991044733j),(0.00024318295482002805-0.00156648360922359j),(-0.0006423420658260992+0.007015004551067585j),(0.0009689592128917933-0.003219435431882413j),(-0.003553264250840842-0.008162267813883272j),(0.0031267596604184445-0.01508983499283368j),(0.004157811561710788-0.008720323088340433j),(-0.0018683625171861855+0.0038385308714002433j),(0.0034143676513697686-0.016798954109359138j),(0.0044049884213052904-0.00908813757947008j),(-0.0017289257454805556+0.004833653581128293j),(-0.017654307025246764+0.0018827171728400581j),(0.009150251041323236+0.006670571386781522j),(0.005825735301261212-0.002195268574965638j),(0.005616304812117646-0.0027609894932212296j),(-0.004566669944951956+0.005792201654743931j),(-0.0013275619688172882-0.001437410866102216j),(0.001584739496982003-0.007997322248963198j),(-0.015920762695095285+0.0014899293659851893j),(0.008558734875762777+0.0051649634149370915j),(0.005405911279450501-0.002397489640114442j),(0.9699339001926194+0.04470724737405087j),(-0.005198010476340561+0.0026586644748133256j),(0.01117372576084748-0.002488227909233612j),(-0.011826969886460549+0.015636209922259232j),(-0.00585545363849571+0.0011309253234315453j)
91,(-3.639030064642355e-06+9.036385302138725e-06j),(4.759390493267956e-06-1.8506026952112595e-05j),(-1.1203604388844364e-06+9.469641650604144e-06j),(-6.525417021927847e-07+1.9350737167607002e-06j),(3.64409994095205e-06-8.299851206954041e-06j),(-2.0747795237616444e-06+1.2678620224726844e-05j),(0.00030802349584272337+0.0007931527008006827j),(0.0004312312806997548-6.080561662598458e-05j),(0.0003469706357618603+0.0017061648446444295j),(0.0003636472118212+0.001200238428150838j),(0.0005746071774308701-0.00020801590251565616j),(0.00042488442390734406+0.002657216879166711j),(-0.002473138631673942+0.005639881459444579j),(-0.00041172040638129235-0.005717412988615448j),(-0.00213660763086796+0.015380182631840562j),(-0.001155026904395751-0.007147950820017538j),(-0.007064541125691907+0.012198513770234615j),(-0.0005113643459649202-0.0008625459827435473j),(-0.007242958252755589+0.014900576162794566j),(-6.216098249019116e-05-0.0001677575996272048j),(0.001346981712492555-0.004306635358017388j),(0.004988429171541475-0.005406651704744905j),(9.42584975112291e-05-0.00029909268892414076j),(0.0012057396267032706-0.0043180639588420834j),(0.005319496496692146-0.00575399799458246j),(9.673915301565102e-05-0.0003025130155446046j),(0.001202302894362169-0.004315578247642963j),(0.005321268926648122-0.0057571744153999j),(0.00017788850191268602-0.0003926704310959683j),(-7.37291010022772e-05-0.00028118440792322154j),(0.0010277938117968118-0.004180111280645569j),(0.005343065241492165-0.005787722047526721j),(0.004371995489089511-0.003276299414209451j),(-0.006277246893516522+0.0020264507191331427j),(0.0054195792344547055-0.004714631044447004j),(0.0016611548656242537-0.001882453181206556j),(0.0028921851889919963-0.0017882558466904303j),(-0.00749172265439873+0.0027349475358515824j),(0.00459156814854648-0.0033451562895126757j),(-0.006497592385557437+0.002331078542908826j),(0.005174134046577363-0.004668978949615949j),(0.0033887131146183545+9.708611034838096e-05j),(-0.010059595785341002+0.007914006048347778j),(-0.009399719580742143-0.0038264300733338186j),(0.003426207207916208+5.167968887849158e-05j),(-0.009654645207517234+0.007691624023080164j),(-0.0094381743455565-0.003867694590716905j),(-0.004798996681228829-0.005825741536294597j),(0.019321488655342348-0.012779712123881154j),(0.00015934447252737537-0.005936839208661319j),(-0.0048286840535031565+0.0005613268125589065j),(0.001187511934452299-0.004440650779650227j),(0.002169844099566756-0.01589125294191282j),(0.002032164806641718+0.0032691580916541993j),(-0.009473131846493323+0.006080643985855338j),(0.0055023407280639985-0.013238835892966027j),(0.0038800908908801788+0.008820672648898027j),(-0.011191351233590994+0.0038398380721252085j),(0.004386529671189726-0.0024590654851543194j),(0.0020914345891038127+0.0026802541921566447j),(-0.009308320975027356+0.006950403279627494j),(0.005533144319386499-0.013760270527631211j),(0.004925197660492188+0.014580483077055534j),(-0.012082529263059517+0.001336257406674357j),(0.00042044410508395056+0.01505629783752912j),(0.0057575750144716305+0.015454705680514099j),(-0.010842602395049448+0.0008848217385248793j),(0.000537083685236574+0.016764594026523694j),(0.004627987587204382+0.014821127397925515j),(-0.012841313496783406+0.001309468079130697j),(9.588958231204335e-06+0.01576925173856181j),(0.002330595583385395+0.0001553635395504377j),(-0.006368110703755659+0.011324755841114628j),(0.004314434413535951-0.012138558174709654j),(0.002877823236742776-0.00610218677904454j),(0.005643366329104558+0.022221151284549295j),(-0.0014865722982044221+0.0010725263320510714j),(0.0029237637980363694-0.006570807335842293j),(0.0065895919216538675+0.023059068588474736j),(-0.0019348011385365489+0.0021271418121463805j),(-0.004798822169179603-0.005832666261010738j),(0.019343491165747115-0.012789848377437647j),(0.00015568692622448853-0.005922633727400562j),(0.005517738297825849-0.007159341241266532j),(-0.0009862814741002338+0.004503251551862682j),(-0.00035101171573804785-0.0036700394617236775j),(0.012604664468471078-0.009478448652955761j),(-0.004378604061038568-0.0055963672907009075j),(0.018271632558949105-0.01185475343212591j),(-0.00021479913905976056-0.005153264672380935j),(-0.005198010476340561+0.0026586644748133256j),(0.9704535778332984-0.0071587816254190745j),(0.008600118609520037-0.011595224578336484j),(-0.0028803622368532176+0.008755716683320668j),(0.000643517957272479-0.0070534999045623785j)
92,(-4.232858800607328e-06-1.4762316104492725e-05j),(1.178501170385037e-06-1.4189350256288067e-06j),(3.0543576267810408e-06+1.618125112448653e-05j),(-3.151231026669743e-06-1.2818991372738877e-05j),(1.4211770840267425e-06+4.0377009623697496e-06j),(6.817918146318142e-08+5.632971690255484e-06j),(-0.0007477435768900998-0.001190690357448111j),(-0.00011772936949979485-0.00012595693588761985j),(-0.00017489815080461166+0.00012052846673683837j),(-0.0011079807174344167-0.001875184060890498j),(-0.00010919250153216612-0.00015158719963273017j),(-0.000185582320174138+0.00022653748891823366j),(-0.004079364268918929-0.011685607751678376j),(0.0023016771597013422+0.0009788579490472517j),(0.002392504234965389+0.002858620214096996j),(0.0038534347127037938+0.0006002877095710182j),(0.00019530583371298052-0.008252872061801713j),(-0.003269058392854249+0.005635623217033624j),(0.006554438361659295+0.0024088585013846047j),(0.0004302798650790253+0.00010556867960443527j),(-0.004111049319615132-0.00022252070923748797j),(-0.0016638044643093694-0.005528602478782707j),(0.00042120282984275666+0.00033644383763341604j),(-0.004067754808921766-0.0003126625312965918j),(-0.0018288739102683728-0.005749991269624561j),(0.0004218936392616404+0.0003412328365343691j),(-0.004063393474504805-0.00031269182003903324j),(-0.0018296830507221794-0.005746335776154254j),(0.0004465225475325076+0.0005251386819743693j),(0.0006877246086791566+0.0005333496595921208j),(-0.003851268433077699-0.0002781558212754691j),(-0.001816987401105471-0.005533070540505033j),(3.6273303919186736e-05+0.007399831251914644j),(0.005037114604463107+0.001804216945424832j),(-0.0006168785973037709+0.004518230478304945j),(0.000286492082255654-4.419210542800481e-05j),(-0.0005751010940830373-0.0004053473398976507j),(0.006279548515188267+0.001666650125454027j),(-8.01227354735781e-05+0.007363837509164041j),(0.005289855693440042+0.001693687880248308j),(-0.0005428957786108163+0.004946351700155025j),(-0.0016769898461104567-0.008058133277487995j),(0.007230501941821316-0.008040971056091077j),(0.003034945691964366+0.005270901417605925j),(-0.0016953184450929767-0.008204243129271855j),(0.0069850852604893135-0.007995840211301225j),(0.002973032681226706+0.0052799248513421835j),(0.007003617823890167-0.0007313651068473125j),(-0.012004881968079133+0.014197840687900445j),(-0.006050500350614428+0.0058466277495966106j),(0.008685064819398456-0.0015362705601436812j),(-0.00698836243924253+0.011730713508811033j),(-0.0027689426477445355+0.004097232662249917j),(-0.00017802373912642426-0.0011779683363338743j),(-0.0006980476565872447+0.003018400637036435j),(0.0005168208334335333-0.0004658412638721756j),(-0.0010711813534300281-0.00018348901794181487j),(0.0019123249768179377-0.0016115564744953695j),(0.0007959253810314517-0.0006816365826780695j),(-0.00041412014699413125-0.0013328167659605388j),(-0.0007311947539882425+0.003106014716097966j),(0.0006207862950108972-0.0006649314600661114j),(-0.0016379920885448444+0.0007601254382797543j),(0.005237321876880572-0.007912058288536127j),(0.0010325638849009817-0.0009655131850251653j),(-0.0017890249115037867+0.0009183250445538034j),(0.005397769626215845-0.008436816738304088j),(0.0009791546290267746-0.0009478316071701528j),(-0.001601021979364823+0.0007513425954874199j),(0.00547800622959668-0.00825390905032867j),(0.0010848218213927831-0.0010106582738350683j),(-0.0012153436755867682-0.0022268336774233536j),(-0.0007765025103156647+0.002870714161835831j),(0.0010235281216956237-0.0016466549774624667j),(-0.0024633834020030155-0.004665256744197864j),(-0.000789587434614853+0.0009033360970736752j),(0.0016390590920866762-0.003996893242420082j),(-0.0025573514587014312-0.004854968527267321j),(-0.0007921920824357606+0.0007450335922222669j),(0.001681173980966513-0.004179056623630052j),(0.007009358303068818-0.0007386410510205079j),(-0.012013645673054924+0.014201265608030783j),(-0.006056319826108769+0.00585089119179128j),(-0.07764205312858904+0.03136488534225358j),(0.04195523577083672-0.00816951046878703j),(0.026141591104560234-0.011727280862227392j),(-0.006091823360749786-0.004657541580211356j),(0.006674905214639932-0.0008585417004969196j),(-0.011199681512831721+0.01308158573014265j),(-0.00572840666450434+0.005545664657737314j),(0.01117372576084748-0.002488227909233612j),(0.008600118609520037-0.011595224578336484j),(0.8647127622551001+0.13212140729534427j),(0.06451687010968751-0.04525691621553113j),(0.039658795290043146-0.039238298716155945j)
93,(4.2067880233572035e-06-1.2873118448473854e-05j),(-5.312846716037485e-06+1.1353576232622154e-05j),(1.1060586967395673e-06+1.5195422106951293e-06j),(2.1074946032162536e-06-7.416840967700048e-06j),(-2.871920953577389e-06+7.15509122475105e-06j),(3.34552873940848e-06-5.676064990421468e-06j),(0.0001148338382242423-0.0013033169488158125j),(2.2215187424729484e-05-0.00016926718747924056j),(0.0002683964753734098-0.0012524732167183876j),(0.000189775708088803-0.0019753497533213566j),(5.183913608677405e-05-0.00016314728073639378j),(0.00043695206868443786-0.0019101682190462025j),(0.0014718974431836272-0.009101336810835744j),(0.0008706766951494858+0.0031991534031125994j),(0.0032085694948284205-0.009272098077337733j),(0.0009752684434194139+0.005622662059332897j),(-0.0009434764296011162-0.0015963398474217346j),(0.0010431912714924645-0.0014948830804394535j),(1.2203721316320274e-05-0.002619247807676059j),(-0.0009069336049165725+0.0025284809871937504j),(-0.00227432411085082-0.0024017752842024516j),(-0.0006318043869802379+0.000817106781175143j),(-0.0009271769014147996+0.0027342832676073114j),(-0.0023718455543681595-0.0024015006832441787j),(-0.0006629695565586426+0.0008424631458664088j),(-0.0009256994100466999+0.002732617654253288j),(-0.002370783097578627-0.002398360807067014j),(-0.0006628847774793137+0.0008419593036425721j),(-0.000857003146665149+0.0026295666435026096j),(-0.0008801927541037954+0.003066716348773008j),(-0.002299371234588189-0.0022504579413723884j),(-0.0006555823631049547+0.0007984587752093444j),(0.002482657193035072-0.004734775127818759j),(0.001554381954412838+0.0032777140938866395j),(-5.0443432064586065e-05-0.0023043215249067325j),(0.0002552696104515385+0.00047719383357626823j),(0.0004306939945516126-0.0003186328353578915j),(0.0019618794731726054+0.004764371316233054j),(0.002644465415685476-0.005141290071582208j),(0.0017236342657079168+0.0032998595241013054j),(-8.079959028888435e-06-0.002418796673740088j),(0.003805984168542228-0.0056003908872180605j),(0.0036909538297501777+0.00295407516916459j),(0.0011429584405198263+0.001682412937303655j),(0.0037019648465995278-0.005517388642846915j),(0.003652217950917506+0.0027535663250776166j),(0.0011370558308537561+0.0016896904807528854j),(-0.010583042684764538+0.017062783073514914j),(0.005225745073905894-0.004375641461081603j),(0.0012280573824806549+0.002334354179628647j),(-0.00982760918957227+0.013284290739187361j),(0.0027427418962733168-0.003557410901337342j),(-0.0005169675691361937+0.0013337511377675777j),(0.0011555986536022954-0.0014527265009445362j),(0.0006192012423138662-0.002195700217679315j),(-0.000443578429332505-0.0005680525015761608j),(0.003978114937407931-0.006721461863793204j),(0.0004495087181546516+0.00034074841897285775j),(0.0005695986245203556-0.003804332934797953j),(0.0012607609520658384-0.00143025877134579j),(0.0005465226679712061-0.0023921005498518874j),(-0.0005998316470606674-0.00022146370903558608j),(0.006968345476554442-0.012796662577816332j),(0.00012736128338772495+0.004035838982777198j),(0.001547825608369378-0.00760451910475388j),(0.0074042563003032325-0.013570062755827566j),(0.0003055139186370272+0.004178453505634792j),(0.0017369729978979611-0.008111349382543652j),(0.00701253105017238-0.012943679162780516j),(-5.0970487877570125e-06+0.004335789065450891j),(0.0015371342088861884-0.00768331149047588j),(0.0016190288930310627-0.0013417742263878661j),(0.00025458185823551465-0.002899406925003298j),(-0.0014222612024486652+0.0013458162397996759j),(0.0022650477778179746-0.001249300394467904j),(-0.00013008241349299414-0.0032148961873773975j),(-0.0034328247980057324+0.0047524295577449265j),(0.0023128646452955353-0.001244691497396567j),(-0.0001579336799058611-0.0032351234062023464j),(-0.0035847755790058434+0.005009799338743571j),(-0.010586715568204329+0.017068036773418883j),(0.005236510169851042-0.004379604165754061j),(0.0012292322594113416+0.0023328684573673112j),(0.04183944710603533-0.007250691443269597j),(-0.05816905703139568+0.003654940773915201j),(0.005447350463012759+0.016863005901373785j),(-0.004996338290229894-0.01058725204763119j),(-0.009862811967675595+0.01574471426277889j),(0.005076764618789087-0.004000350925803167j),(0.0011162713765201996+0.002128011267109644j),(-0.011826969886460549+0.015636209922259232j),(-0.0028803622368532176+0.008755716683320668j),(0.06451687010968751-0.04525691621553113j),(0.8892587856964475+0.07559466055276562j),(0.012471054833477982+0.023155581686742206j)
94,(5.829060707384495e-06+1.930283398341519e-05j),(-2.854722275719388e-06-4.722904403152346e-07j),(-2.9743384295817067e-06-1.8830543540606788e-05j),(4.807247455051915e-06+1.652121729601011e-05j),(-1.5194478473383389e-06-5.509096546822857e-06j),(1.7181882321879437e-06-4.933993986011563e-06j),(0.001409154599113412+0.0016602923662695005j),(0.000552264024541894+0.00026710512377520917j),(0.0007808359164901646+0.00012637152638217796j),(0.0021513895887723296+0.002531938078766772j),(0.0007849915338286963+0.0003146257100593458j),(0.001145827447636018+9.103612872802063e-05j),(0.010467488256213754+0.0123888886843727j),(0.0014173654106210355-0.002358770866706427j),(0.003669833689603507-0.0037979237730346727j),(0.0005647426879813179-0.0037695041738411345j),(-0.0022313772936562704-0.0009086958956883351j),(-0.004230577644616193-0.003435292433147342j),(-0.006987703304970827-0.010969956391469613j),(-0.0032754953823782695-0.0031401267399819126j),(0.0012324864120267067+0.005454857038208173j),(-0.0018747786664279557+0.0031271227219275923j),(-0.0035372514670868817-0.003480029332659987j),(0.0012798735408819087+0.005575482132339836j),(-0.0018327851028769086+0.0033932681558733473j),(-0.0035336586670393884-0.003480359324551101j),(0.0012806205838667858+0.005572389710735918j),(-0.0018276766281813681+0.0033935112910244156j),(-0.00335335336727224-0.003487590898168452j),(-0.0037382351609045-0.0037644684664987207j),(0.0012822782584044714+0.005379294721916894j),(-0.001623349472287997+0.003326728284416937j),(0.006643436253051201-0.0018720436756544062j),(0.0012729055527835012-0.003272126367352874j),(0.007070915987345072-0.0006007044966134382j),(-0.00022124898170830225+0.00019087789130463022j),(0.0011873267634599192+0.0013079250272319586j),(0.0008434588409592678-0.004284363787051847j),(0.006988489459712954-0.0015100025580943545j),(0.0011074580849710757-0.003526087647064131j),(0.00727572686924999-0.0007982614598107892j),(0.002805846505446026+0.009878145019850074j),(-0.008882622517033012-0.004938062228575158j),(-0.0010081236464648791-0.004491774553626398j),(0.002779449220080456+0.009962439893452753j),(-0.008748342571059884-0.004887978666300503j),(-0.0010376055370027778-0.004449181725870486j),(-0.004843834878961627+0.0005014309196147152j),(0.00041669715015808974+0.0075370096379928355j),(0.0007100710310460714+0.008990145649187717j),(-0.004882564115546271+0.0010588328309786713j),(-0.0004640506332362839+0.004594706882447739j),(-6.508542042795171e-05+0.0058015836826851176j),(0.0003541589427334103+0.00025669290061030735j),(0.0002636396384979837-0.0005730684985694566j),(0.00011676474900438622-0.0012646826498112418j),(0.0018481713760499236-0.00030983258882232907j),(0.0003379599669613004-0.0023970142392684296j),(0.0011833064855027334-0.002081491506024937j),(0.00036350307857259753+0.0002899217165426489j),(0.00026097146686877783-0.0005677312663887546j),(3.787064854933771e-05-0.0014985542544123705j),(0.0033925060622280617-0.0010535228882402323j),(0.00030395486704230904-0.004665229902021177j),(0.0028611409188306187-0.003127901818097818j),(0.003526587740052187-0.0010684568599812724j),(0.0002566969954040297-0.004758828445287584j),(0.0030346089762741-0.003189085095319692j),(0.0034598777748304156-0.0011164832119113627j),(0.00032089822072658487-0.0048352290377471525j),(0.0029274962277367066-0.0031942766635193677j),(0.00023072806479523014+0.0004255054775999501j),(0.00010863299900051702-0.0005305887746410243j),(-3.8312790876287984e-05-0.002631537689525135j),(-0.0005094654055931825+0.0007829288167043776j),(-0.0005938483944281254-0.00034300810379179477j),(0.00047749074775197293-0.00525684596986964j),(-0.0005684464533658906+0.0008087923928759232j),(-0.0006498990462725884-0.00032993960677610713j),(0.0005184890488444826-0.0054582854002621735j),(-0.004845382603174951+0.0005032816810733499j),(0.00041587032931528336+0.007537189226679591j),(0.0007171009355950733+0.008990125729445842j),(0.026405335778881957-0.01316952974794873j),(0.004980255825117693+0.018156063064272514j),(-0.04367144030509321+0.007298578732463221j),(0.010017077639235329-0.008481903608966876j),(-0.004535793890682866+0.0006190464345381107j),(0.000304084440471573+0.006842332235496283j),(0.0008524058944159474+0.008269949362694647j),(-0.00585545363849571+0.0011309253234315453j),(0.000643517957272479-0.0070534999045623785j),(0.039658795290043146-0.039238298716155945j),(0.012471054833477982+0.023155581686742206j),(0.9118598219784957+0.06928119849319925j)
