,0,1,2,3,4,5,6,7,8,9,10,11,12,13,14,15,16,17,18,19,20,21,22,23,24,25,26,27,28,29,30,31,32,33,34,35,36,37,38,39,40,41,42,43,44,45,46,47,48,49,50,51,52,53,54,55,56,57,58,59,60,61,62,63,64,65,66,67,68,69,70,71,72,73,74,75,76,77,78,79,80,81,82,83,84,85,86,87,88,89,90,91,92,93,94
0,7.756431038648827e-17,4.471029915754976e-16,-1.2594155115549328e-16,-1.9595844988233542e-16,-2.9886232433193286e-19,-1.2361890758402616e-16,3.18712321950189e-16,5.06368558192731e-17,2.985876307154885e-12,-0.30518452610781693,-7.108203766490733e-17,9.99601175056233e-17,5.2098982257845115e-17,-2.0780200097600006e-16,-0.0779504917507849,-0.005182280492383684,2.3839372060795618e-11,-1.112395821311088e-13,3.0303807328061713e-10,9.942656111095767e-17,-1.445168791270645e-13,4.2166326830713533e-11,-5.607129920622167e-13,5.092258594797167e-16,-1.3065701112037135e-16,-4.120293909084458e-11,-4.10732802786212e-11,4.710957450631948e-16,-0.01869982235335413,-4.941869704906761e-15,-1.1472553993225401e-14,-0.22463055545550342,2.7847047134710724e-15,-1.9102001229104927e-14,-8.811465643990141e-15,-6.985539733941435e-13,-0.10766291107623255,-4.6472962049972735e-06,-0.6982119941705285,0.11218244698272957,3.7409190693713055e-14,4.567221016676743e-13,-2.3201680092142935e-12,-2.8363181032030217e-11,-4.862903567297006e-06,1.766242166136002e-07,3.1759446664317536e-12,-6.704382098973775e-08,-0.006993862407184467,-0.0013746731663570617,-3.263688393393037e-08,-0.00011135460901911589,5.5736197504382365e-05,1.7996814773023009e-07,5.121322683867471e-08,-1.125898671268261e-08,-1.1112599992204924e-08,7.883756949521328e-08,0.06789996848074467,0.006093590755503979,2.1908223959918554e-05,-4.043722015107272e-08,-4.049464547260698e-07,-4.505467553562484e-06,-0.0010292079803821174,0.010804141908558754,-0.003460341733647314,-0.00013932926121272234,-4.803881316697295e-05,-2.365431943793363e-05,0.004383058204926148,0.006036120814766882,-0.00011840881938748387,-9.05600660290685e-05,-0.003646104182690877,0.0007846686508139257,0.0011042280289064162,0.0020462523772324607,0.0017869147682833737,0.0034559615291060693,-0.0033766771753374436,0.001357595526560857,-0.0005010920984839815,0.000524501329858301,-0.0023271010827488085,-0.0015639922894992056,-0.0005036965108884252,-0.000350104228410327,-0.0008738228006295459,0.00011766390879989378,-0.5773502691896224,0.00033456770267902887,-1.941155574446787e-06,2.7726188963053713e-05,-0.00010659987929166236
1,-1.031909345596052e-16,9.320167647265704e-17,-2.7527933524129754e-16,-1.62979934661127e-17,1.9179117740578436e-16,-1.31280940146082e-16,-6.775322080916982e-17,-1.3383394798176618e-16,-7.579136707958492e-13,0.08780857323088564,1.9675811100358876e-16,2.91063912626203e-16,6.3594878361571695e-18,-4.211181357664019e-16,0.30997772444518146,-0.029158145502321823,2.3951803469440487e-11,-5.624556228392289e-14,-6.733952881719675e-11,-1.2074557004105114e-16,-8.937629787903084e-13,-9.17978265014922e-12,1.4731469200179781e-13,-3.11001039696611e-16,1.136261641086611e-16,-7.616819216537325e-11,-5.17487466771055e-12,-1.5897965457376705e-16,-0.014248643876531478,3.0956592829423916e-15,9.633491814835433e-15,0.07443783468497737,-1.1034008948654353e-16,-4.9362840479676116e-14,9.195330996597524e-15,2.4344464854188463e-13,0.5046768213817615,3.147517852717851e-06,0.2200215716169865,-0.5004781258832751,-1.0516390478451367e-14,-1.160200864572854e-12,-2.6658332265989345e-12,2.711929401857516e-11,3.1379075969734442e-06,-1.1444235856015319e-07,-5.129500171379268e-12,3.895341779680518e-08,0.004581320264338419,0.0009167786371009258,1.848359538188944e-08,6.313582846902102e-05,-2.6833230418454182e-05,-1.4941321871881147e-07,-5.4657410112147655e-08,-7.321261329783902e-09,1.1250731509103157e-08,7.899424076560628e-08,-0.021344753295012748,0.00961470448560636,-2.461834262046855e-05,3.5247320921727556e-08,2.9869131938419906e-07,-4.828144654959554e-07,0.0009097986447153177,-0.04422001557096594,0.00830788185118477,0.0020857766712940183,0.0011654073706643198,-8.190929447947675e-05,-0.0064742296083785955,-0.0003907702698681288,0.00013557035242267292,8.046112492401345e-05,-0.0024994092077411014,0.00032405383875637163,-0.00044570688242778815,0.00012140107526560715,-0.0007497164271856967,0.0008329246206187696,0.0008704724638009848,0.0007710396457892949,-6.913023028396353e-05,4.297391182576615e-05,0.003466750877820605,0.0019408162463454828,0.004192328633342002,0.0005576165914745881,0.0001559999759625604,-0.00017304671710524123,-0.5773502691896231,-0.0006172271244453411,0.000206639631185749,-0.0017384927521804866,0.0002898323079285011
2,2.2795890405619755e-16,-1.4332990627589682e-16,-3.173689337730168e-16,7.449007176127701e-17,-2.365489976261538e-16,4.0117617793219637e-16,4.4107761219014936e-17,5.640489740303421e-17,-2.227805080539241e-12,0.21737595287693015,1.7427556037958143e-16,-3.3156800491920245e-16,-3.600403384307233e-16,7.555919102564767e-16,-0.2320272326943959,0.034340425994705034,-4.779129709423017e-11,1.6769007579604662e-13,-2.356979957942178e-10,-7.816725131311375e-18,1.038365126223476e-12,-3.298319507755766e-11,4.134892311357637e-13,-2.303773952559382e-16,-3.2788775114347597e-16,1.1736998672702934e-10,4.624727402030992e-11,-2.842898969229033e-16,0.03294846622988387,1.9047179032601463e-15,1.2022962908903213e-15,0.150192720770526,-3.0584991453311986e-15,6.822674434929978e-14,1.1384137773755833e-16,4.549776434543327e-13,-0.397013910305537,1.499778352403945e-06,0.47819042255354266,0.38829567890054484,-2.6825183351654972e-14,7.025570763118656e-13,4.985864520955485e-12,1.2435267498213964e-12,1.724995970418896e-06,-6.21818563157652e-08,1.9536115039258814e-12,2.8090403854287515e-08,0.002412542142833808,0.00045789452925613553,1.4153288616597118e-08,4.8218780549915526e-05,-2.8902967087322918e-05,-3.0554928724632817e-08,3.444182866354842e-09,1.8580247813041523e-08,-1.3813256520402717e-10,-1.5783180993169387e-07,-0.04655521518571938,-0.015708295241098718,2.710118660394823e-06,5.189898572388487e-09,1.0625513533951019e-07,4.98828201867324e-06,0.0001194093356651667,0.03341587366239096,-0.004847540117537704,-0.0019464474100817416,-0.0011173685574974099,0.00010556361391717376,0.002091171403453106,-0.005645350544902002,-1.716153303523678e-05,1.0098941105074713e-05,0.006145513390430947,-0.0011087224895706266,-0.0006585211464802864,-0.002167653452533992,-0.0010371983411972987,-0.004288886149958555,0.0025062047117782133,-0.002128635172390429,0.0005702223287710823,-0.0005674752417691754,-0.001139649794880511,-0.00037682395680550454,-0.003688632122449101,-0.00020751236301596947,0.0007178228247806935,5.538280829579105e-05,-0.577350269189632,0.0002826594217040607,-0.00020469847560837079,0.0017107665632149142,-0.00018323242921411168
3,-5.934481140051799e-16,1.3269927442961378e-16,2.9796266622515786e-16,2.1926718365426692e-16,-2.5161310079515936e-16,1.5822333126077458e-16,-8.766869364042147e-16,-1.2827060117073134e-16,-8.675118038617383e-12,0.6978873888187564,3.92884607026309e-16,3.837924874122988e-16,-5.619058414956389e-16,-7.528784701308148e-16,-0.15130733630104265,0.6141601250933887,2.4403169190394945e-10,-5.521397069550955e-13,-2.9594994948634853e-10,2.1801181858110803e-17,2.6101579282712406e-11,9.183439784115658e-11,-3.2520114088037293e-12,-2.001196962042483e-16,-1.1657514588488793e-16,-8.555567601729656e-10,-4.828671314844794e-10,-7.465421463948958e-16,-0.07807998110310507,1.552337268820649e-14,4.230699308003343e-14,-0.019228929920862205,1.4120648643959373e-15,-2.0668660236717446e-13,2.3801273472472246e-14,1.540946774607258e-15,0.05880846779274247,-5.114799470090866e-07,-0.300472785506048,-0.08244016041747483,5.638046979740018e-15,8.401832147327232e-16,-1.860841084445221e-12,-5.7986449299178125e-12,-1.2095808263212656e-06,4.429457383753611e-08,4.084188063828014e-13,-1.4828055294756047e-08,-0.0016170203421859786,-0.0003250460349891167,-1.1286468307677993e-08,-1.6979377707524973e-05,5.613534790406836e-05,8.47221478999947e-08,3.6484035380232335e-08,-3.0535352728766344e-08,-1.4433362750928378e-08,3.2326208972261985e-08,0.06736952426224359,-0.02813857022019147,7.356451240154145e-05,-1.0261742190832207e-07,-9.543616286782392e-07,4.283091502260353e-07,-0.0005378824846281122,-0.017401053778789408,-0.00059374608360006,0.0009269426193555573,0.0005521000172669327,-8.10144534258929e-05,0.0059635702642744605,0.00862966849780254,-0.00018876851276917577,-0.00013950609523746756,-0.005440340151804521,0.001140358351067743,0.0013977545285827628,0.0035141356507562204,0.004123438304921008,0.004169300041846067,-0.0037325357048055086,0.0010147990095655318,-0.0016170236924663265,0.0006283439120747421,0.0001329283087881087,-0.003573941803465151,0.0010950157486002924,-3.031539890404666e-06,-0.0009170377217816867,-1.6275163182074728e-05,3.214595786450987e-15,0.0003927906467347178,-0.00020872584037397016,-0.0009698775009636159,0.0005379420299860802
4,-2.7521727722875813e-16,1.0054009298192648e-16,2.2725027980448417e-16,-1.954617408589871e-16,4.2795908883742085e-16,-2.7755793617845867e-17,1.147566368661348e-16,-1.0145167519255945e-16,1.3322860904755121e-11,-0.5625395873880474,3.0019184769715016e-16,-8.59783154132157e-16,1.789247529550246e-15,-2.145811120406554e-16,-0.46290559407355825,0.5956243446817554,3.663416118367285e-10,-1.11591067488631e-12,9.969817256697964e-10,-8.77113829108323e-17,2.5593605202047245e-11,2.0436304138067035e-10,-4.832499584443892e-12,-4.2297892259744697e-16,1.6331132389903e-16,-9.182734956982851e-10,-5.34919941121684e-10,-8.128514942282324e-16,-0.08182666720595458,1.171121118314829e-14,3.384637417708585e-14,0.02976186036008824,3.052850897770863e-15,-2.091530098594364e-13,2.273903269276745e-14,8.11805756318197e-14,0.12791256455793779,1.97375971429536e-06,0.23165046749224216,-0.17771679696754789,-5.244203906597734e-15,-2.998638014486016e-13,4.3135585279021073e-14,2.0036790058797463e-11,4.007205910381495e-06,-1.4234919447153884e-07,-2.614134779277966e-12,6.05380183659051e-08,0.0071143591812508344,0.0014030366077217996,2.700737093236465e-08,0.00012521750684403113,-1.875776381793781e-05,-1.4805434632714514e-07,-3.3509298864763876e-08,-1.4362506081262012e-08,1.9925026695814884e-09,-9.079786646299831e-08,-0.04881342594222848,-0.03817089194389142,3.814035283975701e-05,-3.796588301119467e-08,-3.057007094814637e-07,7.906855911394821e-06,0.001260744487492947,-0.03646661388645168,0.005536474147349815,0.0011741738333807344,0.0006373743536957647,-3.889470077747285e-05,-0.0018980262765025094,-0.0023308495039762065,2.4907012117673832e-05,2.3596575812078424e-05,0.001218267855165272,-0.0002910786422531438,-0.0006322763445430569,-0.00028954524353148176,0.0007695798259707823,-0.0023323386524315526,0.002625050101105742,-0.0015186781740159226,-0.0006910931768381645,-0.00037360173385793106,0.004541430329125265,-0.0006585777257994233,0.0020267594967260114,0.0006660010547216794,0.0007480967962011361,-0.0002392743982550788,-1.1923941336678755e-15,-0.00024515853128697555,-0.00020501572414800536,-0.0010221589175213768,0.0007412633069657361
5,1.644629793003292e-16,-4.0752826159559065e-16,4.344996833101882e-16,5.0197018711832945e-17,2.2961158607930515e-16,-5.616165457064644e-17,9.083232743995514e-16,-4.972971674632635e-16,7.73668650800166e-12,-0.19988589765497333,2.944306671981856e-16,-3.411582533709918e-16,7.05283226376408e-16,-1.6734611886451026e-15,0.7761952341060613,0.4913326177024488,4.8924040601496e-10,-1.4022288018062374e-12,7.096746073267978e-10,-2.1719611528830665e-17,2.245036130607837e-11,1.798624467770093e-10,-4.41603299593556e-12,-1.8817658781101796e-16,-4.8761374516753684e-17,-1.0342104061420115e-09,-5.414777631934319e-10,-1.0207107478958684e-15,-0.08468151764184481,1.428168268906984e-14,3.96709079371316e-14,0.0135273443539047,2.452889448918227e-15,-2.1602562196644984e-13,2.399837264253875e-14,5.3417837956255e-14,-0.19601733433943516,2.905581612609146e-07,0.06396701977703202,0.2473396515549524,-2.8769974924910335e-15,4.632561552802739e-13,2.2307239060489338e-12,-4.6658526926484455e-12,6.409465334670922e-07,-2.141474034871485e-08,2.2675758413690456e-12,1.674925326778253e-08,0.0013948806417145958,0.0002505668507249276,5.320011611022674e-09,4.459472714200829e-05,1.729823234944837e-05,4.52014366827329e-08,4.119121487054832e-08,-3.845961385881182e-09,-1.4637540038942721e-08,-2.1416662251767474e-07,-0.012290634184156978,-0.05400027933601246,7.794659631807279e-05,-9.431974597104704e-08,-7.841575116938518e-07,8.70827119485455e-06,-0.00032920468971722944,0.04156636383310611,-0.009181478390476982,-0.0025269087255980704,-0.0014313557761947867,0.0001069560066229664,0.009714363683599191,-0.0016212804431738326,-0.00021973748617948232,-0.000121317457118669,0.005782752392488083,-0.0008822360080311164,0.00018711847971847502,-0.0005152119089533841,0.0021767218120331065,-0.0038993048636041944,0.0009861302126215762,-0.0029575539746808095,-0.0005633526078538817,-0.00045569404023927137,-0.0020260446986998313,-0.004276361524250723,-0.005728259467574474,-0.00039957783491084155,0.00045082720731089653,8.868755658897326e-05,-2.6899455731457926e-15,0.0009317618154847691,-0.0005999645156287802,0.002256000366387196,0.00018845709841384294
6,1.297809080365886e-16,-5.197086081236949e-18,2.6450635691282463e-17,1.0567144808673738e-16,-5.100224427294077e-16,-1.8210273471632914e-16,1.722266151131849e-16,-7.499247534313735e-17,7.187182215621195e-11,-0.06525392613859585,-1.8842971055985223e-16,-2.436391579825619e-16,-8.30259001776331e-17,3.6032568350527273e-16,0.001089868352227131,-0.08580516496198544,-7.593152297036894e-10,1.7307332148644248e-12,-3.418692431144659e-10,6.682513277974806e-17,-1.6783325629105133e-12,-4.3061178018446166e-11,-1.5126594731044547e-12,-1.0780017713606209e-16,-7.893068140223125e-16,-2.5060232440909544e-09,-1.6863702781637331e-09,-4.126841058330725e-15,-0.3304001623669765,8.937531575223585e-14,2.430493362735391e-13,0.6542073218947261,-6.2384565449123834e-15,-1.0037105582174047e-12,1.5852029655510692e-13,2.45447568066618e-12,-0.20092389498279822,7.87644449678504e-06,-0.12449297745799824,-0.1660772373545387,-9.371702373612212e-14,6.433862960967904e-13,-1.1800473867238537e-12,8.693106699792776e-12,1.677017349205093e-06,-5.953475042750077e-08,4.639297522971033e-13,4.1383410621938043e-08,0.0023910968444555165,0.00038161098910166743,-1.5092896568352783e-08,0.00012124989453630005,0.00035585851165517046,3.4950705297852476e-07,2.218290224378179e-07,-2.3742018529001993e-07,-1.0755313218346665e-07,6.702549362531362e-08,0.487947394023792,-0.2788459782739546,0.0006370447605892141,-8.619691293720586e-07,-7.94226563346618e-06,1.4500410220649308e-05,-0.002917874927033379,-0.19020277608629296,0.0019724871470400587,0.009264614640503722,0.005443374970653578,-0.0007317920300382823,0.04758194290618012,0.0709594827593575,-0.0015575653159055102,-0.0011464715841715215,-0.04570581344177941,0.009496360713249838,0.011265020798102262,0.030228905069088815,0.036596669608955947,0.03442913898112619,-0.029815777969548474,0.007485270013733208,-0.014715495693267586,0.005223639202785544,0.006779398614619402,-0.031246091444734895,0.012561838433827372,0.0008172360033807156,-0.007329971320120621,-0.0004356310155651209,1.7479465930373742e-14,0.0030125242395166174,-0.0019663582121015456,-0.01006897532935965,0.005574837680829436
7,-1.4924881356131897e-16,2.513605309193199e-16,-1.7695867687038956e-16,-2.1822562285967676e-16,-3.033789627142676e-17,-7.541506800247257e-17,3.813445796739936e-17,-1.611243039541178e-17,-9.493825700350118e-11,0.059092739880911634,-5.254742940212013e-16,3.4895830336047366e-16,-8.973566065224831e-17,1.4880710699664706e-16,0.02198722504953675,-0.08740252847101203,-9.706568928321296e-10,2.797295156919488e-12,-8.653275709537568e-10,-8.28082161872289e-17,-1.5012894736407975e-12,3.862621189460887e-10,-6.882786067565964e-12,4.891764117444769e-16,2.0948728071904065e-16,-2.8528013402719907e-09,-2.119260231884679e-09,-2.540851514130703e-15,-0.44880580868063563,3.3332687375231646e-14,1.115753822247745e-13,-0.4118823430960784,2.3133550456917507e-14,-1.0738721130252764e-12,8.52881621863642e-14,-1.443307597750224e-12,-0.3757695260606014,-1.7602926214451022e-06,0.08124644764596259,-0.31937317375708185,6.125929039833705e-14,1.133393565177398e-12,8.748752503289845e-13,6.348186253758138e-11,2.003221300971556e-05,-6.925627585361769e-07,-7.567765801900732e-12,3.3400037902013556e-07,0.044000160073306906,0.00872281493401642,1.4759275582548726e-07,0.0008168898018885314,-4.7022400627443334e-05,-8.535784937044036e-07,-1.818749554445851e-07,-1.4843058021697755e-07,-1.6195418835487937e-09,-6.096594397432634e-07,-0.3327992315147628,-0.3266429879648884,0.0003711788291498659,-4.0014965901489807e-07,-3.371704786310535e-06,6.246637232100029e-05,0.010684864627596942,-0.3747080195499573,0.055441422011760236,0.013462748133551427,0.0074140655729095385,-0.0005248103709130173,-0.01772486050442503,-0.009766589567221361,0.0001819294978489358,0.00014684639761966252,-8.322346618103759e-05,-0.0005860660379849613,-0.004339712915323225,0.001810005359157772,0.009830623770263428,-0.013362324237777563,0.019321943116597167,-0.01021844675857551,-0.007714998131673237,-0.0023699583466805225,0.04463665304632215,-0.006301853703511342,0.024961602202921235,0.006670146876098083,0.00556993090350659,-0.0023458381078191298,-1.0998899752743322e-14,-0.0027744157807273943,-0.0015795329900015287,-0.012765571047738487,0.007402794165581451
8,-1.7869919619705853e-16,2.024398487776318e-16,-5.3276480351192106e-18,-6.714009041614877e-17,2.6996567947116103e-16,-3.1603952627319516e-16,-1.381877426445739e-16,2.6885870363377358e-17,-4.9594145970558215e-11,0.023402712643736227,2.445294242686012e-17,1.8629966879370585e-16,1.833153230611743e-16,2.243518091895672e-16,-0.06167456596244397,-0.09296566324449757,-1.226766671909667e-09,3.3443567776333245e-12,-5.642778585486758e-10,-2.771048461844243e-16,-9.716916955628693e-13,2.915064888411602e-10,-5.4233038483732345e-12,5.955617756987401e-17,1.8987869294899365e-16,-3.742039229719782e-09,-1.9507374678270266e-09,-3.786738401951677e-15,-0.5441074438443442,6.456366067636566e-14,1.9860830805948314e-13,-0.05660622350322554,1.80975342545099e-14,-1.393399294441245e-12,1.480986774928927e-13,-6.901303698670284e-14,0.425780092757627,5.5776586060260505e-06,0.019985884651621218,0.37227816831556104,1.095387729271608e-14,-4.770368679444224e-13,3.2428593086947513e-12,-3.3041440277081844e-13,4.665223234914706e-06,-1.6111693647396036e-07,6.998111808019472e-12,1.0721092730358614e-07,0.008587084189780384,0.0015242516923382567,3.1517599807233204e-08,0.00028094371973753793,0.00013844169236473455,3.3120674434110277e-07,3.0121507451726303e-07,-2.8533452584228353e-08,-1.1196360153308285e-07,-1.633100334910178e-06,-0.07605274850402015,-0.4143730123261187,0.0006015866206841788,-7.285513586237495e-07,-6.063654221189112e-06,6.630533111960303e-05,-0.0039025962220512783,0.40401012569302475,-0.08601719965391433,-0.023666136285727498,-0.013391168572010373,0.0010062496604779524,0.08657894996127634,-0.014894883794331482,-0.001932674906671329,-0.0010649738028131737,0.052724936586832104,-0.008026633768517807,0.0018971544990168882,-0.005680302351922198,0.01765199616242193,-0.035046037242759814,0.007600345209661306,-0.025872700208439306,-0.003818780880365213,-0.004091071869440377,-0.024139776306769646,-0.03721811219757469,-0.05486201412611751,-0.004526428446093891,0.003717928259474098,0.0011081540226512332,-1.4132903503856206e-14,0.008838091671176322,-0.005292332596454733,0.02245579659162864,0.0006704167959104429
9,-7.41087350340608e-16,-2.4558789974458575e-15,2.240166852016367e-15,-8.092175187305936e-17,1.4148848307413593e-16,-1.265414792399545e-16,-4.856049703692523e-16,-2.4440615359688196e-16,-9.059299131504563e-10,0.008128879539272823,-4.760124664488143e-16,1.2949439246563387e-17,-3.168683900099621e-16,1.071338952364596e-16,0.0013046036034029854,0.01588773120526721,4.421399186313485e-09,-9.187888037422064e-12,2.0253078990405045e-09,-6.320710228326498e-16,-8.197588946998902e-12,4.0113127754478727e-10,5.010327964205035e-12,2.5770225603905555e-16,3.368122262985309e-16,6.016492376848219e-09,3.9645437171271265e-09,9.859940589438645e-15,0.26182737841447706,-1.681235627076732e-13,-3.9684194263213953e-13,-0.4792155466331277,1.7535565311302197e-14,8.351393376268209e-13,-1.5184299601398026e-13,-2.1579009155382987e-12,0.13970455343923757,-1.1707537169891796e-07,0.20076042417729056,0.1394639845237459,5.637111202544497e-14,-2.8327397680537357e-13,1.9378438719485844e-12,3.3578029625869115e-12,1.8763295474663002e-06,-6.603860624843724e-08,1.7617491235014134e-12,4.228664854955716e-08,0.003028551860625955,0.0005131910222987798,-3.0452352177957483e-10,0.00012595938778255434,0.0002862611256027595,2.8641081487859e-07,2.1566250823595186e-07,-2.1436306470732798e-07,-1.1454525086269781e-07,-7.252975034019187e-08,0.627396085596214,-0.363270841646841,0.0007825402092775213,-1.0324031177713002e-06,-9.492233208490869e-06,2.206560108611018e-05,-0.00404234544075257,-0.2490982099469691,9.496368853977898e-05,0.012157560973345976,0.007165310651908914,-0.0009945244192565966,0.06985283733779361,0.1025181263856978,-0.002282757018168216,-0.0016658924614612553,-0.06590965374811976,0.013718919350749302,0.016715418523905613,0.04570036923935998,0.0565864585104294,0.05289217984661294,-0.04596346191025195,0.011052292281453945,-0.022153485285711347,0.008279919626602983,0.010922907003173582,-0.04800111608754132,0.018231387857542664,0.0013637166180958508,-0.011542962147424812,-0.0006996454992243143,1.9276072067868554e-14,0.004750649644403306,-0.0031389751498056228,-0.015616268611564567,0.008902719849081989
10,7.438258769261599e-16,-2.2122386996584304e-15,3.0339224191842344e-15,1.0524424410614564e-16,-4.0745115617650847e-16,5.058337018414261e-16,-4.795401822173652e-16,2.0196565879382915e-17,9.949984354201072e-10,-0.008374345733287873,-1.8864039608384585e-16,-5.980544933910969e-17,6.020784141775053e-17,-2.3050459256768413e-16,-0.0005756846643410747,0.016968459126325386,5.5485698647343705e-09,-1.6152356290184245e-11,4.906768503228707e-09,-1.3925520717113885e-16,-8.721125304540238e-12,-1.707768551767057e-09,3.248658400379748e-11,-4.6635439293094446e-17,-3.566910038867761e-16,6.326148281336651e-09,5.0507609081993574e-09,3.7113489951648515e-15,0.3509026906467564,-3.378860479369999e-14,-1.0021887397609367e-13,0.29649260456591664,-2.843759139395614e-14,7.407621657862072e-13,-3.7200687149015356e-14,1.3508998013925847e-12,0.2545823257042297,2.141806950461914e-06,-0.15024323859599945,0.2781712549391037,-3.384618521230774e-14,-3.8716246740323834e-13,1.4060733535606145e-12,-6.753466873220696e-12,6.124700500951011e-06,-1.9276760038704803e-07,3.0758202700364626e-12,1.4032057694285741e-07,0.025526952178669272,0.0051333317849067955,6.855853213647903e-08,0.0005418624847384381,-1.061035628604151e-06,-4.3250575836710187e-07,-6.656616254454063e-08,-1.2956633617744222e-07,-2.0435405346444672e-08,-8.542112939435792e-07,-0.4295050470163835,-0.4262378710816616,0.00048761128785576737,-5.284835122071915e-07,-4.45439920238529e-06,8.111120191067593e-05,0.014047924962031024,-0.49134527662437416,0.07205718691883019,0.01749647021653083,0.009631824978901193,-0.0006878108601329399,-0.02125699189809822,-0.01414238210023024,0.0001814163510072993,0.00016255295408495858,0.001000584298611027,-0.0010165089139197254,-0.006312658271722451,0.0028870562979694103,0.015574013476284078,-0.02060333568850589,0.02979006516472118,-0.01581801562633816,-0.01172399860200469,-0.0037083353633682787,0.07019691571501185,-0.010266687112699433,0.036581422961862606,0.010694163350177706,0.008766645373858,-0.003693065778599619,-2.0872307190025414e-14,-0.004436305082177509,-0.002501982832286675,-0.01989272435639717,0.011826500834216632
11,4.2185662292633444e-16,-3.4559582791098397e-15,2.083149427361731e-15,1.4847553476063775e-16,-1.0439538192432037e-16,3.9145228228525226e-16,1.1666513125813098e-17,3.354301847385803e-16,4.5108348337654356e-10,-0.0037227520960392054,-5.342432213425605e-16,5.765927323048127e-17,3.134962903123464e-16,-1.7872475256083316e-16,0.007479302095056687,0.01975225266745882,7.309563683895103e-09,-1.9766858046104497e-11,1.471099283472556e-09,1.563905983233081e-16,-1.374925738938803e-11,-1.0932795382423605e-09,1.9868046653658878e-11,4.886199959779337e-16,-3.4647142464511315e-16,8.839690865701334e-09,2.9620476511185444e-09,5.6083495443783695e-15,0.4240470569510017,-8.392401656325297e-14,-2.3082749359979326e-13,0.037460685329645915,-1.980768025589141e-14,1.0022634973391573e-12,-1.0217670037775443e-13,7.649783260338889e-14,-0.2655779166661377,-1.4022846900364286e-06,-0.04322870140864795,-0.3483140303199178,-6.1515749585309215e-15,6.000676018145441e-13,-1.6164524001984517e-12,3.047857107624468e-11,8.186753109273383e-06,-2.843478809878504e-07,-3.2609966221253927e-12,1.4657034186218725e-07,0.016375797354945362,0.0031287802202820277,5.287264620970469e-08,0.0003816583067948101,0.00013322153481405675,4.070608827272859e-08,2.0520587543384756e-07,-7.889534134360822e-08,-1.1185540589770387e-07,-1.7583131113953882e-06,-0.09739330474885062,-0.5342281602056534,0.0007607429304446437,-9.077373659183656e-07,-7.63812950686968e-06,8.561510837333803e-05,-0.004705842168645523,0.5243687254350593,-0.11531640388115591,-0.031658120193591544,-0.01793384545154542,0.001349944510853935,0.12249134649417263,-0.02024053637884331,-0.0027868451455769242,-0.001535902751668769,0.07611545894587765,-0.011524101251230231,0.002902032966634968,-0.008235130579899733,0.027517473701323774,-0.054146378377557015,0.011687360414412479,-0.03947739478333924,-0.006043102268970881,-0.006517812719578272,-0.03798910315199552,-0.05699941529435051,-0.08164571016951139,-0.007289258891866139,0.005872170732761531,0.0017465257452700706,-1.8259720157436283e-14,0.014074290549548289,-0.008438247949654736,0.03488458092099894,0.0010084213952026035
12,5.2243678399598985e-12,1.362310218657162e-11,-1.4614052636183415e-11,6.908696229624423e-17,3.377739885033137e-16,-8.338359610604062e-17,3.114302625670463e-16,-1.0367057022345314e-17,2.1730735777811551e-07,-4.776186231678338e-05,9.738358391880546e-17,-2.615433343988608e-16,7.323288402386461e-17,3.3543252050282936e-16,-1.628197025519246e-05,-0.00013668454552284205,-5.282761626189548e-07,9.62579430136496e-10,-2.69365844217506e-07,1.8326745453045965e-14,7.586599150204948e-10,-5.712614499719504e-08,-1.970117390957662e-10,5.258500244451129e-16,-2.543315829306675e-16,-2.668079605725169e-07,-1.9689525275701185e-07,-4.3198440979504727e-13,-0.006329616662338173,6.242916215273296e-12,1.2094812542229165e-11,0.0110992370961076,-7.611764943909018e-13,-2.8863062873724635e-12,1.5007043926609818e-12,1.442567322965485e-11,-0.003232219735874145,-0.00015552860213751047,-0.006809672552911202,-0.0033733115964620247,4.121516882070706e-13,-4.333058836599719e-12,-5.5286177654552415e-12,-4.431163052044645e-11,-9.493970657899862e-06,3.5407252061684113e-07,-3.5465457244111755e-11,-3.9529392453719225e-07,-0.0025393915565392364,0.0006994478388846857,4.192303636626245e-07,-0.0010918543368869651,-0.005024901398271436,-5.322157696161158e-06,-2.51961962213825e-06,2.821854281242489e-06,8.756110204614412e-07,-4.529444261914091e-06,-0.18916170866927054,0.10176729570435869,-0.0018020905303913909,3.3130136163421866e-06,3.10041545385309e-05,9.529409443544873e-05,-0.012219720029178979,0.04075432764913815,-0.11486479864619041,-0.0002541486694939817,0.0008660417705286811,-0.00150557625430491,0.3277740914103092,0.41549529204950375,-0.010504631282657176,-0.007115538392321246,-0.2597723219479978,0.055269564457049905,0.08604490825682964,0.2652348161105249,0.37760669994242824,0.3445164684164538,-0.30825070516245684,0.056043026137612924,-0.12307706248714695,0.06447834142786418,0.07880448045528139,-0.30856520376436347,0.0686783051075519,0.011435145861851724,-0.08747381632019627,-0.005107443467568409,-2.698558318043241e-15,0.03659105391279995,-0.02480791806431926,-0.10294592271412385,0.06942539281214655
13,-6.663013322647199e-12,1.0548004878441795e-11,-1.828050041326404e-11,-1.508899832747879e-16,1.121977404838359e-16,-2.384787533228338e-16,-3.6184697463790294e-16,-1.421622393132114e-16,-2.0937947473234597e-07,6.0082693516854735e-05,-4.244568233522052e-16,3.154989149932459e-16,1.3265503109867597e-16,-1.6931723597554636e-16,-9.112492830521156e-06,-0.00016147348934757554,-6.476389931993749e-07,1.9233250777381675e-09,-7.088563088602979e-07,2.316951376294086e-14,7.092343642145404e-10,1.477492432886155e-07,-3.010612704614037e-09,5.299081353293199e-16,-4.647527474222065e-15,-2.428200490158224e-07,-2.66548606901719e-07,-1.3730227817170052e-13,-0.010269077311208559,2.0850659990858622e-14,-2.902713770480344e-13,-0.008862522027437982,5.151855223483966e-13,4.181298831655326e-12,-1.437779434772556e-12,-1.3189971930638998e-11,-0.008754122103828718,-2.4901230938547126e-05,0.008979133152246303,-0.012550875773103412,-3.8673542019034567e-13,-8.771336156455964e-12,-4.7805913579075575e-11,-8.954721085849225e-10,-0.0003521725646274535,1.2135599448420169e-05,9.12822887200227e-11,-5.840407538939234e-06,-0.7303785923528762,-0.14420983978319576,-2.5818146738820478e-06,-0.012814018310305441,0.001314820030406259,1.5220560974974582e-05,3.8763681001905025e-06,1.80284365758749e-06,-4.3745434652425916e-07,-1.2947277015549428e-06,0.02367391496780817,0.012190234228807627,-1.1938832487254198e-05,5.632450307984451e-10,-4.394894920056208e-08,-7.003698172311266e-06,0.004834518650458499,0.02109086569328565,-0.029727174209069767,-0.010125628060817685,-0.005906870178079114,0.00028479223342663037,0.08632596185351926,-0.07824392368647363,-0.002417450277793859,-0.001185163930816843,0.07104909211090132,-0.014822892686780742,-0.0291061012820385,0.01354522304099221,0.11268473709720303,-0.15106932000014797,0.2038986690140562,-0.11317893794945741,-0.06669409516652751,-0.028635910598792776,0.507550453347665,-0.0884450171887299,0.149869033277731,0.0856012885530194,0.06725137942411283,-0.026875981274047805,-1.343855845292659e-13,-0.03438368787318238,-0.01971024783860502,-0.1309989751471702,0.09295472429835908
14,-3.4237590030240788e-12,2.1024257706895905e-11,-5.0315864154566354e-12,2.860329504139676e-17,-7.891336365821955e-17,-5.429938509321019e-17,-1.6579756447653473e-16,-5.983720355455598e-17,-8.30137252473835e-08,2.8169870967499007e-05,-6.531977891764875e-17,-4.3279839209559464e-17,-1.3733784837006555e-16,1.4300519854633338e-16,-4.798860012011096e-05,-0.0001827631177505067,-9.244882650035567e-07,2.497811022622478e-09,5.1926909905010215e-08,3.2408404408829797e-14,1.4017800810152056e-09,7.121228849295262e-08,-1.0374667029489383e-09,9.442383335870074e-16,-1.5201021848869744e-15,-3.9941022772718496e-07,-7.99327970444575e-09,-8.165290759849695e-14,-0.010189621990734535,1.1424267023030723e-12,2.6585171235795946e-12,-0.0008158619749225222,3.3021087943568804e-13,3.5044671955326317e-12,-5.362689014379978e-13,-6.656060494359229e-13,0.005368782914432389,-5.328160175595317e-05,0.001747928534370393,0.009287979919402369,-2.0080063075015736e-14,-6.765636667114167e-12,-1.9204184053841468e-11,-3.312169155518947e-10,-8.38306366520394e-05,3.1224334474065634e-06,-7.247732974183262e-11,-1.5595664390087443e-06,-0.02467847597634925,-0.0010324620199065845,-3.276935174915045e-07,-0.001985671475684259,-0.001471377667041305,-7.300050766097699e-06,-4.625246292998452e-06,-8.247543196415616e-07,1.0325448845731834e-06,1.1741485575058926e-05,0.013302424671370687,0.143548199306162,-0.000787517959586189,1.4556747752895988e-06,9.398432067693103e-06,-1.4549945492170355e-05,0.017134495206484055,-0.20657881368413364,-0.11010760235404393,-0.027132478588029637,-0.016193195203981343,0.0012798435672799276,0.38429644330945445,-0.027783464672649107,-0.010872525866656192,-0.006007622330826721,0.2951374720222542,-0.042171930249901936,0.01758448318410114,-0.030730509394257113,0.19644818821937554,-0.35864615145840983,0.07785689372846091,-0.24303171333636078,-0.048142571574935296,-0.051403795750017675,-0.26728815258189514,-0.3599349590459402,-0.41015775740064053,-0.05862847198071506,0.04493214879040934,0.012310966418280146,-9.045441086357415e-15,0.10968474863580079,-0.06703152704032514,0.2341253751750343,0.007754390983321845
15,5.71318217497617e-15,-1.1590313399622151e-14,2.3546310569907752e-14,1.9506380118902343e-16,2.4781637197228574e-16,8.69252364567918e-17,1.884067394963203e-16,1.2683088885102897e-16,7.299314312214129e-09,-3.27756465878028e-06,1.3273898832775017e-16,-1.2077033454371612e-16,-8.056749243601975e-18,8.548461111575431e-17,5.088769149828051e-07,9.750037659181105e-06,3.007623462350526e-08,-9.024217330059251e-11,3.776881169019641e-08,-1.5541706343808263e-15,-4.332597520981298e-11,-1.0819157458681314e-08,2.131103317176477e-10,1.9719627290767075e-16,7.249651605485167e-16,2.4311717561326966e-08,2.9059402813476005e-08,1.5768559343701518e-14,0.0017831747917423691,-2.4895968364922486e-15,4.057793807671042e-14,0.002005062925623743,-8.197912833975818e-14,-7.436317633314259e-13,2.587276199886683e-13,2.7745293549441214e-12,0.0028568171571763472,7.309059629252734e-06,-0.0033510337599000684,0.005228236520688232,9.31440201501556e-14,2.910806133205112e-12,1.9181118196195197e-11,4.0637479153734216e-10,0.00020892742637525777,-6.98671988053974e-06,-4.403343210172814e-11,3.8390849242193444e-06,0.6500300635785101,0.13158703352778392,1.892970044829748e-06,0.012413075516991189,-0.0016058016616116203,-1.5536829301622408e-05,-5.201671365900588e-06,-3.4530158291405596e-06,1.1253679151448261e-06,1.0681912946430063e-05,0.06638596890090953,0.08151036197248761,-0.00021562190523056107,-2.1587376207505403e-07,-6.200201824976881e-06,-3.6330477848524096e-05,0.010213024414919546,0.03994638016019837,-0.054040176958114416,-0.01810450765736763,-0.010520807827464309,0.0004917685583403168,0.13907899507133603,-0.11312023863907529,-0.0036871040771168265,-0.001839147858092108,0.09800223243349232,-0.020625295186537752,-0.038098089132782585,0.016332127877932645,0.12702610158934516,-0.16764569361946635,0.22506415299708288,-0.13272858938753665,-0.08398913811636374,-0.028811493025322533,0.5381444006659106,-0.10454508058339795,0.18723413198272093,0.08594073564606484,0.06870491946633114,-0.028418482651330783,-1.3276230143585957e-13,-0.034988245389756846,-0.019766823832519778,-0.1431616020229788,0.0944216693969999
16,-6.30292185849197e-08,-9.091592297834051e-08,1.0831014941194471e-07,-1.171319725061117e-16,5.64327567761454e-17,-1.0669135070860833e-16,1.6530316602725104e-16,-2.291643272009386e-16,-6.458527564706978e-05,2.3490979169837487e-07,1.5037422541677294e-16,6.026007731588691e-18,2.5026577840246796e-17,-7.961452632469645e-16,1.3578457444830408e-07,1.0252150629313245e-06,8.416660413534054e-05,-1.2644908316565977e-07,5.6309642797353816e-05,-2.884859613241121e-12,-8.96838139576372e-08,9.175308694874974e-06,1.4145690222990349e-08,-6.398227725421906e-14,2.3228499119775116e-14,2.1367836818290237e-05,1.95292737903457e-05,3.817987799618521e-11,0.0001321390662326579,-4.957370017667473e-10,-8.900375365334766e-10,-0.0002209991765425078,5.558363745206506e-11,2.1027725371628168e-10,-9.598964609689675e-11,-7.628863026198789e-10,6.934931740675874e-05,0.005961123950474578,0.00019573868800263136,6.900510447625858e-05,-1.955019774573802e-11,1.2189426004650728e-10,9.05183194278561e-11,-3.5890869296237685e-11,-4.02761913136017e-05,1.632421038936717e-06,5.786907505496577e-10,3.706146855572184e-06,0.003107817480719418,-0.009861348382999265,-9.562887394509269e-06,0.012702515428922465,0.07348869172982293,6.721242589071383e-05,2.4514170596820205e-05,-3.684091948912697e-05,-7.721545028927395e-06,5.851041962489305e-05,0.04853965991866211,-0.022646556766973972,0.010628217202714103,-2.156480394023414e-05,-0.00020505885141019938,-0.0005800622391104238,0.053950807430430625,0.021663278053163308,0.18620641341827646,-0.02996938275001471,-0.01995771040216985,0.004911850367241409,-0.37478702570939565,-0.4791888786198101,0.009850517715226723,0.008156418921798886,0.34065152864274856,-0.06653236123072942,-0.022819288972282588,0.060498133223328227,0.3523286969212923,0.28737767085654187,-0.3178214314440002,-0.024379902513363888,0.0022391749433797402,0.12268579502435008,0.06877856195952711,-0.2228765735062727,-0.16245630610910058,0.021299912661434377,-0.15323729964388108,-0.005370635112720385,-1.7734796558896035e-13,0.07017355544203148,-0.04906684735967444,-0.07532326150422354,0.12605100774885009
17,6.892125827901797e-08,-5.239109196345982e-08,1.4307281571119646e-07,4.1648615154559267e-17,2.2725175869441925e-16,-7.092808023723954e-17,-4.5933188364735754e-17,-1.9964401241917883e-16,5.448923258406525e-05,-3.5306132467137626e-07,1.3199598539352906e-16,-6.250643093279084e-17,9.273944602555722e-17,6.941558411793458e-16,1.1764082207816238e-07,1.2314302141307608e-06,9.239010296296551e-05,-2.827584803898789e-07,0.0001426385568443641,-3.2745191954270358e-12,-5.831036373352786e-08,-1.7818015017640334e-05,3.984595589321998e-07,-4.6022790509215304e-14,6.125632997430112e-13,1.3737575005897769e-05,2.5223450916175105e-05,1.0956421500264972e-11,0.0002028988837928508,1.0797080199335156e-11,5.300762408716655e-11,0.00017380752806720503,-2.433644712479981e-11,-1.6437588453655991e-10,6.652311174200705e-11,5.698654409900435e-10,0.00019572584734551708,0.00030964248439522147,-0.0002753380464729973,0.00032461741123526305,1.4289781801058242e-11,1.6096226752166078e-10,7.738538532939216e-10,1.1776620318707469e-08,0.002689091424908708,-9.940007426892702e-05,-1.911043222951289e-09,3.0088992948244647e-05,0.050496948143814085,-0.045022192243591795,9.161440370840892e-06,-0.030074199386032254,0.0036238948775987215,3.7720225386295486e-06,1.22127997522747e-05,2.601905336683313e-05,-7.447469639314507e-06,-7.587715466756564e-05,-0.004792325100935896,-0.01073085229829335,0.00011296661685985134,5.9632437247473504e-06,8.759606700280746e-05,0.00020726129557022287,-0.06325592267157422,0.04276823300001306,0.12850904439938704,0.05649420938000337,0.03259897717579646,-0.00039544228654054913,-0.32651764399015604,0.4119371047280493,0.007490556554481119,0.0034438397469780248,-0.09656942534542966,0.037687716843718244,0.11767122623815682,-0.05463935683636814,-0.009607929162940013,-0.0794093012692842,0.00942334739055966,0.05421758612661926,0.1763589815198388,-0.05554128878417813,0.3438061849032945,-0.006398780152664635,-0.6573622450164118,0.1643003575009133,0.10860087294769852,-0.020158046260532657,-1.767751771405053e-13,-0.05044468461907776,-0.03976243755211595,0.0442376177306912,0.15667765261241084
18,3.1583372908293485e-08,-1.5803355261290712e-07,-1.4894212309211416e-08,-3.122886758659402e-17,-1.6148105320696277e-16,5.823859301659898e-17,-5.2905564140781987e-17,-1.1875451260004904e-16,2.0621447427743033e-05,-1.9077293198194335e-07,2.3417546640509698e-16,-6.3618422667905886e-18,-5.869009111145046e-19,1.9801055686888271e-16,2.896610429472776e-07,1.4511274516421517e-06,0.0001648264844492477,-4.479250964547819e-07,-5.5385033657653114e-05,-5.796857996573906e-12,-2.0584120888782823e-07,-7.00832067334851e-06,4.7313326498717686e-08,-1.539525570781973e-13,6.437110769351851e-14,3.5021872354991685e-05,-8.929891781063266e-06,-1.6599532057423486e-12,0.00021821950637291828,-1.52070956938511e-11,-7.115613401000883e-11,2.5128289849311853e-05,-2.5786132141832833e-11,-2.1276992303860022e-10,3.1972758657522376e-11,1.3322408592032209e-11,-6.663497781253485e-05,0.0010834270951400762,-8.901233014832069e-05,-0.00017288289161869488,4.5217103188284363e-13,1.8477770123429306e-10,3.803291418467089e-10,6.20033404127165e-09,0.0011514371861328597,-4.52399103984795e-05,2.45618093607715e-09,2.351752465438338e-05,0.022408486191497913,-0.05156497472833916,4.788906079822883e-06,0.032868667876240695,0.009113703416993309,0.00012080164628538477,6.323362426379583e-05,1.2070029383103324e-05,-8.517815996441464e-06,-9.43799153170557e-05,0.006277753055912751,-0.02871314087950145,0.0020696643061891753,-6.681160090994632e-06,-3.7771247436770686e-05,2.7339516080300826e-05,-0.044325761641614475,0.10879432051440356,0.24624806229539273,0.07402355014022352,0.044016435651448534,-0.004805326143645458,-0.4583035051133304,0.10909389637252341,0.008778633257164253,0.004928548325300016,-0.3277465789999102,0.050283114400890457,-0.019803674011196943,0.09009466271735278,0.29107100158053767,-0.3432338940013563,0.1322334651765654,-0.1684471223674778,-0.11434739101756261,-0.097839147726826,-0.1907424208037003,-0.2607204919188695,0.3093129855323235,-0.11128086484722106,0.0823163339014144,0.008293856043092069,-1.4424333120305799e-15,0.19372479358592526,-0.1307431087558032,0.16408434513314346,0.024044635729885244
19,0.000591092793692391,0.00045693803382670445,-0.000690417430610845,4.751751494937894e-18,-2.910842807265405e-17,-9.695275703558844e-17,-2.418237442594066e-16,-2.8462311040579103e-15,0.015092352003681371,-1.5194436268069709e-09,-7.931478400693641e-17,7.647375227603248e-15,-2.642874084020213e-15,1.825806228964303e-13,-1.40502201210172e-09,-1.0604622109678268e-08,-0.01008597835398683,9.902434482660678e-06,-0.010475537077403499,3.4178660301997946e-10,7.423129076551093e-06,-0.0010965933321995531,-1.9643737064848437e-06,5.2271128510328085e-12,-3.3886938215489192e-12,-0.0013035110280859292,-0.0016657987828228235,-2.7840050687489898e-09,-4.544453074222922e-06,3.2001358316097414e-08,5.311934416585071e-08,8.139374442627035e-06,-3.2415745928709404e-09,-1.1938440913275955e-08,4.860349991180053e-09,3.183375892481452e-08,-2.3041307623047685e-06,-0.18567476533204993,-1.0080835716888611e-05,-3.0002660594418464e-06,7.273141955785575e-10,-2.7237762325058695e-09,-1.119897788035408e-09,1.86117946450565e-08,0.0032499628444107695,-0.00013472993373826424,-1.637947049331836e-09,-4.3166447329020074e-06,-0.004293821565829882,0.02111788335366849,0.00016689973029033664,-0.07609205641327173,-0.8752303154104916,-0.0005934200892138095,-0.00014567386320515235,0.0003799205720476721,5.508937987801888e-05,-0.000517551543700131,0.0009877407091493093,-0.002105776744600159,-0.054610977299235634,0.00011585072538796252,0.001114331484111695,0.0025000689215854918,-0.13732170338881708,-0.01021164154837374,-0.0936218115936151,0.0863451520009287,0.05367582887141855,-0.008671545178107963,-0.02644530134709094,-0.01914757331224493,0.0029711453713580503,-0.0002883121408167528,-0.02782320829050254,-0.0006325699833883103,-0.07903315228616997,-0.160848252546317,0.05913750403216678,-0.029770333049330848,-0.06863629624657133,-0.09440897785447909,0.05914479411657367,0.157980721521034,0.00909452281012591,0.06328128638228886,0.018576479450145574,0.026347339165006048,-0.1734112695807717,-0.00229031055745578,-1.921904862270674e-13,0.09081435376014506,-0.0667764201649042,0.01629714126300476,0.15180546770473607
20,-0.0005730523252193782,0.00010768225150904255,-0.000978750563854446,4.1313430336097456e-16,5.912943402078436e-17,1.457893349997659e-16,1.7183869723190682e-16,2.798997440793237e-15,-0.011723918612886406,2.8353048268282307e-09,5.564229308536447e-16,-3.015929486745638e-15,1.643714168176605e-15,-1.3286415320023158e-13,-1.4217393098834053e-09,-1.2908730694807491e-08,-0.009708128021400713,3.1498813303960375e-05,-0.025915336392799904,3.455953364606051e-10,1.0493907547790041e-06,0.0019053367206954721,-4.823832928751066e-05,1.1517909547487936e-12,-7.49650830567107e-11,-0.00046454880563259987,-0.0023382541684352255,-9.676270240547478e-10,-6.604947942561597e-06,-1.4222736519500484e-10,-3.218463444732563e-09,-6.100508873991108e-06,9.583118098758902e-10,5.50689072935642e-09,-2.9545022026409176e-09,-2.532926498210843e-08,-1.0000534015750615e-05,-0.006159004814638648,2.0329463860806338e-05,-2.2704579073228477e-05,-5.638122335947955e-10,-3.6298512709504234e-09,-1.8434436545893003e-08,-2.516584864808003e-07,-0.04876646282464956,0.0018255276782610016,6.149070037769823e-08,-0.00045210484980116135,-0.12875315152434988,0.5973900968776635,-0.00013401672244892082,0.6063497516264231,-0.04244566181554408,0.0004166038183861414,6.765089137942553e-05,-0.0002357995912820703,5.066759935260807e-05,0.00033837661596539115,0.0006883496776255005,-0.0005919122860062673,0.0013951069636791975,-4.935849258808957e-05,-0.0006111837723801084,-0.0008834028559308719,0.10732122079310791,-0.0017957770152540753,-0.01285561422603453,-0.02771938532118421,-0.014079282099165527,-0.004335731589055277,0.04802658259291111,-0.17193206486156357,-0.0006727523832819022,-7.605460251568443e-05,-0.2195922314040953,0.023999994172087858,-0.011428624747505379,0.0026640291047510044,-0.032953018528734876,-0.03600702100440245,-0.11816591517552268,0.06445095359997094,0.007621536823369292,-0.07451873549646038,0.012750068238893384,-0.013665140911606338,-0.035237769976785925,0.21358940702571258,0.12365801152477585,-0.0038752786450319343,-2.372685863384817e-13,-0.04556875489305696,-0.055215366349259574,0.18286839603765476,0.1818786946787053
21,-0.00023456906213542155,0.0010068834765369207,0.0004479850316369353,7.314827086869184e-18,4.4001589855165024e-17,-1.9262717431476986e-16,1.4885878141516335e-16,1.0324700394710131e-15,-0.0041934879393127015,1.7712213669313553e-09,2.4476343252874465e-17,4.118649395280211e-15,8.260635321050748e-16,-5.2311684944644885e-14,-2.5345157370014046e-09,-1.5555025870168108e-08,-0.02443021822177303,6.717039016298815e-05,0.016695729581284374,8.597355976952962e-10,2.590166466591636e-05,0.00047734687719835206,7.1612235262702045e-06,1.9583351072735814e-11,1.2175566797488284e-11,-0.0025883412516317936,0.0015635793806822648,8.281459046416772e-10,-7.433950091950941e-06,-4.25924831720274e-09,-3.623015829368869e-09,-1.1696665395521374e-06,1.7075062705843359e-09,1.109269948297973e-08,-1.6110875133577244e-09,7.135803709721036e-10,1.7467685201277973e-07,-0.0018138019766389944,8.962652958824498e-06,5.974006600597627e-06,8.309472837699893e-12,-3.968497394146312e-09,-4.430275627730253e-09,-7.732772445615241e-08,-0.008910918455204269,0.0003953668691991359,-7.017173835774001e-08,-0.0002877062942708716,-0.10790546669155801,0.6014751808307522,-7.057474652234172e-05,-0.607010635264852,0.0632565719372683,-0.0016299148245026956,-0.0007237715716377768,-0.00012228242846650244,4.8851111298114114e-05,0.0006283094023499609,6.767185000844247e-05,-0.000961361605508232,0.0008722833355357306,2.8931483797306122e-05,0.00016814047584539174,-0.0003767503134210038,0.0724708365324095,-0.025406667679853938,-0.18925414476611024,-0.08965262127550236,-0.05472263413813638,0.01009925128812875,-0.08338581138590594,0.00919382008953073,0.008326450842230788,0.004942527094296552,0.022754273645461634,-0.00017606220719764253,0.04441859912692414,0.04502987510829162,0.12685632410493014,-0.009141367876801162,0.026436963359009316,0.12069096513291741,0.11754902034026592,-0.12570876207508946,0.019301569226876116,0.1213332461713355,0.0139956675314406,-0.14227491903503603,0.09508230749684056,-0.0019420381243177968,-4.1058050646005113e-14,0.22462894230485178,-0.1744847110254314,-0.016186991654385533,0.04273291456531567
22,-0.4977381204314551,-0.3002111711653475,0.3931124070496322,-6.633862661674899e-17,2.322214716634914e-16,-6.289702476077579e-17,-3.3490379915563493e-15,9.45076071279328e-14,-0.30921501872642954,2.1405302643861325e-10,7.969329610209812e-15,-1.8553600583433162e-13,5.832770678549603e-14,-3.8702695134715304e-12,-6.041066823056482e-11,-2.2462243651938436e-10,0.15358696030111094,-0.0001485076837969584,0.1390119372751046,-5.201295408379141e-09,-8.496582460667187e-05,0.010450090164292797,1.9414828273958793e-05,-6.058394182415606e-11,3.3773159568514377e-11,0.00888063633170975,0.010431010996531756,1.6164936753783116e-08,5.283638145848717e-07,-1.6491682463624805e-07,-2.5197254978175824e-07,-1.8175226510126933e-06,1.3550691223474134e-08,4.3872256631124566e-08,-1.7616072716203554e-08,-9.631932828960333e-08,-1.8914450837489075e-06,0.37911117048438775,-1.8704333190687973e-06,-5.679376190759912e-07,-1.8792268831328185e-09,4.70868231762189e-09,1.4345737777840208e-09,-2.3362152855854296e-08,-0.002787712542306171,0.00012067409031012517,6.921593910685832e-10,-2.8585092020850294e-06,-0.0008962102880547423,0.004150267741773523,-9.304425172209152e-05,0.013823089739091894,0.13137424627489283,0.00013061724419823647,9.096063069300598e-07,2.3595329051323983e-05,1.0310841580491401e-05,-0.00017605628270828347,-0.004116360049499282,0.0014809304239726863,-0.027275247997250954,5.3291605410038116e-05,0.0005179449744070393,0.001499918816030412,-0.11105299508117857,-0.012623271684656323,-0.10364015730181222,0.07352329154692229,0.0459724025074379,-0.007735096105650094,0.019051885114817806,0.026191048400121892,0.0017510962602621154,-0.0010605191667383699,-0.054963301258948175,0.0050798132606426185,-0.07579565422333788,-0.1745353249147322,0.02748825948953515,-0.055503961200820816,-0.04640924057910412,-0.09348737560739784,0.06331916526640642,0.17163341601994303,0.006271287640995555,0.09432793449056427,0.03123832949555248,0.028260106714323736,-0.1849637428956485,-0.00219644433096011,-2.0566335248449063e-13,0.09868761677769601,-0.07384877877195216,0.022844150614539763,0.1638341817938662
23,0.457291095842751,-0.06702668166572838,0.5281300031119264,7.582228424562514e-17,1.0348312450320007e-17,1.1710789228189547e-16,2.9932780560440964e-15,-8.094896802043019e-14,0.22754524985402688,4.149233285644779e-10,-2.6102779656693878e-15,7.341874577766909e-14,-3.4308636167700545e-14,2.6599535487710227e-12,-1.0352291943801295e-10,-5.304231989692117e-10,0.13992213233805714,-0.0004494965264824695,0.32586007271507467,-4.978550640545392e-09,-1.0841519145473943e-05,-0.01718837117412107,0.0004512600942410189,-1.2267810360113862e-11,7.069580719584444e-10,0.002953698989321481,0.01389082460909362,5.339514967638871e-09,4.1148880761624437e-07,6.42860551035981e-10,1.4470561768230422e-08,4.90353678298036e-07,-3.7573738405987915e-09,-1.8878983377542785e-08,1.0112157471167611e-08,7.277201267085237e-08,1.1674553620977354e-06,0.011611089305628224,-3.0272559558420035e-06,3.539627338750397e-06,1.3835277979181324e-09,5.950791666023413e-09,2.39695975301716e-08,2.765218924360191e-07,0.036225611248650695,-0.0014195444732795976,-6.41822806300216e-08,0.00027910213183220025,0.039446713029428204,-0.18723105764689557,6.874937587664113e-05,-0.19407521427608138,0.0061113589545680825,-0.0001504944878121336,-2.5838680649014705e-05,-1.7015480928711696e-05,9.334910554915653e-06,0.00013348415892973828,0.0006741396324758626,0.001290957792004711,0.0005049200852368632,-1.9837746487093507e-05,-0.000256730124242877,-0.0005057204770387122,0.08737826465163209,-0.008221103060836128,-0.03167190592543602,-0.030659789225318423,-0.016268328035783094,-0.003175765980910791,0.07813582677882226,-0.19120031413978641,-0.0012636023668987017,-0.0003804703793347481,-0.18484611350681673,0.017464217298682992,-0.019784599654456992,0.006145986166819335,-0.0370369546237891,-0.023232424547142232,-0.12566152930154448,0.06619461820584385,-0.0029760142360117058,-0.07764044158267214,-0.012163111441610832,-0.004131214247337518,0.017637571733826806,0.22006359102289078,0.1254015280706462,-0.002578442338372646,-2.494471537672502e-13,-0.04459784476523158,-0.05835062141036926,0.1833634117638177,0.1854920640820251
24,0.18832986330086574,-0.6307865596329811,-0.24324151063322882,-6.21133961461736e-17,1.1655251988683133e-16,1.7376817061677395e-16,1.2005798272621844e-15,-3.2276735572783627e-14,0.08186605757529485,-1.5771977969324506e-10,3.88796777459196e-15,-9.606068212443988e-14,-1.6225233220682343e-14,1.0571332680802689e-12,-8.022035836527959e-11,-1.7503542662958527e-10,0.35532103215249783,-0.0009668049887706905,-0.21171731070312474,-1.2497570753694602e-08,-0.00028396260096947467,-0.004307076092309448,-6.85081423898387e-05,-2.1746162106224e-10,-1.1723981995656423e-10,0.016869464394775078,-0.009400733963791477,-4.647992155783967e-09,4.562517287344847e-07,2.140683160843278e-08,1.711117320559886e-08,1.0983481476365766e-07,-6.823305668146649e-09,-3.8791930089246215e-08,5.567175431116822e-09,-2.1766900479738586e-09,-6.755830401746236e-10,0.0005380686138505061,-1.3110331741714565e-06,-8.717570480808206e-07,-2.2807628651124522e-11,6.522409317349921e-09,5.351714529322032e-09,8.010906747520531e-08,0.005523645147454739,-0.00026764265412372075,7.31454290216155e-08,0.00017159677389058921,0.033268566821988386,-0.1886123136283529,3.646565194766725e-05,0.19331110991450118,-0.02522608830366811,0.0004211879614789148,6.706175734681104e-05,-7.455099760773962e-06,1.0099165523174949e-05,0.0002179805169421025,-0.0010790110899140707,0.0025948837626290117,-0.0007001468459019676,1.3319974027034558e-05,7.74594793867666e-05,-0.00018991393593978287,0.059070852695127275,-0.03110520201840229,-0.18042562350490435,-0.07902875259971757,-0.048071297762894746,0.008416105681884034,-0.016211256650744035,-0.008037859883776559,0.006192941346396079,0.0036297321081284408,0.0422012545576027,-0.004021258081533213,0.040140782611128474,0.034747423830487074,0.10024746798480481,0.01760075658582625,0.016538941903740622,0.1361020618461863,0.12109328516321018,-0.1303692463225445,0.029452240431178327,0.14918439827506483,0.0025465934076415496,-0.1466217417797343,0.09697688562848504,-0.0024168764047613226,-4.891188210916081e-14,0.23007033749109634,-0.18251469070676787,-0.027283993442878674,0.04582794066173254
25,0.5054003625191588,0.3047371868481468,-0.39895148452467005,-8.573547736976305e-17,1.9591962922529474e-16,-1.235560785163662e-16,-2.979877711607795e-15,8.702559138779952e-14,-0.2932815800606538,2.0603137763615506e-10,7.37880456896351e-15,-1.7301182973592312e-13,5.4913617981606024e-14,-3.662131488434575e-12,-5.256363683038805e-11,-1.7565661999619368e-10,0.14547438894986978,-0.0001379688297111294,0.13154286880534122,-4.924571903493935e-09,-8.193474676557744e-05,0.01024504001164863,1.660598992700707e-05,-5.836160094916854e-11,2.924318709698925e-11,0.008688940805259133,0.010199250174858007,1.5877301219099088e-08,5.383049592109416e-07,-1.624565408968464e-07,-2.485504578936378e-07,-1.822524683352906e-06,1.339674870267456e-08,4.345279220369591e-08,-1.745291810565529e-08,-9.560907613025535e-08,-1.8695177505647716e-06,0.3771424383074597,-1.8406584477331593e-06,-5.473553974725395e-07,-1.867656665251947e-09,4.6853373738678535e-09,1.4223891012311519e-09,-2.3370331927206098e-08,-0.002779503639979979,0.00012040014201686416,7.001489951518361e-10,-2.704193734935111e-06,-0.0008198703984192179,0.003788713752743865,-9.326123545399366e-05,0.013758090888919954,0.13375942671161176,0.00013199274964910038,1.3214669676481124e-06,2.2622909734455748e-05,1.0120876876118142e-05,-0.00017481364746422257,-0.004124819925125668,0.0014889559922006293,-0.027137622943867235,5.3011085079794675e-05,0.0005153263419917329,0.001494562725067919,-0.11086183878664002,-0.012616781697641717,-0.10355125090657764,0.07340830698958978,0.04590088529579989,-0.007722968407077256,0.0191705927268397,0.026312139789121638,0.0017456705776021035,-0.0010619243258249873,-0.05495801440882484,0.00508651925803657,-0.07573596017682442,-0.17447486749080096,0.02738335899657086,-0.055545863659345385,-0.046325111055663074,-0.09343981584649504,0.06328447450553802,0.17163391655937232,0.006248417149223797,0.09437270153991023,0.031281603196239204,0.028260100329802074,-0.18495160663754615,-0.0021946976464692733,-2.0579557779006686e-13,0.09868720319545629,-0.0738542726953642,0.022846159864089954,0.16382793826344783
26,-0.46427183769036623,0.06802593559369075,-0.5358729488420872,5.582952809593876e-17,4.5680991520669594e-17,3.85649473342489e-17,2.859281891707129e-15,-7.473653835220533e-14,0.2169517884840075,3.8857272092239345e-10,-2.4728982212324188e-15,6.990082822803566e-14,-3.256513037703059e-14,2.535244223563337e-12,-9.470098173430646e-11,-4.675392481505484e-10,0.13348897489217942,-0.00043109667496624225,0.3110221201867645,-4.751315808304998e-09,-1.0745212633863348e-05,-0.016750050698931946,0.0004374011709751771,-1.2078868381773897e-11,6.850284766319449e-10,0.0028886733851909633,0.013580225310134031,5.191118547508649e-09,4.276308182549105e-07,1.0965420260206613e-09,1.4898470341992495e-08,5.040414088169427e-07,-3.7466341412602566e-09,-1.8792220252991074e-08,1.0042758558868242e-08,7.229477869283824e-08,1.1959217078624982e-06,0.011206068055972724,-3.068838139737234e-06,3.6001969428386994e-06,1.376191374777896e-09,5.926688154702473e-09,2.3918481526291366e-08,2.7624552696688215e-07,0.03627898664126102,-0.0014212062477193571,-6.413944137072111e-08,0.00027983479463013374,0.03977811471680496,-0.18875215971055456,6.897650212449025e-05,-0.19585576542119448,0.00667598219469736,-0.0001517457492367883,-2.6141793055278236e-05,-1.648024433606614e-05,9.15633586377629e-06,0.00013288566218141502,0.0006717792387088562,0.0012952963763545689,0.0005257723815475021,-1.974463618832041e-05,-0.000255483984027963,-0.0005046555322049421,0.08725440863354389,-0.008232473742973326,-0.03170021092761566,-0.030667773157773606,-0.01627724059587632,-0.0031657682088947615,0.07816307677471013,-0.19109516676792873,-0.0012644043376896562,-0.00038075357573313603,-0.1846175158282615,0.01743402525871381,-0.019785597487035827,0.006168882625755701,-0.03704717617709253,-0.023199999170486374,-0.12563320370111006,0.06618365427726519,-0.00300927723883435,-0.07764377508615061,-0.012244716625986292,-0.004093906524003052,0.0178045277028027,0.2200672920773523,0.12539563906653273,-0.0025735312412439224,-2.4942321357154907e-13,-0.044589333576431585,-0.058356447172679335,0.18332181118525548,0.18548335243072794
27,-0.1912076430798021,0.6402040876289946,0.24681335827758083,-1.9698684049149412e-17,1.1562650115703161e-16,1.5782327042632533e-16,1.1455692698388863e-15,-2.974401202349935e-14,0.07804767095480666,-1.5511049526904885e-10,3.6032081433785035e-15,-8.815782436621107e-14,-1.5427267118694347e-14,1.0046710170064133e-12,-6.949833105627579e-11,-1.228373109881348e-10,0.33899038046433355,-0.0009232398744460988,-0.2020753632349506,-1.1923815607464669e-08,-0.0002738704591726781,-0.0042237442707078725,-6.53554270029731e-05,-2.0964610273105947e-10,-1.1195759699486694e-10,0.016517671650439103,-0.0092024850166371,-4.561695997866393e-09,4.735330082722389e-07,2.110385886526133e-08,1.692572927167307e-08,1.1131410552305552e-07,-6.743870773077811e-09,-3.839496347207272e-08,5.518566896092987e-09,-2.098385750156514e-09,-3.0062639252130366e-09,0.0005198545071795468,-1.3287743126873449e-06,-8.914953540528103e-07,-2.1711542160949414e-11,6.4985102785490695e-09,5.344884714713204e-09,8.005755221895739e-08,0.005532110134776603,-0.0002679795420211753,7.309401234810932e-08,0.00017203197662336977,0.033534757831395055,-0.19012810032759025,3.658826953188271e-05,0.1951289904509352,-0.025386471663927372,0.00042600438382846923,6.936415194360976e-05,-7.133069923041595e-06,9.95266309837766e-06,0.0002161876783954138,-0.0010810783659198698,0.0026009881334177363,-0.0007015966210710644,1.3223565559568216e-05,7.68147075695896e-05,-0.0001891944290493138,0.058969137153270554,-0.031086905842487786,-0.18019601094342658,-0.07891277528344225,-0.04800008148460073,0.008401591702251104,-0.015980065422248148,-0.008092265973718074,0.006180737613918979,0.0036223222867877206,0.04221502359510359,-0.004027990506703389,0.040104210648158375,0.03469801391339477,0.10012627075221915,0.017677103663111732,0.0165022923496891,0.13609710542682352,0.12104035238114608,-0.13037071993991664,0.029484632954906543,0.1492074980311597,0.002495814897678974,-0.1466218732105375,0.09697073955307008,-0.002418256001355647,-4.903582955790482e-14,0.23005808917576742,-0.18252296138095814,-0.027308446707907108,0.04583281851737195
28,-0.008240302578434614,-0.004972177768165877,0.006512775416764441,2.4010839189430595e-16,2.0947327492621925e-16,9.056959048899484e-17,1.3518233383876172e-14,-3.5745969466786756e-13,0.6905193948696577,-3.8574754044322187e-10,-2.605099539867078e-14,5.834138619785979e-13,-1.47166457081181e-13,9.167600791092233e-12,2.7705036284050844e-10,1.6393296540913514e-09,-0.3601696210391269,0.0005168935096637691,-0.33667420060464925,1.2321835572640407e-08,0.0001106656779919712,-0.0029930941836291956,-0.00016229013602043268,8.27237211229192e-11,-2.591100696449063e-10,-0.003978990072252734,-0.005248725103833035,-3.447061813707375e-09,5.738139962956129e-07,5.132907747304009e-09,-1.2914311443985662e-08,-1.3669469401308348e-06,2.5993756021298395e-09,1.3375821351527672e-08,-5.731059467206215e-09,-4.2595824821697216e-08,-7.513987027398587e-07,0.20739158573293115,-3.424624907320771e-07,7.303253497349841e-08,-9.651373800507723e-10,2.4418271155912634e-09,-2.5836663932120363e-10,-2.9179724922287105e-08,-0.0031764113911562906,0.00013597675992014653,2.8970033227357015e-09,-5.984393995289201e-06,0.0006251233928104962,-0.00303569503942857,-8.758572133835451e-05,0.014191113429561407,0.1917465322384596,0.0001603817458371463,1.4365607914351639e-05,-9.467719982450438e-06,3.157007147582924e-06,-0.0001254285890751271,-0.004217873064221118,0.0016404233732935313,-0.021202615786417495,4.106361930275518e-05,0.00040361982195239913,0.00125453892671066,-0.10167052457923641,-0.01196757367189419,-0.09750480668984897,0.06790718216105356,0.04246351647303508,-0.00712106068268753,0.02203215518458111,0.030222024567887935,0.0015412209623641522,-0.0010801497650423815,-0.053212197603347756,0.005143576245979758,-0.07265612981862389,-0.17063557104718743,0.023963357254186118,-0.0564467475174021,-0.04328048277448902,-0.09117816623067486,0.061331032703624284,0.1715453722716595,0.0055217741007439584,0.09477810837608584,0.032166573214579684,0.028225439118481,-0.18430969507663297,-0.0021303628894392434,-2.052630975466198e-13,0.0985438151764763,-0.07398511935365899,0.02258976874290689,0.16338183398099695
29,2.4267706179234233e-05,1.8775229670710377e-05,-2.8388341764825628e-05,4.189153900804589e-18,-1.3873330401371966e-18,1.0371799663485936e-17,-9.558194197571838e-16,2.9080693106188594e-14,-0.08957508783992978,8.28065826591464e-11,2.600404315103684e-15,-6.230233938916232e-14,1.7923677434498918e-14,-1.1467724482942647e-12,-6.111370534121582e-11,-3.9627478263088073e-10,0.06429581597472446,-9.335530491126834e-05,0.07032933985720484,-2.2009553027845075e-09,-2.7120840530228604e-05,0.0009122790911443287,4.745893546786681e-05,-1.9979989392629448e-11,7.506704194444283e-11,0.0018086607368990783,0.0026782744618817217,1.937495612212507e-09,-6.016449692987938e-07,-3.385320606804024e-09,9.5588539669318e-09,2.4448925378181237e-06,-2.319872170760077e-09,-1.4639716202425447e-08,6.389076924697005e-09,6.48039649910345e-08,4.7168306373837825e-06,-0.7965674788840318,7.481327009809949e-06,1.9984203851693544e-06,2.0159432788330497e-09,-1.6926742240461302e-08,-2.7326727639709328e-08,-3.0806922949589193e-07,-0.0128206636873132,0.0005846458389687482,2.173778991024491e-08,-2.0192669339409405e-05,0.0015091973325857947,-0.007186318246257726,-0.0002553776302740176,0.03215546013879176,0.379769619805671,0.00035095739018590436,2.72651017136609e-05,-1.5939394054961365e-05,4.974039677439215e-06,-0.00017364466696830768,-0.0050066375550537265,0.0021506913446360785,0.007456096783868785,5.2210427189705664e-05,0.0005056978649345994,0.0016006835676673793,-0.11553308924202348,-0.013336160209959164,-0.10780934797316512,0.0748411419517261,0.046763927841313634,-0.007793739649415859,0.023765172440577555,0.031794904177046376,0.0016422252042729783,-0.0011554853764095502,-0.055312073749448624,0.005358897885540524,-0.07441437253525188,-0.16959439755638506,0.022142271053362448,-0.04607098372413736,-0.02811583207330399,-0.08917456541775236,0.062035460193465,0.1696813947470437,0.005730357580256611,0.09318743598996448,0.03244346561526355,0.027886494004197973,-0.18396994386500412,-0.0022003993836108757,-2.0382233003329006e-13,0.09811385979311298,-0.07305458168871255,0.03278441886132586,0.16249214206564058
30,0.007546848111430507,-0.0011054333626328255,0.008707773594024935,-2.5213877570438683e-16,-1.6713358450489087e-16,-4.164286362558834e-17,-1.1925899186228466e-14,2.946014317797197e-13,-0.44223282714027395,-1.0082161123821674e-09,4.997207393893672e-15,-1.6417279629923837e-13,6.671142283225882e-14,-5.2215102990984275e-12,3.0648444852186726e-10,2.071547827599596e-09,-0.2694438145177975,0.000725533268052621,-0.6243985411673648,9.484329045648557e-09,-4.381012253802763e-06,0.011688398040853745,-0.00045650913043945494,1.7788231207249433e-13,-7.285263147620658e-10,-0.0014278494337131235,-0.007276831105529398,-4.817988185526053e-09,7.0422520270101e-07,3.1743877880992464e-08,4.382842973537829e-08,8.57251293243107e-07,-2.9228201419715654e-09,-1.2226898049437245e-08,4.864440622700917e-09,3.510342118691491e-08,1.8307709858410645e-06,-0.023923341043366984,-3.5274685296781013e-06,4.638264037393436e-06,7.706057321767239e-10,3.4640286354744273e-09,1.661605847226136e-08,2.0888688431053343e-07,0.03137740545341384,-0.0012121128695881712,-4.801347121992831e-08,0.00025629843535513054,0.04462846251641056,-0.21085965054805614,6.778115862969596e-05,-0.22173241883311862,0.020277605683667967,-0.00016821321830239584,-3.175361506348141e-05,1.3877874475007229e-06,2.6547135102429484e-06,0.00010762098123614369,0.0005956205655247218,0.00135094999708873,0.0014310599045472814,-1.6031485710350476e-05,-0.00020480969977608544,-0.0004582469434293349,0.08107268240815993,-0.00832616884404684,-0.031489141812090914,-0.030542853076755545,-0.01640697553128004,-0.0027058471346756373,0.0768246494099936,-0.18383010077852116,-0.0012541958081509902,-0.00036859846479906624,-0.17373875371860384,0.01613215516532305,-0.019226973287072475,0.007189004423693458,-0.037038426289007796,-0.021954224730914563,-0.12384385291916995,0.06542851123402055,-0.004011763176153477,-0.07771984200337724,-0.014717615900603012,-0.002936408582314853,0.02265955138463701,0.22005005024340715,0.1250617381211093,-0.002410216869541673,-2.495790381779791e-13,-0.04425719279357862,-0.058509832670432055,0.1808699316490109,0.18492938225842312
31,0.003108104883175201,-0.010404755594930667,-0.004010846538157978,-7.747324521950137e-17,-1.7423529384904171e-16,-1.0107349877344665e-16,-4.986425151706016e-15,1.1641168115805796e-13,-0.15912284521784686,1.718392427416005e-10,-1.860591138946312e-14,3.943232416079391e-13,3.80332076470548e-14,-2.247543485315115e-12,3.4531408182584853e-10,1.603159057937239e-09,-0.6846684158474468,0.0018096865375925196,0.40587564943773563,2.4042539827814052e-08,0.0003699033057171277,0.0012029300714616724,0.0001369313852326252,2.8848218626080604e-10,2.2684764791414657e-10,-0.006914825282543156,0.004119243229382523,1.2904905450474738e-09,7.993648120152283e-07,2.0952088238225704e-10,3.96176538113993e-09,1.382708983215881e-07,-1.076601720005067e-09,-9.318400385468491e-09,1.9453371882532397e-09,3.890132626701387e-09,-4.16255492846157e-08,-0.0013132769287515032,-1.5944152503420706e-06,-1.2241360220468872e-06,6.66010898181554e-11,4.056857768491173e-09,4.285139366052904e-09,6.549467092361334e-08,0.005297468947950463,-0.0002488382519381843,5.478934714171027e-08,0.00015917523114992587,0.03728883886212931,-0.211526545613282,3.543865701676411e-05,0.2216673981432945,-0.027277240930513064,0.0005147134402026239,0.00013205278484908626,3.4411232394389194e-06,4.505194664310755e-06,0.00014467511728439908,-0.0010919224430978613,0.002640683505572527,-0.0006762238366360593,9.15709629446763e-06,4.9690894859152165e-05,-0.00015945221682288376,0.05394105047948724,-0.029507116875570925,-0.16742998497075454,-0.07297853551301933,-0.04437130845175601,0.0076988301878050235,-0.008230159719151484,-0.009934877830697662,0.005649791011662601,0.0033016074928621003,0.041554825105855446,-0.00413087933026822,0.0382901455199294,0.03277585267844104,0.09552820696039885,0.019908993752390244,0.015190141901882172,0.13457701904765873,0.11761748334057767,-0.13032932154847823,0.03035938991105486,0.14826737526694111,0.0009007999948077888,-0.1465338429233121,0.09663075874548357,-0.0024519134965162986,-4.8863297312624263e-14,0.22932869640592268,-0.18269213926688319,-0.027810120375316265,0.045938506872556066
32,4.024249268186777e-06,2.429899425774539e-06,-3.1851851722369515e-06,1.1997130387080436e-15,9.185859247947922e-16,1.3569293644413747e-15,-5.103550966108682e-13,1.1694822225224731e-11,-0.018120979896143467,2.3485218276790025e-13,6.180688772437264e-13,-1.2157357584313132e-11,1.1066211491476835e-12,-3.227020947791097e-11,-6.5239858565690096e-12,-3.001158801134868e-11,0.00842501024623187,-0.005429402926983195,0.0066004465140349225,-4.3117615900522425e-09,0.003192154117217711,-0.438976266358436,0.00024550530396878984,2.222933785303546e-09,3.9190125781069543e-10,-0.3615843801105468,-0.4303012956149969,-5.91289900475802e-07,2.0575129448275507e-08,5.3868011647643196e-06,7.67297323489693e-06,2.566204019490718e-08,-3.497074296324317e-07,-9.309675155646009e-07,3.603947373492757e-07,1.3706530085462059e-06,5.754691538381476e-08,-0.005937732794600351,-6.054729547663651e-08,9.907707849545787e-08,1.622460083670611e-08,4.2572828553474924e-08,1.2056207660842184e-07,1.7464915782597146e-06,0.03969783862491149,-0.002129485557552081,-2.9267445692018354e-08,-0.0002351471740956189,0.0007216897251132456,-0.003714104705404358,0.0016995628126380417,-0.004892048814147031,-0.02590257581533142,-0.0008720345405439758,0.0003111957460073995,-0.000989365779987526,-0.00025039685835837673,0.0021032715314162056,0.004170465076932853,-0.0005809373042851679,0.008574973069890822,-0.0005160804355482008,-0.004802810017086386,-0.011201022099609175,0.40021912950265065,0.03345368206125618,0.27884013297195376,-0.22229533080750474,-0.13895173302276653,0.02441786591067714,0.07450881428025312,0.14921645012946064,-0.006965273070093839,-0.00028356651943539386,0.0694240239843286,0.0006005220735844658,0.0804135341661809,0.011469836281362894,-0.080126713843051,-0.14827194147846046,-0.03955338390559651,-0.00601444738613344,-0.03608442026734252,0.17875801538601518,-0.020364113928717217,0.0871093509572691,0.043516340769862084,0.028468728851470317,-0.1569135107196851,0.0008214222478365105,-1.718932413583005e-13,0.09260797064669452,-0.08373581224171171,-0.07027198898853446,0.14688090267689197
33,-3.6949896899329377e-06,5.392967628473691e-07,-4.260252850105753e-06,-1.130939943014135e-15,2.0564012348502305e-16,1.8520742810925137e-15,4.890580866469639e-13,-1.12132366264897e-11,0.014677977776819619,4.8486683664307584e-11,-2.9556267917803734e-14,8.041154342379783e-13,2.312820208873381e-13,-3.373308515120254e-12,-1.5986456620173333e-11,-1.3783087423901576e-10,0.009694735451308622,0.005720947953512551,0.023631803919257836,3.914095392080326e-09,0.0009770342686071043,0.5742728547799671,-0.013190142867291355,8.856190125605508e-10,-2.040189969907791e-08,-0.11244907853404607,-0.5085984080614244,-2.2212542796834056e-07,1.6597034884110485e-08,4.1090699208134763e-07,2.0655806836615445e-07,-2.3615476299161488e-08,7.050871819266675e-08,3.7925408970615143e-07,-2.3724342252254841e-07,-1.6896829594347403e-06,-7.773205952836225e-08,0.0040603869987985985,1.9433722993836087e-07,-3.2558260383925126e-07,-3.00752832366825e-08,-8.506581739525796e-08,-3.178032238495267e-07,-3.0973067894759003e-06,-0.30332252785504066,0.01237102290875082,8.208189260553958e-07,-0.0018914875171373868,0.0014776001689861442,-0.005963479316983932,-2.5725977822495176e-05,-0.0030007208765039954,0.0004395089923348999,-0.0001374644863774289,-7.546166338299276e-05,0.0005998410592767027,-0.00022275915998400616,-0.0008544289294328,-0.0008591255098524082,-0.00022282621618372646,-0.0012449781654860262,0.00011444881538672372,0.0016518010590851984,0.0010578019627612944,-0.17665596251451915,-0.0009833437736635154,0.024518348563531234,-0.021778042792622007,-0.020369768372277098,0.0176435118119172,-0.040023606045882905,0.17944068842960964,8.535368019754877e-05,0.0007862936231646479,0.3048249803515681,-0.03822125697131742,0.020130449118227537,0.048919301384857214,-0.023766497548812143,0.013367565105893103,-0.05512640325710971,0.024312957331039272,-0.03661739138863346,-0.0768663824880594,-0.09423903498714413,0.03664085092960647,0.16929777332415144,0.21596281231613582,0.1086838423619424,0.0034001056851013086,-2.1880608473449602e-13,-0.030823280959215365,-0.06373006867542755,0.0494153329727279,0.15865639841461132
34,-1.5187347615036517e-06,5.082101873662033e-06,1.9594317164168136e-06,-4.744799238537571e-16,1.9234849270654313e-15,-8.040907760828396e-16,1.8888092877721952e-13,-4.328927509814226e-12,0.00484697223390739,2.111967004470043e-13,8.992494180596596e-13,-1.724840392948339e-11,-4.447122693490711e-13,1.2939609137975334e-11,-1.5772298867152755e-11,-9.545153759434333e-11,0.020751868296998165,0.0020035267970316423,-0.011742181862380841,7.965718111887643e-10,0.006806584085284983,0.1710988119390713,0.0008659059490296614,5.056314118385625e-09,1.558234730817704e-09,-0.6068262368072498,0.3343656557145725,1.5792712561362101e-07,1.0806717333099126e-08,-6.432317567805527e-07,-4.321232705127981e-07,-8.932971497559796e-09,1.997394608522305e-07,1.0753654516063996e-06,-1.393725058912075e-07,1.827886423570566e-07,-1.57062074829482e-08,0.0006945886030836898,8.565080197627175e-08,1.5116313037080328e-09,2.7601606353407783e-09,-1.0965213134522537e-07,-5.198802080315837e-08,-7.467825631040522e-07,-0.018825424539471187,0.0012969152274356914,-9.6243000619125e-07,-0.0010669352837985755,-0.003818148826421002,0.021889958049339894,-0.00014461781307213806,-0.020665078609738135,0.003915949455991919,0.0010132987474264213,0.001656199200485043,0.0003410586943968085,-0.00018889963314204272,-0.0025533012629779662,0.00038457094762668934,-0.0010956480291469395,-0.00023566695977891378,-0.00015090636762032285,-0.0010138382898553348,0.0009901602500490313,-0.16676889278475024,0.05424009853597072,0.4265262456788831,0.1928479688121634,0.11787277678183088,-0.022988626836644,0.25904023736792237,-0.07402836811264071,-0.01643991042723939,-0.00998274387174604,-0.014612881783494123,-0.0040759459897747,-0.042638262997297546,-0.04267737864638576,-0.08205422434847863,0.0875585099910472,-0.03476020559803758,0.03989375791381195,-0.052121006738945146,-0.12598268991310993,0.054788725700918806,0.06343662871266145,-0.051452220267122525,-0.14096435230384188,0.08046683025042342,-0.003247845644478243,-5.343198929089902e-14,0.19415874297128158,-0.18560847256686822,-0.03699310168153593,0.04784688477772735
35,-2.5316808415928625e-09,-2.5096154934599115e-09,4.378033325932965e-09,3.992564417366429e-18,6.6223932244730236e-18,-1.3156057404182631e-17,-3.102696778587358e-17,-4.4945449006905566e-17,0.00037109428451191027,-5.326480607367007e-13,2.5018981815361918e-17,1.5053921678211956e-16,-6.931124002774708e-17,4.513588628753952e-15,4.0222483994093566e-13,2.815081061044697e-12,-0.0003532055919750831,5.180461064435975e-07,-0.0004420796599041933,1.2097211504347883e-11,1.9486168769138973e-07,-7.820622481000796e-06,-3.936579295731309e-07,1.41749558374885e-13,-6.180809742252399e-13,-2.09869166019977e-05,-3.3729119202379e-05,-2.6073023049745285e-11,1.1796233928080931e-08,5.060910797817639e-11,-1.5361075637160944e-10,-6.137832164924388e-08,4.1637572440890244e-11,2.935576970884951e-10,-1.2933638468165674e-10,-1.52067150090036e-09,-1.656556597757685e-07,0.02540763336423392,-2.964936415685423e-07,-8.73612817542417e-08,-5.367979124569411e-11,6.035608847102691e-10,1.1553716006712341e-09,1.4528285198717097e-08,0.0007639043469172059,-3.394402750419665e-05,-1.081749674343168e-09,1.3140118696041526e-06,-0.00012685013447198576,0.0006166969921003809,1.8238160759246935e-05,-0.002899827467112116,-0.04141021819372474,-3.304816394394743e-05,-3.2081212986251334e-06,2.4871563904061867e-06,-9.74418682212741e-07,7.71235681954667e-05,-0.0006874235547448827,0.0014283649913252748,0.7562832588912608,-6.616294209716948e-05,-0.000765929318587493,0.00069010892434467,-0.005595178077550525,-0.00016679673783840412,0.0002471685760807194,-0.0006423972573770952,-0.00047118589964856647,0.00017580194237073373,-0.0012972176320721767,-0.004007195336106311,-0.00014143644572581405,8.70903466445567e-05,0.009616481762561756,-0.000877327031656975,0.01889878491009435,0.09323056462571692,-0.049016366163146405,0.2820941704331923,0.4197340927102328,0.0727500855820072,-0.021700495270111895,0.11519482312139637,0.009123133881755651,-0.06704582203627645,-0.01221487819887362,0.018509773731565534,-0.14924589045770323,-0.0032669580459402997,-1.3759334976201706e-13,0.07574644515820636,-0.04794993378216879,0.2980085396503925,0.12279612842543972
36,9.254438232025785e-13,1.1753745483215357e-12,-2.3656781477113276e-12,3.739262735794771e-18,6.077625616757704e-18,-3.204604768232791e-18,-1.4822980824411026e-17,5.491833885477972e-17,-5.362576183376485e-06,1.1918464029601733e-14,7.82243365410334e-17,2.3267352317620402e-17,-9.268384614245437e-17,8.646828886930908e-18,-9.207132365041906e-15,-6.950748838350504e-14,6.757251080196317e-06,-1.0010745113532474e-08,9.668216152359093e-06,-2.317019757378717e-13,-4.865779714813743e-09,2.3259628242302516e-07,1.1332363713362527e-08,-3.351846504048789e-15,1.7666230234602316e-14,8.415421996618688e-07,1.465928712459404e-06,1.2094562006726075e-12,-7.902397753603113e-10,-2.602383654948884e-12,8.477860022308753e-12,5.220122761861541e-09,-2.5595244383958097e-12,-2.0098904488007023e-11,8.937227476060177e-12,1.212014964493784e-10,1.9378464979882715e-08,-0.002714633894862652,3.8820584024301065e-08,1.2520880089287804e-08,4.830657788130054e-12,-7.161625682131163e-11,-1.6059062748648564e-10,-2.2314111373445215e-09,-0.00014455103898636378,6.278738580156985e-06,1.7442562936601767e-10,-2.6840288630976083e-07,3.207989498360413e-05,-0.00015858829608417433,-4.032281309273818e-06,0.0007757616399711575,0.012810196048865782,9.146040565416003e-06,1.0489488105579214e-06,-9.829715653078268e-07,4.400226572661648e-07,-4.8775960729722495e-05,0.0015275184492921274,-0.0015192198481872741,-0.6501949197782864,5.0878205589721174e-05,0.0005995715584243739,-0.0008236438575017704,0.03222622530829219,0.0037618968984152617,0.030841964429577224,-0.02157240361082939,-0.01350521432032711,0.002291336187609883,-0.007406080266433159,-0.011675482273981228,-0.0005484144286100094,0.0003765420926674272,0.022787123190028707,-0.002155051939373276,0.036743134086887626,0.1393307864897478,-0.06082813436722071,0.3362203879254692,0.49353615832098974,0.10042723489419565,-0.03705620802760983,0.1088114564038585,0.009720905154963681,-0.09462806498194393,-0.020335822223071603,0.017400639909918497,-0.14588934362221562,-0.003458573080052947,-1.2887508759542142e-13,0.07338445088833111,-0.044967857977043474,0.34176500154489253,0.11849336303678466
37,6.132685187360459e-09,-1.1472251915639653e-09,1.0458577871731183e-08,7.67695853995871e-18,5.461788389539625e-18,1.4870691467334194e-17,-2.0971105400584168e-14,4.951526740841568e-13,-0.0010127061704428477,-5.334754240512588e-12,1.5904858856288163e-15,-4.6032716307223953e-14,-1.4858510719024964e-14,2.2487099708515055e-13,1.8028662208430982e-12,1.6881313993101146e-11,-0.0009009714823285452,-0.0005374159615007606,-0.002536455450954772,-3.639536527396395e-10,-0.0001211480263261773,-0.08638144080774927,0.001913322531620634,-1.0838699792940692e-10,2.9351907335025154e-09,0.023758728648070836,0.11807655251808775,5.570696882633596e-08,-6.572451869007441e-09,-1.1668090639221138e-07,-6.396988340964237e-08,1.2930661128274866e-08,-2.4997851215183538e-08,-1.5452888768154657e-07,9.784218664525303e-08,8.44750222084378e-07,6.949506342157446e-08,-0.0031296681183828837,-2.117770338030826e-07,4.217169760851722e-07,1.78590469298038e-08,7.790588442114866e-08,3.8758734857498667e-07,4.628518379049659e-06,0.7606143726546235,-0.029068368573962857,-1.3656852494554035e-06,0.006043041049384551,-0.014021020251918627,0.06558015451577177,0.00011145070193149428,0.0519899860895853,0.008177735836651873,0.0045475904655511564,-0.0008188463076770886,0.0028751302412039132,-0.0008005274895877953,-0.0020444698126389346,-0.0012873329659766986,-0.00039842029012906197,-0.002440633216481073,0.0002385161701454364,0.003406482632272774,0.001818031958550518,-0.24255188887452256,-0.0012992885940026427,0.03190925109367262,-0.028166954172161206,-0.026307195870875696,0.022517985108882307,-0.049704181148066816,0.21303726101779155,0.0001036495405016133,0.0009616916531236363,0.35458192230097996,-0.044630874051750764,0.022874564154115505,0.05351228010850584,-0.02516805015224079,0.014046971411440276,-0.05777494538868523,0.026245716628499657,-0.04087897212304815,-0.0768609182713111,-0.09679705188202485,0.03970377054402013,0.18830327836379668,0.21570599625087886,0.10953737180249862,0.0034875865861806604,-2.2160541447311286e-13,-0.03100209857447298,-0.06361820397213876,0.05153333818714034,0.15943092994629252
38,-2.388920708592002e-08,-1.4431137134661425e-08,1.892672155048687e-08,-1.9648887697846397e-13,-1.514136384506247e-13,-2.2699599866544516e-13,2.9473663123596597e-12,-6.50355853449027e-11,0.0053533292231574435,5.129164775922221e-12,-3.3265395916422703e-12,6.303389280759649e-11,-5.160854739363979e-12,1.4065185208429545e-10,9.235676600581002e-13,-4.39306495583626e-12,-0.0019361366688274819,0.011712871221968745,-0.0006492973457726183,8.891450927521186e-09,-0.007053711163889331,0.42987329819731596,0.004922181236169749,-5.109953840606797e-09,7.650441107565327e-09,0.3545213272492584,0.42249551044674255,4.0276108892205414e-07,-5.173155436529331e-08,-2.466022776389092e-06,-2.685946735564195e-06,1.1763100049901896e-07,5.908176170373228e-08,1.5671132865382967e-08,4.012606013500985e-09,2.46163652368442e-07,8.404555507376296e-08,-0.01900987813307006,3.229645049461359e-09,3.1587547400688e-08,4.845125051864359e-09,1.7631528866259917e-08,4.904958079088614e-08,7.581227327935323e-07,-0.013752909952053754,0.00012899533843499877,4.2822870514041397e-08,-0.00046956114946196316,0.0013071737046781357,-0.006391497998468613,0.0011320976551224787,-0.007713391418405652,-0.03599532251842755,-0.0009286574547456068,0.0002817842590284879,-0.0009697200968226458,-0.0001650338682213117,0.001977132147312237,0.0044270348677443545,-0.000657744107828243,0.009700237785113508,-0.00048103723074826503,-0.00454123127594162,-0.010698614687368498,0.4111041584461983,0.03435918769490932,0.28627922398617284,-0.22826779704564681,-0.14252931449423611,0.024686580189625294,0.07461301876273745,0.1471442284019644,-0.0072264903846804215,-0.00021096492674495073,0.0705751965272939,0.0009107845214597498,0.08931976473150144,0.025590578111249856,-0.08685309109032868,-0.15323592085344392,-0.03824552254891901,0.0009161432348151744,-0.04225558774373025,0.1790312961109985,-0.02198210814219467,0.08367645005163724,0.04075479782802631,0.028485594349130526,-0.15406576681259646,0.0010459807340464395,-1.6799009247162549e-13,0.09177960255284157,-0.08444391468727944,-0.07704875324728469,0.14492080946942312
39,2.1935993046996025e-08,-3.188557586178844e-09,2.5267443724449055e-08,1.8085660401118956e-13,-3.4169191642156836e-14,-3.1120235843560805e-13,-2.6760879561943164e-12,5.902577440325005e-11,-0.004517966218909927,-2.034362599099715e-11,-6.248784338401287e-14,3.1751395576449005e-13,-2.342806177963847e-12,5.1531805272570504e-11,6.988812903522028e-12,6.854767554941455e-11,-0.003359936345755519,-0.011010113829352665,-0.008382494816041057,-8.16824245696746e-09,-0.0017060571198623093,-0.4757958798986937,0.017672462335754462,-1.5010480751289317e-09,2.7805220186162718e-08,0.08610414874166582,0.3782819261166017,2.557248949704628e-07,-5.5882680694593906e-08,-1.5751781200854756e-06,-1.991659439590283e-06,-9.03512019506641e-08,1.1601070696567202e-07,4.3162351654180287e-07,-1.739201185480979e-07,-1.1562099095266034e-06,-2.3677037507444287e-07,0.006461734271380236,5.241277758243642e-07,-8.053828334536692e-07,-2.3291636397263198e-08,-9.882908388246271e-08,-4.06608536986681e-07,-4.493883389006457e-06,-0.563718406234313,0.02223683954063623,1.1635764544363976e-06,-0.004038810848070776,0.0027187111423170093,-0.011446107283998709,-0.0002019254051411897,-0.0038433449206693566,-0.002528584782103229,-0.0016761779059355508,0.0002368335646455755,-0.00027949953046612643,2.9827498770536277e-05,-0.00044627211427878056,-0.0008042894279128562,-0.0002525937684395165,-0.0010769935764978948,7.354218718726418e-05,0.0010077107400696885,0.0010482395802004873,-0.16507124466581924,-0.0003031683170560194,0.023311116157046997,-0.012672618375282479,-0.014250879031986975,0.01574421915198544,-0.04284518304678644,0.18541859609409778,0.00017667042572341513,0.0007186186803727488,0.3104689352419099,-0.038463270693861455,0.02077525217764589,0.04904447916427346,-0.0215423264009307,0.016401853308899407,-0.04755219261525801,0.01971438622810889,-0.036333263532692166,-0.07687011744840982,-0.09890180524885359,0.037504986438731854,0.1680431496406466,0.2158196760041683,0.1068836426393006,0.0038126824898386613,-2.1738133001139227e-13,-0.02961381261886559,-0.06422697366550914,0.03727166220731561,0.15587473700968885
40,9.020201682710776e-09,-3.016281913140479e-08,-1.1628941724106608e-08,7.436389532135614e-14,-3.184304402003071e-13,1.4082945129892236e-13,-1.0836467675326911e-12,2.3892408637166755e-11,-0.0015785395912863577,-2.3943690623687132e-12,-5.241891501965635e-12,9.750812842119339e-11,2.196426504289299e-12,-5.970018361757845e-11,7.02168452113823e-12,5.045948952957203e-11,-0.006803296182082813,-0.004425113928011465,0.003479625332743631,-3.0989562367209994e-09,-0.014841782261339715,-0.16753405375482702,-0.004063538836322125,-1.1176690480905519e-08,-6.739445778839932e-09,0.594572114683125,-0.32796452805656184,-1.2436098175433387e-07,-6.714828505424338e-08,2.8695214524509376e-07,6.936870075392758e-08,-1.3083160212548699e-08,-4.8744829235294125e-08,-1.4165391056477803e-07,2.6663352255384986e-09,-8.98353595337184e-08,-2.5540578525888655e-09,0.00040172192649041554,1.6400933563936783e-07,1.0546331671169622e-07,-8.069666854752616e-10,-3.6863693536893835e-08,-1.9724464202773385e-08,-3.027280470110873e-07,0.006578727800002908,9.444892949352853e-05,-5.130817230862889e-07,-0.0005051082731280297,-0.006066246050932261,0.034296394993077094,-0.00010101957736296973,-0.031195195117528333,0.005475115493941228,0.0008082229653792692,0.001212194495476817,0.0003519061594961815,-0.0001753670463977521,-0.0022876849561215135,0.00043309410617574644,-0.0012335924533820623,-0.00022653064367359168,-0.00012915924575898844,-0.0008270179169863817,0.0009879783480442538,-0.17198021417534035,0.05622945482547702,0.4391180386231783,0.1985175504906018,0.12126779593521458,-0.023458737798303885,0.26183909636259717,-0.07333764156608578,-0.017176412770167952,-0.010392921283664279,-0.015926136379620297,-0.004186554962181865,-0.0472790472550165,-0.04725259190525327,-0.09493234637510206,0.09152042030225971,-0.03836931649637371,0.031082374083106077,-0.0642462101706029,-0.12541468660378374,0.05605307543894709,0.05471790963499357,-0.052815005734907355,-0.140365077841165,0.07882358267368794,-0.0032740324430754328,-5.464734713023245e-14,0.1905247262751265,-0.18564254465404406,-0.037011297263429666,0.04786318893748354
41,5.849996755860228e-12,3.536210850952545e-12,-4.6416967984175914e-12,7.988259867008153e-10,6.16073038949441e-10,9.269329343041966e-10,-4.0556316498266667e-10,8.604402099151344e-09,-0.00012394655707776477,7.191564282780941e-13,4.308533027626295e-10,-7.855403329030416e-09,5.970398098078485e-10,-1.5227233963712294e-08,-4.3702972069674483e-13,-1.4031635611752453e-11,-0.0010933751083999858,-0.4993289707336276,0.00020522851577268534,-3.845879007259067e-07,0.3054974916847897,-0.0012409950984262163,-0.40040647113465583,2.3220487833509472e-07,-6.319671106861734e-07,0.002577521257924229,0.0031489617335641105,6.289377354416054e-06,1.5527977872544535e-10,-9.166080033718483e-05,-0.00014914127178810614,-2.057715149155052e-09,7.523926830419356e-06,2.0482291170466198e-05,-7.91316426506381e-06,-2.810066089651041e-05,-3.2991387206423727e-09,0.0004167764791543289,3.438510281122385e-09,-6.430592646404973e-09,-2.8756328389892585e-07,-5.828370087547193e-07,-1.3412708754120306e-06,-2.2698624213442957e-05,-0.004217492672602004,0.007219414960416889,-1.403206929021975e-06,0.006729353547702757,-5.0731866531826266e-05,0.0002849046392582841,-0.023782032620267034,0.0003222597479894447,0.002355029153805365,0.00802324408058766,-0.0029753664216077553,0.006139778954507495,0.0028779103412019413,-0.01009169975567364,-0.001202339858745149,9.918055201996645e-05,-0.001503520459709817,0.002394590309388972,0.02047791353938007,0.0379612055622667,-0.18455772855973349,-0.014817483086960912,-0.10655784038568901,0.059369355671512754,0.04163946363832691,-0.01810144817645075,-0.03788548658216357,-0.14200457649395506,-0.002564944576724123,0.0018864347641087817,-0.050967098551159995,0.015765536418749587,0.21160646327544763,0.3441533850116618,-0.20511020698748517,-0.20934350434728408,0.013131489582299965,0.16644791724084315,-0.14816537089401607,0.17987697739605366,-0.051373827606328915,-0.06090817262623113,-0.08715162390527133,0.0268536750583408,-0.0714204861916345,0.006097331965542448,-8.434019440348062e-14,0.06417801009162677,-0.09939123905890465,-0.21546866915170507,0.0837439702657788
42,-5.3719516718791426e-12,7.770449415191404e-13,-6.179721308475454e-12,-7.35804710359203e-10,1.3876168749402899e-10,1.2624962509774274e-09,3.656083663295931e-10,-7.751686778901006e-09,0.00010960348362888461,-2.1464305446651023e-13,3.2972781767529316e-11,-5.194925778791668e-10,4.2231200414523793e-10,-9.720007807877641e-09,3.283945506225229e-17,-2.897455462988626e-12,0.0011361443182093965,0.46399280333067694,8.15172208035382e-06,3.564221123515642e-07,0.06828876416627247,-0.010430599230226179,-0.5248144269017313,5.8065182997401647e-08,-8.497417257071125e-07,0.0010355238505680671,0.004665604768961952,-2.581704366766962e-06,3.40499861797128e-10,2.9296318504416647e-05,3.466710692556915e-05,1.8216839903978313e-09,-3.096518476500153e-06,-1.170440833342597e-05,6.5446402856833696e-06,4.080326779251388e-05,5.903134834706194e-09,-0.00023781789496688134,-1.4372599863650073e-08,2.3896182291277292e-08,6.664301233785231e-07,1.2630432742239852e-06,3.7361852876053495e-06,2.4813691102442483e-05,0.022783592536167414,-0.014779021236173499,-7.428630905886083e-06,-0.00950981788823122,-0.00010303795969092575,0.00037433095789285155,-0.004439395536937875,0.0003544987046909706,-0.0003990109690204444,-0.02203774196174195,0.0063400128726193924,-0.018422412452209724,0.0060742928049096374,0.00915536849061814,0.0008234061191760853,5.22821381763922e-05,0.0005926574755777246,-0.0009373305495686005,-0.016089442280731347,0.003823227719598208,0.3168569149026789,0.014100884340934754,-0.08118426683712948,0.3430035214244577,0.23029430703345374,-0.0723842833429665,-0.02258034704378686,0.024732493428089666,0.00188181761683558,-0.0033829846952931,0.03756854257312703,0.004907415138161149,-0.0064443196489704065,0.006834186292031359,0.04769083366333501,0.09769872514086705,0.15943073337953126,-0.10417427019441697,0.007125566818527824,-0.07494357376258727,-0.18275775980672243,0.024725979037856977,-0.028102184943540786,0.20389981601329843,0.054226690236738616,0.012727522975469314,-1.0610796788032415e-13,0.0027260653990175115,-0.07433605729570109,-0.26936982476192817,0.07259664810181204
43,-2.209738331351788e-12,7.384323037257256e-12,2.8475803219399048e-12,-3.02224720039212e-10,1.2951412944508009e-09,-5.74488382805589e-10,1.4769122834569333e-10,-3.129646319717543e-09,4.121132262171222e-05,-1.9207594304386155e-13,7.239787625582364e-10,-1.3026536804126406e-08,-2.7071778202982865e-10,6.889150443163181e-09,-4.24549458118213e-13,-2.486689865885737e-11,0.0006131464770530261,0.18929633531905427,-0.00021613315010167414,1.4507332874871796e-07,0.6362251915944765,0.0013639655087533196,0.24966660913964503,4.896203744290958e-07,4.0777008797486213e-07,0.004211919189712035,-0.0024141562197879385,-8.754834319178483e-07,4.944618412857072e-10,7.784092777954475e-06,5.086453035112871e-06,4.148954938507328e-10,-4.1766374529358815e-06,-2.4433116966315127e-05,2.9671405308991867e-06,-6.8197554541719205e-06,7.455801604375478e-10,-3.7707677828883086e-05,-5.306152692319998e-09,-1.8809515010301948e-10,-1.1297942942858864e-07,2.2665745331552072e-06,5.618043045923266e-07,9.646141917042668e-06,0.0015711787398873037,-0.0084975211890346,1.8932603805027286e-05,0.015414643001947854,0.0002841300444865841,-0.0016559746500869,0.0017378882811821944,0.0016369509140942667,-0.00037779534600997577,-0.012619450078617277,-0.019183574064415326,-0.0019164869562000619,0.001300072567097597,0.015662735449007426,-1.2521252065539002e-05,0.0001888841620100095,0.0001113618219881622,0.0010483569406523922,0.008101770394063283,-0.0019561837152314975,0.07545605737211705,-0.01875480986885552,-0.16950673392249718,-0.06384370366058309,-0.040433345467696745,0.012519946924222146,-0.13643955723938983,0.0664434267526175,-0.00758506110408028,-0.0031905148921102145,0.0024557477755871504,-0.005374652313731562,-0.10775764684714295,-0.11811783220740966,-0.358179382916878,0.14659820852912758,-0.11057951376817414,-0.20369073385007105,-0.2999989740663425,-0.10666471334660621,0.06931915223973621,-0.19542637677727914,-0.025079117793318156,-0.12061979530356857,0.031237757381557086,-0.0029732991699365145,-5.734729362753407e-14,0.08396223269924898,-0.1815235331123929,-0.020954802660248815,0.04512831259181177
44,-5.629886525867739e-14,-3.4063452534672824e-14,4.4770888637510625e-14,-8.230040115184544e-08,-6.353749775129619e-08,-9.583378216770984e-08,1.3105499497988526e-09,-2.6683748647970168e-08,7.321771091981182e-05,-8.231109210785381e-13,-1.3248834418347992e-09,2.3221495484316504e-08,-1.7003389855189651e-09,4.0721863551675263e-08,4.4030715721461583e-13,1.419294446362809e-11,0.001099424972114412,0.4961459635886755,-0.00021243433719537563,3.8985268206205236e-07,-0.30372591653259645,-0.00729552860839777,0.3978951838901862,-2.385965458359282e-07,6.432308672127183e-07,-0.009750132246747813,-0.011894784349640027,3.7500333009098274e-07,1.3114351364117786e-09,-1.2344026216384287e-05,-2.657840767208882e-05,-4.081856038403232e-09,2.1909332488372095e-06,7.956788943352638e-06,-3.3123450081942757e-06,-1.569312867517701e-05,-4.530053597890789e-09,0.0007314319723008451,3.1209426561583425e-09,-6.5910179176602846e-09,-1.993083043406654e-07,-4.553312063888436e-07,-1.1224588958086201e-06,-1.6964474616977954e-05,-0.003936017351836545,0.006069691110950474,-6.176712940039121e-07,0.005468682108313104,-7.027687746410015e-05,0.00038015140469400185,-0.01809690740131761,0.00043593557419342353,0.002879722015077961,0.007411253585489345,-0.0026521689873826534,0.005854916466477047,0.0023530172794367543,-0.009401300339195532,-0.0012720368148276028,0.00010808654558203949,-0.0016453761975176926,0.002223202947724007,0.019201716575545133,0.03581428790906455,-0.1925661305131998,-0.015421168304778505,-0.11044871119366804,0.06093325115016299,0.042393482593313235,-0.01777552037965505,-0.03888343463112985,-0.14485320416198058,-0.002356445687042943,0.0018944828604320473,-0.05275910361495166,0.015642716541422536,0.20946968394723348,0.34604430492120514,-0.2055460985092102,-0.20889176079382765,0.014056373980469486,0.16850952707852196,-0.1473799701605821,0.17992412584750148,-0.05162413838556958,-0.06352434315771299,-0.08840733530591921,0.02681472324120047,-0.06922947409136353,0.006177758748326815,-8.224638346404149e-14,0.06333270800327785,-0.09966550742177728,-0.21656263262475736,0.0820162039939712
45,5.1711898399472625e-14,-7.436658846211658e-15,5.938627661875411e-14,7.590989638499338e-08,-1.4299445955532603e-08,-1.29940173292509e-07,-1.170237035490469e-09,2.3800974470228353e-08,-6.638209488591576e-05,4.741285382184462e-13,-1.6748940506355556e-10,2.760676839306237e-09,-1.5603405312661326e-09,3.540500063702419e-08,-9.08613008719216e-14,1.9534058675545965e-12,-0.0011058670139868915,-0.4664861492600216,8.556626129350195e-05,-3.647484667897409e-07,-0.06898235522506208,0.019611609076941,0.5305390566248103,-5.889050783527836e-08,8.671878499721387e-07,-0.0025704823737987465,-0.011168287130471046,-1.0407460429768537e-06,1.5148709471504207e-09,1.6718308397129077e-05,2.6886480882886347e-05,3.2615595378115453e-09,-1.9011436222853766e-06,-7.148280698959869e-06,2.930766459584873e-06,1.7508931630880452e-05,9.590444979267972e-09,-0.0003241711414501977,-2.2380423716201166e-08,3.6016997442736386e-08,3.10816733098099e-07,8.393765761142285e-07,2.441643001540281e-06,1.8057173230090666e-05,0.030887890932895873,-0.011636908817291994,-4.399172724636093e-06,-0.0068555062566079275,-0.000142014262952516,0.0005415736262091558,-0.0022075743892208247,0.00039517681667990053,-0.00035012590868171826,-0.018043616371824618,0.00501669640768072,-0.01584871402783714,0.0051910927846377615,0.008587685440382065,0.0008185039079829802,5.4663944069957465e-05,0.0005988998201120232,-0.0008917052419538706,-0.015000527466664101,0.0029269671444584196,0.31203688932029966,0.013758107784740082,-0.07932192553038303,0.3337988416287752,0.22431405470482538,-0.07090498221649112,-0.021222802636611904,0.020787093229677454,0.0018458705387748707,-0.0033705043010062974,0.029709057531760712,0.005751394066450936,-0.008144595245372458,0.00431047078625594,0.049029932243530305,0.0991478006693823,0.16286142052886038,-0.10624376791269784,0.008190487274619525,-0.07484525278852813,-0.1835963470203638,0.023929317037127095,-0.032135377038843345,0.2035111858347997,0.05278131357356129,0.012865720923513641,-1.030343387786991e-13,0.0035039239594001122,-0.07449714159973984,-0.27413661457459937,0.07030084557293001
46,2.1272406413340086e-14,-7.104188745784154e-14,-2.7411947946479542e-14,3.1134862893141e-08,-1.335231326549879e-07,5.93473103523303e-08,-4.70841899049516e-10,9.569715766667615e-09,-2.536079849945543e-05,2.39325526923211e-13,-2.3350805855721693e-09,4.0548939313391654e-08,8.194724744634889e-10,-1.960774375575697e-08,3.3367559515706177e-13,2.401485502001605e-11,-0.0005407400308899524,-0.18807217790628336,0.00018371163390318334,-1.4665709633110062e-07,-0.6323416341094561,0.001962489264338192,-0.24794614669174764,-4.972540259764329e-07,-4.1034525522029226e-07,-0.01613919467392425,0.009117189190391315,-2.3033865235708857e-07,1.8451607999852546e-09,3.5706678005391844e-06,4.718613686000245e-06,6.024577706049977e-10,-1.0022449515861995e-06,-7.092583990454088e-06,1.2385650247733322e-06,-4.439334352819506e-08,7.144684225874028e-10,-4.17952497135886e-05,-7.837529582016049e-09,-2.030718002561445e-09,-1.4666183839405643e-08,1.3146177450644452e-06,4.734993499884538e-07,7.131187077617234e-06,0.001524035062299927,-0.006403598668212798,1.244762904014391e-05,0.011047728100219664,0.0003735948056179,-0.002160184455423054,0.0013007983234101738,0.002090131491492619,-0.00046030549556968765,-0.010470987060265089,-0.01569479936898758,-0.00190282661741426,0.0011962558316013598,0.014187947902214339,-1.6589261807001808e-05,0.0002066166227581668,0.00011541530323979641,0.0009431080535846958,0.007211986294478192,-0.0018810118346906113,0.07882048674384083,-0.019559708502480427,-0.17633681966080264,-0.0660054328144683,-0.041658071459352804,0.012579335973093108,-0.14060486113331153,0.0678209355498885,-0.007030261052928301,-0.002887904872276729,0.0029763257157326664,-0.005232015842238826,-0.10654064972951433,-0.11783751223356256,-0.3600735402895982,0.1465427672381843,-0.11113262834971602,-0.2064471733509936,-0.29873733239962785,-0.10621502879087637,0.06918365074589766,-0.19825413964822086,-0.023774961652317267,-0.12013628717395594,0.02999391619700295,-0.002947157369797888,-5.705760494693287e-14,0.08106890578519989,-0.18133917549578454,-0.020369223057280724,0.04494100209952468
47,7.799664523954124e-20,8.816413248894497e-17,3.887738629691321e-16,0.5016447308416809,0.30245357738557227,0.39587474736365297,8.27815266487779e-06,-0.00015568045918452675,1.002162374773063e-08,-2.443407434606947e-16,-6.141567713877517e-06,9.996043623466426e-05,-6.444107057170404e-06,0.00013855678446974328,1.0413933380214398e-16,4.583022514191412e-15,2.7326607102818793e-07,0.00012442125974631373,-6.431702957457968e-08,1.6550938081119588e-05,-0.00010082161132322547,-5.743788747439902e-06,0.00015456328661044274,-1.1955823131039884e-05,1.8612888259059433e-05,-9.071554972621405e-06,-1.2504211849216745e-05,0.0024690530450781328,3.1139853623011655e-12,-0.031647160661799366,-0.04689754334213011,-2.7919982616536205e-11,0.00197882808140943,0.004408828216839643,-0.001659962894286137,-0.00426163922676395,-9.916428676424226e-11,8.96192965413178e-06,1.9445175589758774e-10,-4.998924579085843e-10,-3.0089726136105715e-05,-3.0231568707489866e-05,-4.384885697666859e-05,-0.0008404148100714224,0.004460207241543016,0.1264573863790124,-9.231444632776873e-05,0.11107089728280627,1.3347009003829142e-05,-6.015048716583446e-05,-0.40394006032672897,-9.78742771978894e-05,-0.00033310237628497036,0.01930222754607057,-0.003321240939027743,-0.009328138959575957,-0.008723673552505763,0.04113337727874164,5.6314905107399094e-05,-2.5080730135681167e-05,9.62096949119257e-05,-0.011799734686069976,-0.0950718084874724,-0.1995448588914382,0.024108038306710988,0.001981546570084843,0.007619148115471266,0.01797210761035838,-0.007316965156797265,0.04104935807774692,0.004183747386529873,0.0408002030123282,0.018646269322342035,-0.004391655251919427,0.023656569251756975,-0.017274012891373994,-0.28027675745015834,-0.01835796471786382,-0.054750174074719125,-0.032287738079169216,0.014235436071742102,0.1891095153875354,0.15232750666006656,0.18138339501852918,-0.009226728475984136,-0.1888972469140681,0.026837940407369677,0.019692696546857857,0.11945239011969805,0.007120002860956758,9.027181043511161e-14,-0.015080740831814,-0.12140567940268333,-0.0490951241729563,-0.07049937754546844
48,-7.16916768718121e-20,-8.091156884651709e-17,-3.569244111433341e-16,-0.46076062351654884,0.06761893599699713,0.5319032614543854,-7.154091360415256e-06,0.00013416312065796764,-9.164014553984298e-09,1.3850390837419053e-16,-1.061882475589845e-06,1.692261465437694e-05,-7.056728517812434e-06,0.00014924421853702486,3.720632403494236e-18,6.14413966489495e-16,-2.699503636849536e-07,-0.00011680250291165744,3.679570636569713e-08,-1.302737973352753e-05,-2.2867070842120252e-05,1.0705911522776133e-05,0.00020624241868898995,-1.1147806129017691e-06,1.3094033375114284e-05,-2.02001565258951e-06,-9.379607111170274e-06,-0.0010273712505794806,4.555197285979725e-12,0.009364377612202745,0.008942282250897809,2.4422827246333703e-11,-0.0006764341943755266,-0.0020919369198497298,0.0013111903973228795,0.006845109707504201,1.6426043415803535e-10,-5.5997388392633806e-06,-5.616576557948134e-10,1.2951975251225502e-09,9.177724561397303e-05,8.446012832651408e-05,0.00020112225552575111,0.0009209463400613547,-0.01184636132166738,-0.3348366863203034,-0.0003687702591893187,-0.20645555081972103,2.4356544840466026e-05,-0.00013879889978490794,-0.15449721499132513,0.00021884349680033742,0.00011260782699527548,-0.12941959543912038,0.020058256439769582,0.018414645435620807,-0.015212000734077804,-0.026215917364153827,-0.00011452168543286538,-1.1629277033084734e-05,3.9784588780959016e-05,0.0025044940702949776,0.05728621197974148,-0.05771198881009096,-0.04591010567315399,-0.002338762177950891,0.011358421875958875,-0.06327386229272611,-0.021091725634517937,-0.042106830172341736,0.005316803079354034,-0.029179794537664856,0.006084023719638505,-0.01425684467759354,-0.0047216512064556055,0.13199961402976731,0.2206184571981642,-0.30050668630039895,0.011871608790982884,0.006943549813762704,0.04533705694216203,0.17081475321134834,-0.017255341605369467,-0.061420013270958355,-0.014438036529017916,-0.15994773370051288,0.047316245961205185,0.15631422224621838,-0.08686250498748298,0.00794649708610839,1.7436353407193398e-13,0.06408248709332338,-0.08336000352637625,-0.06801552922346961,-0.1376659159563761
49,-2.9506486818750923e-20,-3.3227464717733994e-17,-1.4665398334933725e-16,-0.18974738326598023,0.6354111912389315,-0.24503993797548163,-2.9171764204113046e-06,5.469564192795865e-05,-3.540327149327475e-09,-1.0839222153306498e-17,-1.1266622962082056e-05,0.00018245576173829095,3.3090103864699197e-06,-7.13663664278077e-05,2.255261263155444e-16,7.710548230503396e-15,-1.2721346440665438e-07,-4.7153286022936476e-05,4.975798511976265e-08,-5.213148032658168e-06,-0.00020979860408680708,1.8734012712675711e-06,-9.624170608248767e-05,-1.726456800717421e-05,-6.985802888635234e-06,-1.4829881370793157e-05,9.367647251807008e-06,-0.0003251414608420034,5.888406663071636e-12,0.0022694767279758297,0.0008208253310791099,6.0274476680836796e-12,-0.0011304972660339868,-0.005708766519254123,0.0006228785523502386,-0.0016788907599439712,3.032796545130761e-11,-1.1778110810657842e-06,-2.3818121603890435e-10,1.4593461996841851e-10,-2.252254290527519e-05,0.00018857450498162086,1.8126656743538687e-05,0.0003674884591732085,-0.011135513545751125,-0.21874475367129403,0.0008333310629858256,0.36864583621993546,-2.8861621996015217e-05,0.00013503615632141013,0.0304293337108439,1.03599184779703e-06,8.824126015767895e-05,-0.07839588712682896,-0.05329576758870526,0.0032894641904649105,-0.0031939119813255484,-0.07578478991389144,-1.2345370237574158e-05,-1.157592687434992e-05,-6.886893841126028e-05,-0.0063545878622661926,-0.05262665449499093,0.00822528620199579,-0.014662515662730245,0.0021252895518034135,0.025336604966004934,-0.0015612986975314358,0.005087260842347309,-0.016911804281114006,0.026412016502184676,-0.02327494964954369,0.047805823597637014,0.02542296059781858,-0.005936427388401273,0.011510346466712338,0.16274180918375075,0.07977640375885547,-0.11211805830595677,0.026941018094348394,-0.027259343738769374,-0.17185618570213798,0.34894176001899974,-0.06727157032969762,0.004456086169113072,-0.11915761626740044,0.08708371599875624,-0.07766384185303615,-0.07553212245515852,0.0017840182724488454,-3.95935276174941e-14,-0.16542645983378446,-0.16728820700554994,0.0008931798222693473,0.02480503939504207
50,-7.530418844909088e-23,-9.031631998468337e-20,-3.9828543766728364e-19,-0.0005139105750925319,-0.0003100757149738255,-0.0004060627211868051,-0.0006805308715799846,0.012383346255053626,-4.975508935326289e-10,3.834464258358785e-17,0.0004879731291258333,-0.00770555382006935,0.0005019119689234819,-0.010363241969642738,-6.343018586220796e-18,-4.08210793205581e-16,-2.002629019217155e-08,-9.149631176993309e-06,5.400622692376386e-09,-0.0006320298322695512,8.272822658203293e-06,9.870489709533227e-07,-1.388573735809049e-05,0.00042482416564424455,-0.0006140771544887366,2.196596608730285e-06,4.087312422282797e-06,-0.03915261642215441,8.215383709826814e-13,0.45792976229129606,0.6394779248613134,-5.14067119371355e-12,-0.022882826858414303,-0.043058847857299576,0.015156025271997746,0.026663632306836715,-5.599512958701014e-12,6.595613853313363e-07,3.2129554285950124e-12,1.484453157861902e-11,9.294143169070795e-05,4.8239654764143495e-05,-7.069527485887942e-06,4.1240204773947105e-05,-0.0012986949093850657,-0.030903950199634846,1.2475262507817981e-06,-0.020933048039617538,-2.68596687226739e-06,2.5984954196054202e-05,0.04533482536118944,-7.30014400743199e-05,4.22596936696427e-05,0.05385786813617836,-0.03905149298985252,0.0026093708344829374,0.13206227331320902,-0.1297578138823492,0.00022776532599500947,3.1793430652214084e-05,0.0001754874174129881,0.02284868108460013,0.23052832667352854,0.38399030411801227,0.03269414167732955,0.002336322141798568,0.011914046568336,0.008714272275442664,-0.012445810613703508,0.0043862995009883434,0.0040280014223443555,0.032681367170551624,-1.1204914737932449e-06,-0.005636655363425565,0.014567541367387228,-0.02749505474933476,-0.1705129050073589,-0.027947035352914467,-0.017683493045118504,-0.0016348480749724525,0.007683151425054297,0.09361355936324756,0.09443884233589517,0.17562635361514403,-0.002395218569286688,-0.10154619593838908,0.01971759840433289,0.01753975334706126,0.13290232986383635,-0.0038472318482220868,1.0276201992056179e-13,-0.023421191410277913,-0.12011146560997854,-0.012641888587019496,-0.08237681495905255
51,6.89989229733281e-23,8.263022475365126e-20,3.644953786842937e-19,0.00047054333428689506,-6.904194904210325e-05,-0.0005430468037887295,0.000571582968138696,-0.01035844361323239,3.896459876453031e-10,7.021721403226964e-18,9.64027777183847e-05,-0.0015012094753193736,0.0005849569389542642,-0.01194709876062437,-2.620554704699225e-18,-1.7296047268914986e-17,1.54504511703762e-08,6.777177613363375e-06,-2.8836260370203214e-09,0.0004633066486528752,1.2690042942151512e-06,-9.06186543156409e-07,-1.1789632343626958e-05,6.480501641155767e-05,-0.000527083395393268,1.061794142781714e-07,5.296081352663396e-07,0.010271922309415966,-9.30768280021677e-13,-0.05721370317132266,-0.006613429814969889,-6.998969470552391e-12,0.0029348765983519304,0.009253039171118013,-0.011009234698823136,-0.05997960619698577,-7.683633258030619e-11,2.5643935616495724e-06,3.2041344321590824e-10,-8.512500268968587e-10,-0.0007274457148441777,-0.0003328971579322636,-0.0007826496057456591,-0.0008012810232736014,0.01908122167417535,0.47002518841461877,0.00014787915194195534,0.20004713474331093,-6.578163252562738e-06,-9.010475962787081e-05,0.1185832773028738,0.0007550113173068788,0.00021730153347773157,-0.44429525857180474,0.24613694278711598,-0.4663487027397122,0.18732377856422305,0.029544721772697166,-4.193538676425966e-05,2.4836306580136543e-05,-0.00036408028197311085,-0.010893712451019897,-0.12273366709594966,0.23110310855840752,-0.0310279199497594,-0.0014043145877034346,0.009525295366499448,-0.040858979340778055,-0.017475674402936358,0.01193888659113971,0.003997936596736245,-0.014843729150655273,0.0013027065048146344,-0.010944254751137078,-0.009133316501454634,0.02954471010123587,0.12571417321224782,-0.16724308434158247,0.002749338124047848,-0.0037643557397800185,0.01544610194291951,0.1015234515163334,-0.006763969873504126,-0.05880955599734243,0.008420328904291232,-0.0921287013084534,0.028637288419424204,0.14589680907873645,-0.09752071467265981,-0.0035965599849839846,1.9332360923552853e-13,0.06615427246058563,-0.08169922840836213,-0.021490833119334894,-0.15194951992447917
52,2.840503186631297e-23,3.3940485123057715e-20,1.4977170429584555e-19,0.00019377689715370145,-0.0006488030471763238,0.0002501792230256169,0.00023543234186974816,-0.004268050805592282,1.5267020949515462e-10,5.315861535599716e-18,0.000907782256241574,-0.014275670193627575,-0.0002657712289488368,0.005503761983120168,8.729774185346689e-18,-4.3838378012182393e-16,7.073102514116358e-09,2.7492837605661306e-06,-2.8053050170995018e-09,0.0001901122751370925,1.2198139553040667e-05,-2.2114599996076516e-07,5.6064253718021e-06,0.0006367317780217264,0.00024604740074292414,1.4471182094450815e-06,-9.90622439144507e-07,0.0038652389314573193,-1.2703447208361486e-12,-0.017925953232153114,0.007979734470282347,-2.4535510350110365e-12,0.014065349943638988,0.06463433070388054,-0.0057169328648528465,0.022785183855679705,-2.286212864131059e-11,7.664763450357994e-07,1.594420193343916e-10,-2.2473808719998084e-10,0.00025914875504204826,-0.0010059990109273268,9.272083292714858e-06,-0.00037633931986118794,0.015586137686791448,0.3137005839832054,-0.0005314995610367761,-0.3773384530919603,8.112792300579472e-05,-0.000523086051771912,-0.014093194914075633,0.0008584444598983907,0.00021896069889856197,-0.2584989016217176,-0.6379949421127005,0.023458752870730126,0.013813108586336923,0.3190204651134902,-3.3020121535989275e-06,-2.7007525652349756e-05,0.0001804946296884838,0.012231227243756191,0.19804215040537085,-0.023700276557339427,-0.01006436719956099,0.0018377199046880819,0.0192643300160612,0.0022967796384829237,0.0047540658065367,-0.0024986427202531494,0.01814075169649862,-0.014856304926373375,-0.0005438438669578577,0.016183990275654845,-0.00222568327983435,0.013350745172171012,0.0875394100926894,0.04668182656566673,-0.03913522178442832,0.0038982492666773606,-0.007254677569023933,-0.07838574595452934,0.19471853544393722,-0.06061424229376972,-0.00495974036497828,-0.05429038624610225,0.046525081749724695,-0.07023491746102403,-0.0819135071801772,-0.006157303450602826,-3.4502437796037054e-14,-0.18175242710438175,-0.1609870299724556,0.001420605186435935,0.02061353378115921
53,6.184029886722636e-26,7.903780773661932e-23,3.485671531768731e-22,4.4975233687195273e-07,2.7154972592970466e-07,3.5589624383909517e-07,0.028191773088486877,-0.49486091458499964,-1.2665069830392599e-11,-5.018042431539858e-16,-0.019502122645330244,0.2978625779508587,-0.01977927995965039,0.39074289981564325,-2.928353372099191e-16,6.201188065894135e-16,4.5832588976431784e-10,4.646027232533444e-08,-6.254654192009842e-11,0.010378444941143164,-7.909963983478239e-08,-3.976632347666311e-08,1.8343142938374493e-07,-0.006268754050918556,0.008239550700896171,-1.3791198102548426e-07,-3.921623716308753e-07,0.07288397724699267,4.572626745907043e-13,-0.2849084015624998,0.14472859340923483,-1.8570489798633255e-12,-0.04989951567290424,-0.18147526033571382,0.07574458283321436,0.2579115827308633,-2.7888893067086212e-12,1.1207512967539901e-07,1.1937672801752887e-11,-3.381232488090946e-11,0.0017826466564587514,0.0022141190440755887,0.001908244862316573,-3.739249783969437e-05,0.0014303877838274558,0.032578555362837824,2.3160202011254763e-06,0.011342797466988139,2.6274288506684363e-06,-4.030020098320605e-05,0.001537644829758982,0.00019696120061526247,0.00011069623266327561,-0.12846860568647395,0.08999953351198917,0.15723413569690378,-0.3495296274869972,0.09183641166358616,3.818875384059873e-05,1.8551739499979094e-05,-0.00013792720041132733,-0.0008994651740251917,-0.028326978195796736,0.1661981364510863,0.0005888333431766244,-3.264589797465031e-05,0.001777719355137317,-0.008494020933994297,-0.002536520227486624,-0.04516388198487473,-0.0006149101054137656,-0.0019126028122379256,-0.02228138356009452,-0.0011673442788438016,-0.005988781395778796,-0.02164891364109384,0.0561471301195339,-0.021066354891779413,0.031563048019696144,0.03531941110580985,-0.0022615186657989885,-0.05811229288707175,-0.024741160678045014,0.16526374948745637,0.005985207034615047,0.04556153093297132,-0.0002861021485124394,0.014553817113128798,0.1418501270967172,-0.016294890756787306,1.1282608612339734e-13,-0.03215825916920891,-0.11655078642219943,0.033884363026018584,-0.09222155563557691
54,-5.670497891323346e-26,-7.238335692765057e-23,-3.192854667722604e-22,-4.121877987735928e-07,6.0227781812588e-08,4.749574442661583e-07,-0.025904810357783633,0.45421623727737037,-5.23514888895358e-12,-8.551075892803474e-16,-0.004375704252129509,0.06623591434500004,-0.02663872398630363,0.5250462440630308,2.5757327264703245e-16,4.0629846284264597e-16,-4.821914365782091e-10,-7.164576900922983e-08,7.880857038885342e-11,-0.009551036462807699,1.7965537070055172e-08,3.588684956990463e-08,1.060938132095753e-08,-0.001392988303908616,0.011026320970814732,4.553891752711343e-08,1.8979358075665048e-07,-0.06723156093047851,-2.7654210143133078e-14,0.235723909164328,-0.1836883965112696,-2.286395371477879e-12,-0.008534393687495721,-0.023943290193208854,0.06850947461059893,0.342767083077538,1.8498485173516599e-13,7.05447454759552e-08,-9.988941026677591e-12,3.964454990398394e-11,0.0034214468692782443,0.0007959107982295558,0.001820969966452237,5.31417303279785e-05,-0.002529005422711545,-0.05685926390759086,3.627629169944453e-07,-0.016871279039815747,-3.487375310678139e-06,6.113042056911644e-05,-0.015351169305469542,-0.000313642554998386,-0.0001812131987698806,0.19512153259941215,-0.11129939891855103,-0.12071339361510698,-0.012466985953743712,0.16667841026397992,8.377006193893073e-06,2.4863000783970923e-05,-0.0004658807046515326,-0.023331539696111247,-0.2776725413303718,0.17567647613602827,-0.0007476185708294305,0.00013752039034786004,0.00010372574837074955,0.0075668065954225955,-0.00043265559263681175,0.06873137885152394,0.00041511903250695506,0.0031172417920327013,-0.00498922809905054,-0.00044149160548688016,-0.012991915384309142,-0.09931172270438166,-0.005729254764862414,0.03168320965619655,-0.007989863025472003,-0.015905106309208213,-0.022432005946094888,-0.007888191016509958,0.002459390342162311,-0.05571464519595183,0.03501496950908118,0.013551520969312647,-0.0019979876790619487,0.1323643638476234,-0.10868685168287613,-0.0169929656885588,2.1107239737071777e-13,0.0671575682914001,-0.0786102567056188,0.03679387601941194,-0.1647610015257225
55,-2.3341538275908726e-26,-2.972913842639781e-23,-1.311620294767748e-22,-1.6969547298036594e-07,5.679350933008454e-07,-2.1904951668598574e-07,-0.010676222213112868,0.18731968795733908,4.403688081191693e-12,-4.712757454942222e-16,-0.041000566140563396,0.6265624811742895,0.012119973488731046,-0.24148113429994902,-5.585868564422837e-16,-2.1127943407842728e-16,-1.7356173119275985e-10,-2.1055233514959987e-08,2.177987187538023e-11,-0.00392699557383106,-8.907173833814296e-08,1.2196837060918392e-08,-5.007444730791263e-08,-0.013184306084919583,-0.005073291858737665,-5.312564771906502e-08,1.0917681379529523e-07,-0.027029208517778347,8.056770568007989e-13,0.091565063591631,-0.09132306514070054,5.676400090444956e-13,-0.1002127625606417,-0.405832722657451,0.028727460305885934,-0.1532272767983484,1.2458756348147048e-12,-3.415394239055891e-08,-8.043368187491416e-12,2.1980247083798852e-11,-0.001522725440255055,0.0027376723407323304,-0.0003059257338887429,3.194132591021006e-05,-0.0018720227723632518,-0.037696185273489044,2.6398986165950252e-05,0.03433619074945492,-1.4455750963430148e-05,0.00010573796096034519,-0.0016408747852410387,-0.00023962710508648404,-0.00011000935325513528,0.10172790976402281,0.16963882599711133,-0.07140333158466712,0.027568261723250796,0.3298123653920563,2.122520785618821e-06,-1.4199785642078045e-05,0.00021299677611766863,0.016305058256936747,0.21778230362535403,-0.029542512025806704,9.002828230108867e-05,0.0002525432718146478,0.0009084035198067282,0.003635695185048475,0.0010671839935410766,0.016457322128791207,-0.0006293609232220779,0.0003444655942549549,-0.05778044005991284,-0.002663304538500667,0.0025968361683029128,0.011711602625888417,-0.024663523387935662,-0.005657819345018285,0.05365089800422537,-0.0240525692011709,0.017540968135998324,0.04883442933685609,-0.042379702091670905,-0.052371459003153625,-0.015742150570921983,0.03323303342078196,-0.013550593496795308,-0.06111299951099523,-0.08747796491425945,-0.015162232531873923,-2.7937179027384112e-14,-0.19673569303494917,-0.15236257092402605,0.0017858533961740463,0.015322737528328502
56,-1.436917180079493e-28,-1.9621744392278582e-25,-8.653904653200607e-25,-1.1165881039498693e-09,-6.746548808934222e-10,-8.852599955718153e-10,-0.029919627752462017,0.03321911396862953,1.1212000763719479e-12,4.9688784533949614e-17,0.018667428626772734,-0.01980450700636799,0.02421602810742186,-0.026333259763947146,3.889520877359134e-17,-2.6517186728892328e-17,-7.578411971927418e-11,-8.441405948074339e-09,1.273972173057307e-11,-0.0016790372566377104,1.502903440501901e-08,1.1734088855716525e-08,-4.200378583963335e-08,0.0010121501661442657,-0.0013347396940752065,5.75600098395962e-08,2.1741089740961945e-07,-0.14267970019181586,-3.774971058928989e-13,0.19164089364723227,-0.13453423717222165,1.7303340987436468e-12,0.09792970246676036,0.12212556278735105,-0.12950357278719293,-0.1986814774244391,-2.791710271706104e-13,-7.89431940817851e-08,2.9812415790120954e-12,-8.206334276962447e-12,0.5693597207374317,-0.34094357647880974,-0.4524162001828997,-1.772263810141551e-05,0.0008557997255052882,0.019280309454447916,4.000694975303247e-07,0.007745245969173848,1.7515197308220134e-06,-2.5764078997072792e-05,-0.002615942693091867,0.00012258072766428328,6.409670254386124e-05,-0.08065478475927165,0.05721714597804551,0.09607463191104056,-0.2129853466333176,0.06364514899158258,5.347018925020095e-06,8.358379587766716e-06,-9.242916669656187e-05,-0.00213440638237577,-0.032682417514582444,0.06715128502237995,-0.00028541900638201495,9.1139642032115e-05,-0.001172641436104307,0.011590351323931363,0.002288347156716031,0.10114205741294421,0.0020987171411410953,-0.01376561024064937,0.04730756452079567,0.0020129034012420564,0.0019173845664592517,0.07436306374458578,0.0890556732601641,-0.012591675816869057,0.0405194074898279,0.04167126670027975,-0.004517722287482799,-0.08920801334156675,-0.050003412788285705,0.16473234202560214,0.007741634716692901,0.07682635128087778,-0.006493100233187086,0.014539879130720962,0.14382784433569876,-0.018679855305856734,1.16194310580775e-13,-0.03383948962312895,-0.11740964672638116,0.0429090678812749,-0.09517312605942568
57,1.3182613438218646e-28,1.7982090445984793e-25,7.931738954055967e-25,1.0239823656804002e-09,-1.4895163753935797e-10,-1.177842551532232e-09,0.027799608219143054,-0.03046297105205991,1.861777156197031e-13,1.0105033192319514e-16,0.004128534337691815,-0.00440232774155123,0.03049191303392995,-0.035478749362181,-2.339494907721638e-18,-6.126464737686592e-17,7.57544795124262e-11,1.0728426408716686e-08,-1.419550305428155e-11,0.0015438275129386263,-4.838947579363129e-09,-1.0626435352532457e-08,8.777166699642636e-09,0.00022491510548706189,-0.001782026270127034,-2.9404871905084436e-08,-1.517027219489772e-07,0.14326696631638458,1.0611386331105737e-13,-0.1614829718087244,0.14549064890732255,2.0675130004179367e-12,0.021171593571804585,-0.0003029763067629879,-0.14995900364389989,-0.24441505473355424,8.029407182540772e-12,-2.8901545135406744e-07,-3.364836521024259e-11,1.0069629087846664e-10,-0.52133472018582,-0.06941861113035785,-0.6018519571779645,9.550001274610184e-05,-0.002762421010774256,-0.06566278928085964,-1.3845261799210373e-05,-0.024299979884549384,-1.1405992910578452e-06,3.5492955741536306e-05,-0.016761765271367787,-0.00020154591700460942,-8.931941060871587e-05,0.12156445933794814,-0.0595545147125415,0.06473134126673116,0.06965989355931751,0.14573673961930406,6.777958570615177e-06,1.6868737373864572e-05,-0.00033760723840656133,-0.017884027133870023,-0.21144497442425067,0.11459906116166627,-0.00017912635335245598,3.88541414794682e-06,0.00039661871743266195,-0.0018820108966760383,-0.0009665428393805475,-0.01618496331284098,-0.000496516805269585,0.004329219114654154,0.0016410685823279438,-4.7749312561465e-05,0.008110779622308032,0.026455945518512977,-0.06569589463645335,0.08769822626510448,-0.010430781292950818,-0.018712420165229504,-0.030797115382778736,-0.035943950294225174,0.005495977047270747,-0.05546933748274093,0.04070708758627938,0.04139953745261339,-0.01225066591275939,0.13183229383732412,-0.11189292001869094,-0.019858129612843018,2.1760424505506463e-13,0.06828123072611804,-0.0793199014582547,0.049467298559032105,-0.16954917828708643
58,5.426441586609745e-29,7.386208439119105e-26,3.258095148780991e-25,4.215178501680371e-10,-1.4100784097561959e-09,5.441644669723365e-10,0.011352159676755569,-0.012575590827147981,-3.6807730100279624e-13,3.815308356990692e-17,0.038648443856726285,-0.04172780007775834,-0.015157202785454307,0.016276575306935093,4.7642328796306624e-17,2.4539546418973506e-17,2.8831296866500085e-11,3.665118620961254e-09,-4.613063106802564e-12,0.0006359020561498037,1.3836730925819639e-08,-3.862492503943082e-09,1.1525231353072729e-08,0.002131384349791885,0.000822334563897378,1.1612823140915873e-08,-6.74066811298683e-08,0.05448827377556527,-5.072345152988144e-13,-0.06445501783497987,0.07234243410564754,-2.5993276738587357e-13,0.19137137729619627,0.2986619678043362,0.03029348361207332,0.11505127129662458,1.013835104895471e-12,-6.261975962075172e-08,-1.8942271300905117e-11,2.6554855729692637e-11,-0.21739399653200087,-0.7245726320014687,0.2713767344239641,4.70649130258181e-05,-0.002255562359807432,-0.045355994466931705,5.967546353657733e-05,0.04858980955153993,-1.4301093409171864e-05,9.955960425977126e-05,0.00014917374775832014,-0.0002025986108985545,-8.105220939559395e-05,0.07873803263059127,0.1437280917545824,-0.04558847782766587,0.013686574102208037,0.17183507735423675,1.1012474449846374e-06,-6.293403203229469e-06,0.00011176845087524067,0.008711347486920543,0.11379233261082579,-0.015186935565081206,0.00010505107457394292,-7.929289036216301e-05,-7.47581284867218e-05,-0.004325499288128389,-0.0008097349648241306,-0.03673497722719911,0.0001105644624698843,0.006438024142101458,0.1165966043022733,0.004182271388285197,-0.002474595402529023,-0.03422614983598751,-0.04280042510598339,-0.01924715921413135,0.07113022873446882,-0.02905392431259505,0.02225803906553257,0.07436763276033649,-0.09526706092901242,-0.05138948071738764,-0.017792687101886088,0.04964128328095629,-0.025832669120912262,-0.060347522760758596,-0.0890186160235347,-0.016808604610329753,-2.708331178437582e-14,-0.20128871668291642,-0.1527266457219982,0.0016970491892040085,0.01461295235744787
59,-1.0535739786713677e-27,-1.4404205913899979e-24,-6.352785852370519e-24,-8.196812340281122e-09,-4.9528469060971844e-09,-6.498908035101353e-09,-0.026725240626831438,0.5028167196432507,3.229968457922525e-11,4.98253880294661e-16,0.018636050944728293,-0.3028923128965871,0.01849862048063654,-0.39693214111253206,2.7391171441864726e-16,-4.3837558705396744e-16,1.0262199879416212e-09,4.5190584058823804e-07,-2.7935972417908737e-10,0.0011682886564082684,-4.146652740569999e-07,-6.763879902081659e-08,7.264693214325032e-07,-0.000696898821332915,0.0009349101796880301,-1.9295695379149417e-07,-4.787590017772868e-07,0.07417750948452682,3.715270464449076e-13,-0.2637251233681424,0.10698814480441465,-1.4798365744133966e-12,-0.04898393539889652,-0.15578856337025018,0.0730838052715837,0.22548951673301956,-2.3498107444526765e-12,8.019930681340593e-08,1.143575350115292e-11,-3.4440691668888336e-11,-0.07752513136715813,0.04932046468117399,0.06452005171578033,-3.87542380363967e-05,0.0014921489914947715,0.03397786696398243,2.126582344755032e-06,0.012075083402477746,2.7874265980367882e-06,-4.213206556689239e-05,0.0001805630534651605,0.00020401166417637165,0.00011234221446789864,-0.13323672787211746,0.09326199979069612,0.16120987395052666,-0.3631093385908149,0.0979293953764727,3.215158244123673e-05,1.820641903982905e-05,-0.0001473594445089801,-0.0015932450634285299,-0.03592182950137416,0.160208907991001,-0.0008457792948040238,-0.00016363244120454665,0.0016523156640151837,-0.011927563353407816,-0.0026642615834757176,-0.06705198598957741,-0.0012017222540149021,-0.0019079363489858897,-0.03248631605676645,-0.001365564806055738,-0.007941719058696214,-0.03403843238006472,0.06175397829022593,-0.02176414290569855,0.032462736470487474,0.03606017011951779,-0.002403405656670302,-0.06063717096773472,-0.02664698938983069,0.16489926665902543,0.006113729916837316,0.047853349781826586,-0.00036806186421576615,0.014437112679824388,0.1419870267925129,-0.01649591455054837,1.1261968859852052e-13,-0.03221524732205897,-0.11618509022527311,0.0346769757036263,-0.09221062051667034
60,9.665896763227959e-28,1.3200817716623752e-24,5.822759590521043e-24,7.517147383166244e-09,-1.093419820828474e-09,-8.646293066928362e-09,0.024550727591699083,-0.46164895025812297,-1.0724864683512722e-11,7.95350587645128e-16,0.004192787450363484,-0.06740087143896387,0.025155432481497705,-0.5336265099934886,-2.1006779151279415e-16,-3.649647621088875e-16,-7.752790395255812e-10,-3.256084886539083e-07,1.5201260860761113e-10,-0.0010509047398582206,-5.1646311724547564e-08,6.17915729067798e-08,5.350151897579116e-07,-0.00015129400481144137,0.0012168469362196553,3.480232882808831e-08,1.476188532962437e-07,-0.06865144319460235,3.3999690478443753e-15,0.2072885338452103,-0.1609773310058647,-1.7723608169609523e-12,-0.009081954904408952,-0.019508447980401755,0.07035812855400547,0.3010669406802749,2.8922450526353913e-12,-2.4601002346512153e-08,-2.089019821592284e-11,6.71367878775889e-11,0.07512976225031562,0.010344668898186471,0.0851532593820368,7.94515875760872e-05,-0.003175972623552696,-0.07268292922134316,-4.506392234971058e-06,-0.023496760333235788,-3.407400560444852e-06,6.590744443112721e-05,-0.0193866926595645,-0.0003473221093605788,-0.00019562462573620155,0.2155947357625224,-0.12379079526404378,-0.12138545733403185,-0.027146407286251895,0.16517733221395112,1.0431173289708005e-05,2.4439190962582398e-05,-0.00045891102617308263,-0.023144959557531243,-0.27586616613122383,0.1711624948461183,0.0006493326456261333,0.00022671764400541137,-0.00039884832861874727,0.011040385883523445,0.00048511344741734294,0.08165663700150132,0.00036108091815388084,0.003758647677828414,-0.006102307527084364,1.8659231759954983e-05,-0.015860862385881122,-0.12112332999113488,-0.0038023729397584334,0.033171324537646964,-0.008136376428081179,-0.016040411176553186,-0.022956980394728217,-0.00907616182117168,0.0024740921289228045,-0.05556974203446321,0.0353782472395546,0.014579510460065045,-0.002031432463703682,0.1317800172932141,-0.10864517386074961,-0.01717247686281012,2.1065826873589483e-13,0.0670362788071665,-0.0783017143221371,0.03761433986122697,-0.16455097771297694
61,3.978725132495542e-28,5.422134960233759e-25,2.391724069636999e-24,3.094305104669525e-09,-1.0351374810205844e-08,3.9945900696197675e-09,0.010115459400662604,-0.19025394712351015,-1.0733766458514531e-11,4.70180545651204e-16,0.03920215209461607,-0.636770076611794,-0.011308649457411613,0.24512481243805043,5.551861639189094e-16,3.8503465508278885e-17,-3.655595537715435e-10,-1.3670102137011904e-07,1.4280549687255778e-10,-0.0004439482315741411,-5.937644334710725e-07,1.745437881929949e-08,-2.8416183763689833e-07,-0.0014659624462605172,-0.0005715896911570044,-9.385993343391431e-08,1.2950640815371006e-07,-0.02732121266950538,7.424534444295272e-13,0.08070900070187846,-0.08060846356841928,5.82955059243446e-13,-0.10009372454787754,-0.35733079172871307,0.020115055567769328,-0.13526435537873188,2.1329243063283863e-12,-5.81593994376486e-08,-1.2943211579656252e-11,2.927887080168184e-11,0.028883531568020756,0.10305204580066604,-0.037888477063033645,4.398908101499887e-05,-0.0023795138041514835,-0.04789819814978183,4.350198122469677e-05,0.046482843243903074,-1.7190798538291484e-05,0.00012365228920264347,-0.0012275352238740626,-0.0002705670682882709,-0.0001191350300455271,0.11176814776121949,0.19242414663532167,-0.0739186991553069,0.028274985393318953,0.3299600322620522,2.4216785426637858e-06,-1.3855799780588845e-05,0.00021420045317583597,0.016427586974723497,0.21843818266903767,-0.02987961242289167,0.0005703062570342269,0.00021540196311096234,0.0001364333032175179,0.004728404114923216,0.0011231814944087626,0.024488566290629517,-0.0016175281838423435,0.00022921817581373147,-0.08347333136907276,-0.004459145776379671,0.003478255448957115,0.017701369918639406,-0.027239888798525253,-0.006193815835576194,0.05531025051522742,-0.02459727258393891,0.017980647696805813,0.05102335201112402,-0.04589171390609922,-0.05222290823705002,-0.015930280208485446,0.03483350715199146,-0.014573158111853017,-0.06083549378707326,-0.0875534597635806,-0.015313920607691501,-2.7849573591412735e-14,-0.19671558368510908,-0.1518720130213776,0.0017911757632759356,0.015242114082969847
62,2.557528503455195e-31,3.752998882117875e-28,1.655298619430064e-27,2.1357525971472043e-12,1.2916115857849041e-12,1.6979185992469212e-12,0.5450407743946406,0.030302112144527885,2.508213597423767e-13,-2.751462882497274e-16,-0.3368939539740169,-0.021683957257507554,-0.44184256608977446,-0.021825937184332806,-3.9060181523596944e-16,7.821786265796137e-17,-7.237121995063846e-13,-1.5568571961047552e-11,-8.0831083293867e-14,-1.9305206617993032e-05,-5.526820459849654e-11,-4.756710014247542e-10,8.932650688260071e-10,1.0002060493169298e-05,-1.279300613353859e-05,-6.590457799536885e-09,-5.467989449209793e-08,0.19529780718925047,-9.92438527610433e-14,0.03693965473020606,-0.01622604171468904,1.3428597886233531e-13,-0.13478499719570475,0.055690279094567474,0.17111639318624935,-0.029760114485362327,3.8585525714144697e-13,-8.166676250790904e-09,-2.0138237614667906e-12,6.268885670541221e-12,-0.03993652113423759,0.022574284764688056,0.028367852713250735,8.03812715154772e-06,-0.0003849646061282475,-0.008570096252664076,-3.337717720116842e-07,-0.003015761028354664,-9.117093737843846e-07,1.3854781538575369e-05,-0.0007219992290122047,-6.907301274902625e-05,-4.4495099905273094e-05,0.04568619085575425,-0.034129935997542174,-0.07508800711775658,0.12176663129337112,-0.0321567045039641,-4.0545842300556335e-05,-1.0416067784658259e-05,4.636499092410264e-05,-0.0009200645296551287,-0.0011628709670697401,-0.1030065652609952,-0.0013560462898799359,0.00023301744570958433,-0.004822642681638677,0.03564296291246736,0.008206317626403878,0.2736833709999313,0.005296190027512671,-0.027479532259789604,0.12985578072229806,0.005815114534227194,0.011927666504482787,0.19048341730461232,0.12403001625771147,-0.0017094646395350364,0.04987937100786128,0.04874950660589481,-0.007192090715144891,-0.12427698345921548,-0.07762746725318015,0.16601649095724536,0.009792079644675369,0.11152321883176464,-0.013595579435042962,0.014944769514709008,0.1475822778267708,-0.02125041660005648,1.206115576461268e-13,-0.034819994138825465,-0.11859314383159578,0.05289358995670453,-0.09914029981161519
63,-2.3471975555551876e-31,-3.4411504758830304e-28,-1.5178180965030928e-27,-1.9595297217014494e-12,2.835382213643195e-13,2.2487862092203197e-12,-0.5103364575146084,-0.028493156278189245,2.585925777748745e-13,-1.2088801585988712e-15,-0.07557005546600351,-0.004933430167328167,-0.5689150259116377,-0.028038109251417583,-4.009228494783201e-16,2.1786530533720193e-16,4.0642462868078873e-13,1.1016182200202448e-10,9.294115991285183e-14,4.018270793296058e-06,1.7875211947806993e-10,5.70125293606812e-10,-1.208483440304945e-09,5.273353580698565e-07,-3.249112294853722e-06,6.35193735724691e-09,6.10005501397712e-08,-0.23203020782832456,-4.809972545793545e-14,-0.04744259401196036,0.016679538258475686,1.8441559637258352e-13,-0.03786245539946052,0.04361184744164655,0.23955113065187214,-0.04314228568385085,-6.403943771086435e-13,1.2373815163656099e-08,4.164365127310464e-12,-1.461034359452867e-11,0.033505220662642644,0.00504912844756062,0.045582172838541955,-1.727528109620357e-05,0.0008218311448410149,0.018310760217131548,8.202206147514159e-07,0.005793438077867408,1.6642734417128072e-06,-2.7773065137335223e-05,0.005476314680029836,0.00014633275857562378,0.00011050579738592297,-0.09558459314095624,0.07189297334677898,0.23494420878118996,0.15170935135347793,0.02301124127377403,1.7977663775570845e-06,-3.090191951129238e-06,3.324819923038431e-05,0.0004819201217780967,0.008016201180884973,-0.02657885206805785,0.000647001943245223,-0.0001801650458049212,0.0007324503055086679,-0.014513194539950567,-0.0015417464636340505,-0.12967711948797347,-0.0016740748807124173,0.005657381996434676,0.009952245755323922,0.0004679261377337225,0.03476526868404225,0.18671393485416615,-0.1388539822101226,0.15387116297192868,-0.013375676201879445,-0.021881045304982187,-0.040344153125078976,-0.06879137338570786,0.009335945247231137,-0.05516969546816886,0.047160900687699125,0.0738834510307863,-0.024503427910015235,0.13200803694453192,-0.11551977402662328,-0.023050090921083725,2.2530228451877806e-13,0.07022736734359344,-0.08016772968540942,0.06380202996245632,-0.17552810529289853
64,-9.662320139177719e-32,-1.4136806251298943e-28,-6.234604763998084e-28,-8.065865917634237e-13,2.696917835153201e-12,-1.04186306974779e-12,-0.20678342383567097,-0.011508064459576186,-1.2502186918196625e-13,-2.1587290550685242e-17,-0.696872524915109,-0.04468315276523965,0.2772320603562486,0.013655770250198143,-1.9191602777542824e-16,-4.157992659236705e-17,2.7792198373748813e-13,1.8760076623867864e-11,3.956111172241125e-14,7.660908638409754e-06,1.9246226089589227e-10,1.7412004050775426e-10,-2.6974854578206303e-10,2.149729968808444e-05,7.97666049606981e-06,8.758403514656735e-10,1.972858088797727e-08,-0.0746897908319018,-1.4070067364609427e-13,-0.015425970596560392,0.0020075104584127705,-7.251833464421937e-14,-0.2602231935273416,0.04181010499981512,-0.1257022547920089,0.018795092669877497,-2.2970951670263813e-13,8.413418663301806e-09,2.3802750954775383e-12,-5.138360885628675e-12,0.015395119205339262,0.04781562214937215,-0.016977864309083178,-8.129031199950284e-06,0.0004800945984274238,0.009645723537487237,-7.573577424414481e-06,-0.008506451449449056,3.8143668567541303e-06,-2.8716663510304284e-05,0.0005505314947210731,6.974328267276535e-05,3.61175722761147e-05,-0.03158441908880543,-0.04539495647257686,0.032480117761654534,-0.007846675008159991,-0.14488986447534463,-5.395929392166744e-07,7.853573427383342e-06,-9.744924439179881e-05,-0.007270178238980016,-0.09950586321020306,0.014232330141907192,9.230809215158965e-05,-0.0004990243632770145,-0.0013397678699335238,-0.013958410856276299,-0.003139488190428083,-0.0998543599670883,0.0010391879464354845,0.013602392129245983,0.32490970683080217,0.012405037383618662,-0.008757763706991818,-0.09025789137076991,-0.06276651207175533,-0.03493441412879563,0.09006288203218027,-0.03473691374363999,0.027520662333055,0.1032400857668672,-0.15441135045316604,-0.051722372452907485,-0.020182081518081707,0.06701693271103563,-0.03940080776338336,-0.06035979584581453,-0.09208061431219867,-0.018525632593597983,-2.7522487581179867e-14,-0.20773192372366825,-0.1539125087469099,0.0012545084035373842,0.014703824771178008
65,-1.3853837040886357e-33,-2.1919542241019453e-30,-9.668351003022986e-30,-1.2474428921704942e-14,-7.552451642670429e-15,-9.955582781796444e-15,-0.09088753670426276,-0.0052442116376721715,-4.849618759326649e-14,2.9256959987970665e-17,0.05633045325984507,0.0037420414579510696,0.07428738086929053,0.003825662730302353,4.400526022338825e-17,1.7321656492457596e-17,2.840010463667329e-13,1.425539596229988e-11,4.324108981233344e-14,7.0662938891020494e-06,5.390370999736574e-11,4.198393184430648e-10,-7.648009265198599e-10,-4.397990637162154e-06,7.6219150816875415e-06,1.0139509815435683e-08,1.0916962957034018e-07,-0.4834426123602316,3.532920110223152e-13,-0.13714225509095054,0.07595454527192297,-7.817250321333061e-13,0.3303401507266378,-0.17270941977632145,-0.4168744641637296,0.12281210721498692,1.1298344550579545e-13,2.598649571802251e-08,-1.5212801674824815e-12,5.1066165122450946e-12,-0.15804126213332143,0.09896644959848251,0.13345296331142906,8.997563454679008e-06,-0.0004804599645187636,-0.010655984368381723,-1.5471388265475738e-07,-0.003964534234566231,-1.1696327300601462e-06,1.737492176915833e-05,6.061850448538658e-05,-8.50989357607569e-05,-5.177216543244746e-05,0.05632234139234182,-0.04146883517365531,-0.08145973388953524,0.1752388063876056,-0.03948789853522164,-4.582990182102662e-05,-1.2412767369823068e-05,5.717828555709314e-05,-0.001120561928149487,-0.0012982966543092095,-0.12154911007850229,-0.0014847342285142701,0.0002507677346657752,-0.005236905916759831,0.03845525117992919,0.008880663559520593,0.29394031602357934,0.005661377430051184,-0.0290161725311813,0.13884607707507565,0.006230127901463492,0.012886011014920542,0.20244954586372627,0.12830082829727057,-0.0008588248293989251,0.050876719861220145,0.049533580057868044,-0.007438402956968491,-0.12794113991954556,-0.0806156862754903,0.16612262028432181,0.009981665218571545,0.11510036917717952,-0.014292855668087466,0.014984349190946341,0.14799308397861258,-0.0215015175879357,1.2114706054443567e-13,-0.03488727019142605,-0.11864587978092953,0.05388910596740983,-0.09950115010939962
66,1.2717714125011622e-33,2.010556218535768e-30,8.867898499601692e-30,1.14488134226132e-14,-1.6464903214577726e-15,-1.3099076910590008e-14,0.08453293305249393,0.004890920746502322,-4.328936033613663e-14,1.6809827983051018e-16,0.012434510807608873,0.000836039545082336,0.09305503949424361,0.004774150696366855,6.848979227405995e-17,-5.015130815477278e-17,-1.9586294543754066e-13,-3.787260072010479e-11,-4.52837408394565e-14,-3.0357737004292023e-06,-1.006055943551606e-10,-4.4522433473323117e-10,8.660688903756636e-10,-1.8002954485701835e-07,-7.663428093155879e-07,-9.38164310901857e-09,-1.0889026883298774e-07,0.4919698861099136,6.683060537602714e-14,0.14117181585610683,-0.0710841624983801,-8.926660047295736e-13,0.0770905168521053,-0.09197505409468656,-0.47250404168496957,0.1421288270583577,-2.71189841120653e-12,9.456435083369599e-08,1.232391022583001e-11,-3.8750659995731336e-11,0.1690090394554961,0.02219566479793597,0.19415116206181995,-4.01173464612582e-05,0.001530276023801409,0.03490373110413219,4.0648995078434185e-06,0.01181564455770415,2.3274663101931897e-06,-4.194599851786689e-05,0.009961743777337927,0.00022484646625767587,0.00016256536756769277,-0.14576612083915932,0.10710844224575368,0.3242675464972796,0.2174148969989555,0.03134748071548359,9.689970480296246e-07,-4.232908503457704e-06,4.4683254962178607e-05,0.0007152560170544808,0.012050764609012353,-0.03537939253337588,0.0006898659902949915,-0.0001896087546144294,0.0007273295986429031,-0.015131244647226247,-0.0015202295686710249,-0.13584024678388257,-0.0017346103885169158,0.005630896703213456,0.010529436870790313,0.0005082474318987427,0.03682557834138436,0.19953481014439078,-0.1440416615756159,0.1590150436716142,-0.013583362698063102,-0.022075225912731408,-0.04110548808414041,-0.07158016918501438,0.009592312265595284,-0.05513838661386379,0.04767367643684656,0.07654114584484,-0.025442905624282728,0.1319953540184773,-0.11577572835638388,-0.023309232759462613,2.260188667232546e-13,0.07035154719474791,-0.08024589297517425,0.06496705027361371,-0.175991268090158
67,5.2356636138777995e-34,8.261361484522383e-31,3.642732807636366e-30,4.712587123334069e-15,-1.5749120151330655e-14,6.094741656624023e-15,0.03446894188417721,0.0019905844449656846,2.3040619169190224e-14,8.4436510687635e-18,0.11639785758612763,0.0077071890623033835,-0.04652191867549873,-0.002387387530810802,2.5115502360616793e-17,-2.6661982116945084e-17,-1.0740846861609599e-13,-9.760941272694573e-12,-1.9394390458887667e-14,-2.7097066825518703e-06,-9.405863512720398e-11,-1.569615271363126e-10,2.5762012495995047e-10,-8.946739947123085e-06,-4.345186809894425e-06,-2.3998766387010863e-09,-4.0529172361664196e-08,0.18517110627693809,4.698529860321317e-13,0.05450297301927218,-0.02148194769591965,2.122988788958418e-13,0.6387824391748878,-0.17474063080947053,0.3211107255679935,-0.07463096927168837,-2.9390669016539107e-13,1.6091032650993083e-08,5.800951050571585e-12,-9.066404588244962e-12,0.05953885926492144,0.20916117347337299,-0.07970127227074014,-1.6042654973960206e-05,0.000861479462195823,0.01724482566374301,-1.9028269138897683e-05,-0.017449431686106704,6.3201411680533835e-06,-4.582152518497406e-05,0.00036647576760423257,0.00010277206380076124,4.849245041188972e-05,-0.04369458940137265,-0.07280150353775602,0.03519925756325392,-0.01604690717948312,-0.18553026515659377,-7.017837808018122e-07,9.422901294207835e-06,-0.00011968850586562288,-0.00902340960718742,-0.12321600659450031,0.01707594786519602,9.496177905303962e-05,-0.0005470115747012314,-0.0014770861338987407,-0.015102445924383782,-0.003407906260609457,-0.10744085889528415,0.0011356581028187274,0.014408416601882083,0.34789587532521965,0.013313841293916277,-0.00937989962073293,-0.09605826990629099,-0.06518395451003814,-0.03645768582779075,0.0920507384908731,-0.03536042898517162,0.0280548983928117,0.10629558333969569,-0.16077817060076152,-0.051778762985778215,-0.020415220660084943,0.06892227909553708,-0.04089490069908189,-0.060327383574065384,-0.09242202089472382,-0.018705217670144006,-2.758492760948668e-14,-0.20831195000078556,-0.15395020267872503,0.0012276487586317377,0.014705419445663042
68,-4.3031068015061165e-33,-6.814852752559716e-30,-3.005921882798469e-29,-3.8783399257342104e-14,-2.3481153213596278e-14,-3.095412271423052e-14,-0.4276489956182407,-0.02518279868645606,-2.5721857517619247e-13,1.7323090017949516e-16,0.2642377331282471,0.01785390545520823,0.34599269146629097,0.01819584358290762,2.74468160530616e-16,-9.04784926685392e-17,7.648244411980703e-12,8.494886575564216e-10,-1.3876713357305577e-12,0.000169965874458393,-1.6453450209588746e-09,-1.7226967397653684e-09,5.315367235568024e-09,-0.00010071505544143526,0.000130540293086268,-1.5224412884596526e-08,-1.1043229323614754e-07,0.36570404712171917,-1.7362800603394198e-13,0.0630573073302826,-0.02758101388249337,2.1314163147706625e-13,-0.24820325547930258,0.09822978472746893,0.3122309176790967,-0.04922921972399689,4.800471779111389e-13,-1.0380203797934531e-08,-2.429083293480708e-12,7.443967999027296e-12,-0.054943787555032805,0.029998813223541382,0.03695357615238351,9.508018288607844e-06,-0.0004471063640578724,-0.009972811316700685,-4.1576118890055927e-07,-0.0035204583994260215,-1.036594945776437e-06,1.5809370356491603e-05,-0.0008159419580692533,-7.889930940549494e-05,-5.090167838658413e-05,0.05216580370835254,-0.03904452112336172,-0.08801764935230812,0.12720550196795688,-0.03778459935040834,-4.2107302678251497e-05,-1.1187939906720418e-05,5.4539336562939174e-05,-0.0006718383030185747,0.0022551302880489967,-0.10966486927637925,-0.0013880462366262897,0.00023686296245251911,-0.0049453323699495,0.03640162068067316,0.00840427285376321,0.2790489734274176,0.0054007180271453984,-0.027944954940599946,0.13274959138800835,0.005948679187162291,0.012367663912242957,0.19505791966879446,0.1249930269516194,-0.001126609620192811,0.05019961072368933,0.04899707064592393,-0.007313078620536928,-0.12560964476179237,-0.07857617144878844,0.1661126203438479,0.009881079575117429,0.11283544456758587,-0.013881972810134004,0.014953814353891927,0.1477562669274795,-0.021349817210844568,1.2088165407325267e-13,-0.034846289128514556,-0.11864240420325356,0.05328693438457626,-0.09930063308532727
69,3.953770705416515e-33,6.256986938790908e-30,2.759749041878275e-29,3.5629479633544796e-14,-5.125096971003311e-15,-4.0782479243577824e-14,0.4111049483509935,0.02430181457631551,-2.088751308910484e-13,8.237152548515571e-16,0.06151519693786339,0.004216394223284448,0.4654915086581088,0.02454122696028088,3.0537921985008984e-16,-2.8208928449106964e-16,-7.638989384642455e-12,-1.098289900006575e-09,1.5360786032440546e-12,-0.0001548138371047913,6.27142719950966e-10,1.635773507872969e-09,-1.950617484702121e-09,-2.3242594748771437e-05,0.00018749325392619496,1.1670343346891312e-08,1.06714126994281e-07,-0.39193123829029625,-7.902763050994986e-14,-0.07534932558904406,0.024835987812955394,2.6642405506307095e-13,-0.06320733137773576,0.07187556819710512,0.39845652753996313,-0.06467800353938923,-7.305446057586076e-13,1.4267625255736919e-08,4.625889518108995e-12,-1.6015959733517104e-11,0.03916277529795033,0.005971146528921726,0.05362785392055638,-1.8575223019651677e-05,0.0008454884679043508,0.01893920903780709,1.0372990581190636e-06,0.0060448532036721965,1.581012425453957e-06,-2.6744650978953018e-05,0.005558678742777985,0.00014078643549759854,0.00010310805310063938,-0.0914229895252137,0.06661065267026156,0.2028655816248596,0.12396213506752071,0.005488150381427766,1.7538516874781796e-06,-4.514840624814552e-06,6.542496965266609e-05,0.0022703481799828916,0.028685787894004416,-0.036191970856664375,0.0007061763387759214,-0.0001932931290817836,0.0007697075092015817,-0.015433634253870673,-0.0016122068891968144,-0.13758942012680347,-0.0017584025414595769,0.005808437373612999,0.010406972013310256,0.0004946156334985583,0.03624271652690676,0.19533925909167368,-0.14317759378440184,0.15747974451213018,-0.013562347006070407,-0.022086640150468555,-0.04084822770585287,-0.07042671143358216,0.009595398487473272,-0.05516984490351013,0.04749913818126385,0.0755488923582398,-0.025175800492105042,0.13202542428839095,-0.11573140537854179,-0.023209160344943466,2.2573891388732222e-13,0.07036636624171626,-0.08016856294521559,0.06453487217402602,-0.17582326789554073
70,1.6262498334287122e-33,2.5685125494501176e-30,1.1325474201036433e-29,1.4651710716440824e-14,-4.8964211272986445e-14,1.8949052618091254e-14,0.16227398642898166,0.009563797455594584,1.172984167288134e-13,3.832523701103627e-17,0.5466364137532599,0.03683215179916837,-0.21709826251472486,-0.011377295649362244,1.025088067021e-16,-7.457418478772884e-17,-2.915369650198985e-12,-3.6686978527204923e-10,5.056309234178307e-13,-6.465793585876895e-05,-1.3336777457983547e-09,5.897340575180025e-10,-1.5175385966740377e-09,-0.00021283005894526675,-8.08172123793642e-05,6.139178812005279e-10,3.932000792990385e-08,-0.14027115387547714,-2.4288853927060217e-13,-0.026938385449397778,0.0020486063969650074,-1.1649010033747737e-13,-0.48106363701976707,0.0692248966143461,-0.2288591581971058,0.03129240169484388,-2.9399237338400347e-13,1.1302816605678213e-08,3.0252157112329445e-12,-6.333272663281914e-12,0.021374282458162305,0.06396700804156444,-0.022268847377661733,-9.97491624019267e-06,0.0005724047657841163,0.011524180120625211,-9.397004399112918e-06,-0.010137782336475585,4.401895163489969e-06,-3.308053799404857e-05,0.0006347846409682123,8.010813485134465e-05,4.124793476238217e-05,-0.036235943351389924,-0.05060920583346233,0.0384663122336865,-0.005888305116048343,-0.1544152862332885,-6.033321687013644e-07,8.398955091496415e-06,-0.00010619657532673329,-0.007909365347424624,-0.10784441474989527,0.01564391948541261,8.943860818885488e-05,-0.0005130538095460194,-0.001385491470092567,-0.0142559839212345,-0.0032169405226330702,-0.10174129022454284,0.0010748186678304868,0.01384670917901455,0.3321696085966852,0.012691166192785586,-0.009026282102594665,-0.09249942432892459,-0.06332684749487079,-0.03560813022618237,0.0907496735431753,-0.034937347483086585,0.027729250589564446,0.1043252098609852,-0.15650927247064822,-0.05175277855967129,-0.020285066805118542,0.06758031071967156,-0.03985879179125896,-0.06039151412137491,-0.09220363472771409,-0.018582778492128273,-2.765108294387872e-14,-0.20802226644454375,-0.15398115677225466,0.0012108112699290045,0.014742180629119037
71,3.650520930049126e-30,5.355299589778598e-27,2.3620092606228607e-26,3.047587621084959e-11,1.8431565686498946e-11,2.422839028694604e-11,0.002782247280282556,-0.05425782067196669,-5.2277760591567625e-12,-7.295272984454211e-17,-0.0019490557511719624,0.03271310441399664,-0.0019101350315995187,0.042857170249991014,-3.4862367793977835e-17,2.977359471681196e-17,-1.87572737169127e-09,-7.226401506791659e-08,7.776047067672236e-11,-0.049462770438768705,8.902162179924551e-08,3.2252646615335354e-08,-1.5773620284007451e-07,0.02986133001997704,-0.03921669659588334,1.2648743761575286e-07,4.02552305611959e-07,-0.08646666351056974,-7.719416016724047e-13,0.3928916517320633,-0.25266041204331163,3.08101565954889e-12,0.06301805943853445,0.27527027745907606,-0.09933084768389022,-0.38243188910791687,1.8504458986389592e-12,-1.6721213110832644e-07,1.1317156428036935e-12,-1.6131577872520346e-11,-0.3668560782012347,0.2167979798402689,0.28810277331952955,-2.3457401937219665e-05,0.0011066755280178234,0.024856579638369777,-4.246310552825126e-07,0.00953640414654757,2.377589286024445e-06,-3.382926580903563e-05,-0.004167914443696144,0.0001580227567789132,8.106342794206856e-05,-0.10375984892078727,0.07252393625335082,0.12053718918872812,-0.28388263123264385,0.08549868068134188,-3.1738451623804505e-06,1.1142717618484795e-05,-0.00013222407894792853,-0.0033749192067507395,-0.04939919226953468,0.08775218941592311,-0.0076545246720451585,-0.0007790145790694892,0.0008452537535586183,-0.027242021673401978,-0.002960577905994094,-0.16634009025137625,-0.003906047205940306,-0.001777148350752977,-0.07829322773289325,-0.0021776474644665663,-0.016516404285808868,-0.08932721248035481,0.0846983185769979,-0.02435308231349763,0.035770661212574946,0.03869581161185166,-0.0029154620381630545,-0.07020983455199473,-0.03425996381343743,0.16280298684342603,0.006526987861926969,0.05665656420795918,-0.0007107521437291653,0.01379900917909356,0.14186955060780918,-0.01714954571077707,1.1178265385195108e-13,-0.03237275128486981,-0.1142364690276023,0.03747772252232334,-0.09154321414421496
72,-3.350341190052007e-30,-4.9103696021822854e-27,-2.1658595569950664e-26,-2.7961624233422782e-11,4.046478686977244e-12,3.20908919656808e-11,-0.002556010001456606,0.04982777044313657,2.6481645396852004e-12,-9.227674490016655e-17,-0.0004394225826489716,0.007281828224793171,-0.002619758628914716,0.05765643474803136,2.6443021623561396e-17,3.816404286918961e-17,1.6978763408279246e-09,5.163637708931902e-08,-5.2655891390386425e-11,0.04547656884506512,-8.642353068279966e-10,-2.9275627299772478e-08,-1.933754505644929e-08,0.006637611467746896,-0.05256496548470256,-4.9727947359653683e-08,-2.3066686361003068e-07,0.07970055625495462,1.3789223716558587e-13,-0.3377722517776628,0.2812387666821238,4.067054388860025e-12,0.008881621544359357,0.03635796032212881,-0.08040742732782086,-0.5036861703115545,1.3100715628281809e-11,-4.7461260574044683e-07,-5.360590576234528e-11,1.3935077976774219e-10,0.32830488235471095,0.04378326348199348,0.3831383354902801,0.0001394146168410451,-0.004085116485815799,-0.09698085098224957,-2.0977509078675715e-05,-0.036383638569981384,-2.0108304580145245e-06,5.8002021763370136e-05,-0.025159248051074508,-0.0003313758731738406,-0.0001735241122670982,0.20448623201118682,-0.11924248592833404,-0.0840461902420056,-0.06029190412330274,0.10544489958793438,1.730408126647726e-05,1.5069383762347091e-05,-0.0002828448513220525,-0.014781487546942128,-0.177670645522653,0.10064639480860504,0.0073108357141144845,0.0006307076040223474,-0.0028036421096641925,0.0266291968272745,0.00491632647146717,0.13523089134003072,6.729109880628702e-05,0.006530157284924927,-0.010955682090053135,0.002221714594557517,-0.02823126051755342,-0.2153076971248737,0.004869443511648258,0.03876925174103204,-0.008590553238726902,-0.01643928200381419,-0.02475830250180434,-0.013754335094551774,0.002438474197688683,-0.05477844705614398,0.0364411505679813,0.018600216450776145,-0.002135156019124707,0.12862635675438647,-0.10783548146487462,-0.017711649511522876,2.080997467372759e-13,0.06595136261388086,-0.0766472079435377,0.040417128311845234,-0.1624787521323367
73,-1.379151651751816e-30,-2.017214536355103e-27,-8.8963127380145e-27,-1.1509387085792631e-11,3.848469474230104e-11,-1.4866225262807008e-11,-0.0010529802018533223,0.020529391197616324,1.7429301865599208e-12,-4.890057827699381e-17,-0.00410231436135263,0.06876387946110005,0.0011668240142726366,-0.02646083639574723,-6.146827746442567e-17,-2.6372007245861396e-17,7.051526346105756e-10,2.0617165828642454e-08,-3.7252808029425134e-11,0.01872054911084393,1.0043119748287912e-07,-9.609790177113048e-09,4.09921201484199e-08,0.06281454956911045,0.02415816365513753,3.876792765386944e-08,-1.1825603797180177e-07,0.032247694201029596,-1.0910060204008953e-12,-0.13264244872345116,0.1348940875394233,-4.992739167822552e-13,0.122255965161019,0.5940147410650333,-0.05219237150665583,0.22348413223917718,4.096194274979707e-12,-1.0008850318850602e-07,-2.410779248196731e-11,4.013278929065264e-11,0.1410555231861752,0.461656450585871,-0.1727438627388761,6.585105771856623e-05,-0.0031058188254351566,-0.06239994554654769,8.508856541335163e-05,0.06799524135119989,-1.9498271681596743e-05,0.0001350160971189056,0.0005556596990153016,-0.0002712095048154263,-0.00010658183324031805,0.10414685767223295,0.19466229958648879,-0.05717194931988994,0.020685876780894414,0.2222766464225533,3.4746075433059895e-06,-8.173795497737403e-06,0.00014866714253297924,0.011465390394609809,0.14928035836066164,-0.021342116116660554,0.00280407935005553,8.117405936460804e-06,-0.0036113036001675087,0.009495516189143668,0.0012519715744270675,0.0609847056506467,-0.006189214600672633,-0.0003181495418652024,-0.19855348869440367,-0.012630150000849091,0.007336986669545847,0.044266118175400715,-0.03775583213681471,-0.008299394298873244,0.06131483925774465,-0.026508633364367564,0.01951345882397619,0.059238015783091985,-0.059874002744667226,-0.05136288494214013,-0.016493294365675495,0.040910161800986,-0.01861422961768599,-0.05932328222150784,-0.08732359645587684,-0.015794845490222708,-2.721845194321854e-14,-0.19530609225796203,-0.14919534259711234,0.0018371076242958907,0.01469152885121663
74,-4.6941394009191825e-33,-7.427714475530391e-30,-3.2762433794131434e-29,-4.2271183267898206e-14,-2.5594018464578312e-14,-3.373633515722914e-14,-0.00014082610933147626,0.0028922330069836855,6.549835410649742e-13,3.301346192674407e-18,9.918442729689832e-05,-0.001744451997768354,9.441467768302384e-05,-0.0022806938618220884,1.7975411505186916e-18,-2.3905369229898138e-17,1.7148564574037206e-08,-4.184575593977515e-07,1.8855537371936175e-11,0.519496347416553,2.56517607701361e-07,1.5997472206080334e-09,-6.95234810866219e-07,-0.31317897294719066,0.41092880771366397,2.849482308440017e-09,9.296473954230507e-10,0.0015177054974302676,3.36917572857409e-14,-0.011576395601289216,0.01157387009374231,-1.2575065345433448e-13,-0.0014074493984018344,-0.00990126919310325,0.002501931839112453,0.013091606258300114,2.8837739260874606e-13,2.2443432462238336e-09,-2.7437674504449754e-12,1.0181437026465965e-11,0.042914230095147034,-0.02560071523883408,-0.0337882357988016,1.2823768102497273e-05,-0.0006195965844973125,-0.013772504787540472,-2.9196778096328857e-07,-0.004724546255797334,-1.5103853201702018e-06,2.2374054307519202e-05,-0.0007948735823251406,-0.0001098098553305951,-6.876664269871783e-05,0.07238840044447088,-0.05240517668710795,-0.1056168739996636,0.22641577962571996,-0.03400192674703446,-9.838519114312599e-05,-1.6084216103684708e-05,2.92109543577246e-05,-0.00401303604126645,-0.030052838858218973,-0.1669925906193916,-0.023795321418619952,-0.0022321831652327337,-0.0014205466666350035,-0.062146428691565773,-0.003170431674016391,-0.39583400598978563,-0.010253704100737329,-0.0013065358207702547,-0.18435357563341054,-0.003939453021377581,-0.036265179242141635,-0.21784856971552471,0.13565148555842108,-0.02993420365446634,0.04348563146248042,0.04495644920433186,-0.004169128609001533,-0.0916743334541124,-0.0511449984485127,0.1643196496656477,0.007769913573204603,0.07643331946689831,-0.001503219735851896,0.013901837872307699,0.14583722962614046,-0.019136710521829154,1.151282832655333e-13,-0.03366226218601165,-0.11547844008436525,0.04447338682220879,-0.09464575736181825
75,4.309258656465747e-33,6.813153765524568e-30,3.005056679056901e-29,3.8796491295388464e-14,-5.580040072479693e-15,-4.439097829410381e-14,0.00012940923034172059,-0.002657231048618526,-4.77213335090735e-13,4.8275391993394894e-18,2.2482978278626278e-05,-0.0003885177144555069,0.0001335289915182516,-0.003078727045610241,-1.0989014845654894e-18,1.5535942526169745e-17,-1.5769648807087114e-08,3.866266943223695e-07,-1.9736602384424226e-11,-0.4778106836042165,5.066401583468977e-08,-2.0569917377548054e-09,-9.174990760131817e-07,-0.06954548274167036,0.5512253832595958,1.5564226879226518e-09,7.222083882869969e-09,-0.0013816349883730818,-1.1688836260126284e-14,0.011099255442543525,-0.010295206107981965,-1.8815345386293021e-13,-3.1020988473860596e-05,-0.0012470714595092976,0.0012619298892781702,0.016925728945883674,-1.6418080949879426e-12,4.69232493582997e-08,8.514279057611322e-12,-2.5363593949701067e-11,-0.0390683291443036,-0.005139816429996367,-0.04489080058454964,-2.8955410230406695e-05,0.0011897634561885502,0.02697047299734459,2.0374778458470516e-06,0.008441127286217215,1.8725361619776478e-06,-3.151802032921162e-05,0.007300057084694954,0.0001610974578975657,0.00010014752735069191,-0.10147168613922013,0.05878298228060576,0.08619043942784455,-0.03294255436655657,-0.14237418864043908,2.8212797298302128e-05,-2.1270548499637567e-05,0.0004155237898269901,0.020005603914097912,0.23442558362616456,-0.1591258542157393,0.023141064400533713,0.0015587643490562874,-0.008562025467262402,0.0623200640894277,0.01558477727452207,0.2508406854081577,-0.0006989568781683228,0.01280827891078694,-0.022170417791011886,0.007507286245609465,-0.056393082572160004,-0.4296444428260472,0.025280266049872414,0.05105910116221182,-0.009584577007406985,-0.017368549721613294,-0.02913734246642085,-0.02448862483577739,0.002201417451048728,-0.05399541979310675,0.03978246754061775,0.02776709665360225,-0.00233519120047473,0.12759259674132767,-0.10892385350074604,-0.019436511678498972,2.1162074676866795e-13,0.06639965762545674,-0.07684122014581811,0.04747080745491641,-0.16503418354353183
76,1.7740230436398626e-33,2.799478680766601e-30,1.2343910272058104e-29,1.5969262472366818e-14,-5.3369895741489414e-14,2.065192294357214e-14,5.329610168099472e-05,-0.0010943772056136762,-2.2692714796447277e-13,2.479096823276306e-18,0.00020905473418951026,-0.00366668918829678,-5.779367409136391e-05,0.00140838875437944,3.842516820541334e-18,5.43985432925301e-18,-6.489049606705523e-09,1.5953692890201636e-07,-5.006001560304059e-12,-0.1966052655331813,5.382061511013342e-07,-4.345340103153484e-11,4.184584641053127e-07,-0.6588608646226675,-0.25334259005987547,2.8093384835421325e-09,2.7226462290656554e-10,-0.000581977996518744,3.006234335734194e-14,0.004396044072699313,-0.004661130527781996,-8.498170349754749e-15,-0.002377289212067349,-0.019883743762548936,0.0024607538449382812,-0.007443939250116724,-6.936629155014207e-13,1.666365258031416e-08,4.3988643040724365e-12,-9.508583321096551e-12,-0.01636387823665328,-0.054270772411477944,0.020208120175085487,-1.4965038221246914e-05,0.0008538039321855884,0.017126055467398895,-1.5292387566592624e-05,-0.015918672165112745,6.637815916320573e-06,-4.9340760367274866e-05,0.0007320641628742045,0.00011672208113738401,5.857468882674527e-05,-0.051804042279657875,-0.0792671638356114,0.046211436345483616,-0.02345335953014394,-0.25243763963224347,5.339327705434392e-06,1.3012427893365053e-05,-0.00014870154850614212,-0.011482023461123076,-0.15954819189409905,0.018601929712155053,0.008030301838673357,-0.0005342622268780625,-0.012669804716875878,0.020208402164332888,0.0013492613721224809,0.14555005464689758,-0.016944416952571713,-0.0016296374563946382,-0.46449807271356414,-0.031679787322710075,0.01618571517850194,0.10559470693312559,-0.06110691109622071,-0.01303223458849332,0.07536178175693846,-0.031095205151445624,0.02324284540039255,0.07767865732971724,-0.09090607759913136,-0.05142887846168879,-0.01823450525830757,0.05456752220349662,-0.027570864500114447,-0.05903642471198957,-0.0898286112411389,-0.01728707350146052,-2.675263199954843e-14,-0.20029020855594473,-0.1499885322423217,0.0019666873294123047,0.014411157250674194
77,4.1172720457577377e-35,7.065381578957174e-32,3.11659170692632e-31,4.0210678421743265e-16,2.438118613068132e-16,3.227399869615332e-16,4.239040111370781e-05,-0.0009068138139674694,-3.6107011245795143e-13,-1.0553661045781497e-18,-2.9963565017835322e-05,0.0005468964092251823,-2.7610443606515282e-05,0.0007133023747197672,-6.4713170269972035e-19,2.0309152017876736e-17,-1.582792621232854e-08,3.9405455042192506e-07,-2.3330238432002998e-11,-0.47997416101079393,-2.4501560276075935e-07,-4.87527620027831e-09,6.601687208445047e-07,0.2891812253689816,-0.37957670946421146,-1.9014490590016666e-08,-6.005078531046995e-08,0.012983362440414955,1.2671469881603589e-13,-0.06125986067184984,0.04131075318393959,-4.967267590802241e-13,-0.009612517528658526,-0.043781555950969164,0.015316116008277312,0.06044828136358991,6.571874245814799e-14,2.164522163879302e-08,-2.8240974730899186e-12,1.1901859082189402e-11,0.08208379976246112,-0.04874973901708614,-0.06454322761348354,1.5426159253359856e-05,-0.000751754844818631,-0.01671817278415058,-2.293463595568718e-07,-0.005836187093304324,-1.8173356272743808e-06,2.67785191932238e-05,-0.0004359487126263418,-0.00013071611855189734,-8.037460488610843e-05,0.08616383050281283,-0.0622229222572673,-0.12330103424642466,0.26660856108845865,-0.04362510480791904,-0.00010552557705758645,-1.818340520061693e-05,4.216589026087164e-05,-0.0040327155168566435,-0.02823116760861462,-0.18654055890805724,-0.024984127742341083,-0.0023395264067770033,-0.0015961845399072355,-0.0646996406402097,-0.0031779955006716936,-0.4126765649439174,-0.0107267600992839,-0.0012676705165847477,-0.19228294802548654,-0.004073948949349489,-0.03772521352633466,-0.22737946536351175,0.13935626323429282,-0.030325545029058085,0.044051039706159124,0.045388530975500774,-0.00425999118518446,-0.09320559200852882,-0.05239157353693753,0.16435133125376164,0.007861587326990431,0.07787779806078769,-0.0015680149898133727,0.013915512136014739,0.1460348270472827,-0.019282856765471597,1.153862917640232e-13,-0.03377695795764159,-0.11557710159899262,0.044979564491413666,-0.09486718384686976
78,-3.7803442349454977e-35,-6.482533530474528e-32,-2.8591580189908334e-31,-3.691348802496162e-16,5.2691946574713786e-17,4.205679246521873e-16,-3.895091289631902e-05,0.0008331331903398854,2.8998314059034494e-13,-1.4082371297111608e-18,-6.822023265649047e-06,0.00012165945278063045,-4.065028434429167e-05,0.0009669049436536681,2.870371093927838e-19,-1.6224811940786532e-17,1.4550709478794731e-08,-3.6321608807583104e-07,2.272672132623258e-11,0.4412869193934854,-4.63157324655218e-08,4.98722605210867e-09,8.519790729748003e-07,0.06403847065692336,-0.5089961687332653,6.6804684967571175e-09,3.3051970457402054e-08,-0.011970944637178169,-2.7212090949142138e-14,0.05290834105439304,-0.04512439392765911,-6.752090425665549e-13,-0.0012606832062923288,-0.005682588966497756,0.012004769282548233,0.07939089992099006,-3.0526723504885494e-12,9.903647058387148e-08,1.4227046794297625e-11,-4.019566944698537e-11,-0.07404976580615479,-0.009837198556130557,-0.08580485074972807,-4.3829131332445167e-05,0.0016367641323511489,0.03752952598559166,4.233588895948529e-06,0.01233094542119209,2.165832701259106e-06,-3.8689830108720865e-05,0.010053860576234794,0.0002010093196205262,0.00012209883871212683,-0.1262416518813784,0.07319786016785097,0.09943979437476483,-0.030123001185080243,-0.16167016779625637,2.8978292802475973e-05,-2.4077967914702516e-05,0.00046952735127307006,0.02270024577982666,0.2663575865197332,-0.1791643788708039,0.0243213542893775,0.0016273596919326285,-0.008995297397803734,0.06497019162605452,0.016381465025700804,0.2593683966279674,-0.0007621178758355424,0.013273162473996769,-0.023143169779505084,0.007893200828467168,-0.05848099575377482,-0.4455343384125242,0.026798248989848842,0.05195481381399484,-0.00963312062185566,-0.017438182120311965,-0.02945252549254673,-0.025271301645340846,0.0021541358705513027,-0.053931147465134645,0.04002271310043637,0.028464702597986027,-0.00235660504251711,0.12750386052891227,-0.10900713862532231,-0.01956894739497837,2.118943291369848e-13,0.06637876052110085,-0.07690540927948475,0.047992694676921376,-0.1652272029788609
79,-1.5564261180941603e-35,-2.66426581992196e-32,-1.1745513154640383e-31,-1.5194756236848945e-16,5.075274018000638e-16,-1.9694938621449296e-16,-1.6039096966551308e-05,0.0003430592527810059,1.2747507430146757e-13,-7.423387983905531e-19,-6.324984288381357e-05,0.001149520659696381,1.6987589429714166e-05,-0.00044086195545414616,-1.1517168459176022e-18,-4.5517199000422904e-18,5.987131056042412e-09,-1.497956901994052e-07,7.292371092735482e-12,0.1815737581218916,-5.071262021802775e-07,1.1115476130706196e-09,-3.929770627653331e-07,0.6084016665504546,0.23418170162746668,-5.979872963445706e-09,1.7871039185207034e-08,-0.0048443638386353426,1.6805277587010983e-13,0.02085826317135357,-0.02139958406283444,6.027174170308632e-14,-0.018442860620546345,-0.093606173335646,0.008552225388624093,-0.0351813822797619,-1.119668338993608e-12,2.6844601552075576e-08,6.931649744154917e-12,-1.3744609670541649e-11,-0.03145767990671816,-0.10356010808198772,0.03863004644616069,-2.1955724035494705e-05,0.001189941958578315,0.023875206995252078,-2.4265927625943746e-05,-0.023154743344904256,8.810349887493483e-06,-6.457871452699244e-05,0.0007148521246136813,0.0001483804794273358,7.183314199810619e-05,-0.06439450413805596,-0.10164187107964262,0.05435331009106611,-0.026882172100686462,-0.28937265435645887,5.460187565854894e-06,1.4636469183680844e-05,-0.000171743456629654,-0.013265752316550961,-0.18351769377875957,0.021644703837414188,0.008419156671086761,-0.000575099497835935,-0.013347155386801314,0.021002198839099623,0.0013576499842051805,0.1518020190197903,-0.017745535985503193,-0.0017247529619806678,-0.4842472343184359,-0.03309235248402771,0.016821474941034642,0.11000362692729322,-0.0627929902077556,-0.013374140672352312,0.07638862396748272,-0.03142264569070245,0.023506282319059952,0.07900150357903933,-0.09319171166840858,-0.051408817421868334,-0.018349776720404255,0.05558461910379771,-0.02822820566364412,-0.058979528348365506,-0.08999676043859435,-0.017401686791683756,-2.6553570507291393e-14,-0.20062263558481985,-0.15006635683019215,0.0019941803155781703,0.014337043653255282
80,-8.7010414004803e-20,-8.817901927188587e-17,-3.8879800726600526e-16,-0.5016895404181123,-0.30257528567140635,-0.3961209283727923,9.000581749521113e-06,-0.00016880813555986534,9.5232212223786e-09,-2.556639741996031e-16,-6.656789760025593e-06,0.00010808543078778097,-6.972316501848847e-06,0.00014944324565221073,4.6806865888933865e-17,4.5478155467189995e-15,2.632908137340935e-07,0.00011986942841102383,-6.208984981450061e-08,1.72051380052422e-05,-9.712662771240371e-05,-5.640082482170673e-06,0.0001488825203436305,-1.2391220755073278e-05,1.923803649188606e-05,-8.872914629597737e-06,-1.2238385552940764e-05,0.0025082338464548163,3.062214060693926e-12,-0.032101787751105754,-0.047528163328369136,-2.7699286565749628e-11,0.002001235256464019,0.004450632270051542,-0.001674735134526892,-0.004287726323228576,-9.876149444664319e-11,8.905370251364595e-06,1.9413385380502016e-10,-4.990296934168478e-10,-3.0188624644073167e-05,-3.028358867466951e-05,-4.386574499766832e-05,-0.0008414609827863458,0.004459474292812492,0.12640961872893647,-9.24856236745614e-05,0.11092185568535187,1.330269513436089e-05,-5.9961278158137024e-05,-0.40272076651560934,-9.767343887874765e-05,-0.00033267859120995186,0.01925101588872965,-0.0032467088366775003,-0.009333290063043911,-0.008977624982217795,0.04139857763258617,5.59169739166109e-05,-2.5148094006933406e-05,9.584504098639749e-05,-0.011867452819553162,-0.09555638804501809,-0.2003808860893401,0.024073424416103762,0.0019792865864104994,0.007600687174944177,0.01800060993326521,-0.007321563291436923,0.04109264324709919,0.004179545534462448,0.04079358840266369,0.018670517597358972,-0.004400137450383467,0.023661886187959346,-0.017256744364260054,-0.28038102330435394,-0.01831324326270031,-0.054813445963519544,-0.03234382266405245,0.014244547414889676,0.18923692223904717,0.15237997284597557,0.18139246573077394,-0.009240468229838485,-0.1890052794457531,0.026837511479584082,0.01969630669919136,0.11942032086466246,0.0071218410516195665,9.024004596314753e-14,-0.015063110179264148,-0.12140627201061488,-0.049159113104031295,-0.07047117588897082
81,8.00201933940275e-20,8.091835532838779e-17,3.5697519343678915e-16,0.4608079824913665,-0.06764731373457555,-0.5322446383402017,-7.759903567145836e-06,0.000145126779901734,-8.707984513426477e-09,1.1369232427789754e-16,-1.163926419991548e-06,1.8509472578841855e-05,-7.67278600283981e-06,0.0001618034154489083,-7.315898636227383e-17,4.1246452104882117e-16,-2.598063327990681e-07,-0.00011247935052568554,3.590553907979091e-08,-1.350662136306201e-05,-2.202196330330493e-05,1.0416987730180253e-05,0.00019862796185679115,-1.1808932788332256e-06,1.3628857804381176e-05,-1.9665582690234824e-06,-9.123716974104585e-06,-0.0010379257297073786,4.497362720350346e-12,0.009425317688626643,0.008955466365800926,2.4254718504288082e-11,-0.0006796360161889551,-0.0021017926521982116,0.0013219690363388955,0.006901376082722802,1.6343975846891283e-10,-5.5771480837324255e-06,-5.592840486947506e-10,1.2905071000407465e-09,9.24362997080213e-05,8.473643460912509e-05,0.00020163675641263873,0.0009221301026582227,-0.011848465874697825,-0.3346760378383392,-0.00036929738670754466,-0.20606904604262244,2.4283404033217288e-05,-0.00013815506219710429,-0.153874993585623,0.00021683501714752786,0.0001121923788206193,-0.12824896659573923,0.01950488351404487,0.019347818637086824,-0.01557466627397082,-0.026296544702486317,-0.0001145211184067224,-1.1675442866583579e-05,4.047991080141449e-05,0.002508661809942785,0.05755496620816603,-0.058136545236224545,-0.04589303529123386,-0.0023384320585217565,0.011351626257372174,-0.06327182871975041,-0.021059820396376765,-0.04218393469783654,0.005315713433341574,-0.02919496645815237,0.0060914082414621805,-0.014281763283960719,-0.0047124676846642295,0.13212764230372678,0.22072720218162226,-0.3006599646482337,0.011886680405547707,0.006965555558704072,0.04538755741747545,0.17088473024234943,-0.017266324213268243,-0.061425031384588526,-0.014483752763778304,-0.1600241180566707,0.04733462136491648,0.15633319876475948,-0.08683750274475491,0.007949978480116636,1.741624050090578e-13,0.06407550070420072,-0.0833616659100775,-0.06809641619088741,-0.1376303955292602
82,3.2913142224684457e-20,3.3215843175107486e-17,1.466604950700356e-16,0.18976434761626712,-0.6356669485395431,0.24519234943813056,-3.166941797438366e-06,5.921735944561999e-05,-3.367919529894435e-09,1.0707966864035303e-16,-1.2225250982455107e-05,0.00019751093992083823,3.5888791910821805e-06,-7.715124138975391e-05,8.847312072872084e-18,7.374695325750624e-15,-1.2229233457585002e-07,-4.5427674639012946e-05,4.7821322046293215e-08,-5.409973820571718e-06,-0.00020210313397660913,1.8459062559071036e-06,-9.26998089226583e-05,-1.791677266357853e-05,-7.23608426803071e-06,-1.4498951171659157e-05,9.161755612881232e-06,-0.00032907866314166935,5.8185825733367756e-12,0.00228816437790918,0.0008141818792618815,5.998488531967541e-12,-0.0011441988906113756,-0.005770757237022336,0.000628448612462419,-0.0016995892559464934,3.028808686651066e-11,-1.1755285057446753e-06,-2.3740927656194037e-10,1.463973107781606e-10,-2.2750329919842477e-05,0.0001893781729109769,1.8130200370476973e-05,0.0003679663546032883,-0.011128897491790394,-0.21865911155914128,0.0008343645444778929,0.36798527909105294,-2.8940339960865144e-05,0.0001356969520647341,0.030320276474511198,-6.351271124489217e-07,8.766678422154348e-05,-0.07772637592807634,-0.051887665503643765,0.0032423801868635177,-0.0032220695150238982,-0.07640654691931878,-1.235984649715834e-05,-1.1523460820962376e-05,-6.92280860914671e-05,-0.00639865618826659,-0.053006752293620306,0.00827205412197158,-0.014659179984118365,0.0021234158009640768,0.025324369230029616,-0.0015750892480052255,0.005085707033724775,-0.01692848364175401,0.02640725824577816,-0.02327770436269426,0.04786568210723169,0.02545852484424117,-0.005940638670599806,0.011506641859409692,0.1628193954307693,0.0798032536488498,-0.11223826627231073,0.026982186041629865,-0.027293443479824632,-0.17198510862761293,0.349092902942175,-0.0672842701910126,0.0044735144859030474,-0.1192531262523176,0.08712895068019562,-0.0776781102505008,-0.07551556151901818,0.0017831866524160717,-3.942673444165357e-14,-0.16538564286470556,-0.16729882639642743,0.0008903797757537286,0.02481275990000964
83,-1.3447965256817607e-24,-1.6128802051223035e-21,-7.1122033296679e-21,-9.175899990327671e-06,-7.089662805220318e-06,-1.0704289522332081e-05,-3.753316598229716e-09,7.284642225958206e-08,-7.196270803038234e-12,2.9861252350729424e-19,3.606434458048932e-09,-6.035513145429314e-08,4.324867719165611e-09,-9.634299637304608e-08,-1.5992464737235638e-19,-5.853140632691619e-18,-2.597818477567318e-10,-1.1950537407999466e-07,6.984863949992765e-11,-1.5749679524085962e-08,1.2634559596606024e-07,8.497082413642357e-09,-2.2129794380552357e-07,1.4768821956258123e-08,-2.6472803187326738e-08,1.8341528346942903e-08,2.70376205561862e-08,-5.720477426291594e-06,-1.0683734056100275e-14,8.141056155150702e-05,0.00012965207987691691,1.1993598754799871e-13,-6.072382163579606e-06,-1.4980202157259873e-05,5.746653882981478e-06,1.7240883623905e-05,6.095619068261987e-13,-4.917580272387911e-08,-1.4517606008118453e-12,5.004634450083777e-12,1.3934466097134024e-07,1.7812831019852817e-07,4.182251755792156e-07,0.10083774553805948,-2.5008381205613037e-05,-0.0007390324187860199,0.014121318639385684,-0.0012496128677035236,-1.5914661626314225e-07,7.499726683958426e-07,0.004507516817291361,1.1116359042404454e-06,5.0187557010414735e-06,-2.5827669821052687e-05,0.0001382020649155157,0.00013656752960332485,0.0003122846692308876,0.0005316569431088485,-8.638736842978274e-06,-4.5449314612061635e-07,-4.374028728205951e-08,0.39826309882131017,-0.03151635314521943,0.0033900255013468382,-0.008762374514791052,-0.001155142893760914,0.007519624641194427,-0.4167678902687123,0.6608904121467039,0.054956625489260905,0.0025206598651946184,0.008199970731798985,-0.014752542920813605,0.27069203452135776,0.002708120719834517,-0.005887067437347728,-0.03511179954951275,0.006850114942802931,0.007565064154102272,-0.002331542700000567,-0.0016784473783103262,0.006776853578606403,-0.011124638863387139,0.011484260329394376,0.02293983574037546,0.008538486762758105,-0.0051842906261556545,0.006086216695934596,0.0026000942590111266,0.3734919446155042,1.9428130935536983e-14,-0.008357340032545759,-0.023044684766322265,0.009793518917317695,-0.01573570953821808
84,1.2361851104077568e-24,1.4799635113884926e-21,6.528698080909573e-21,8.428378719154081e-06,-1.5863362608706721e-06,-1.438198153599227e-05,3.2465536478261706e-09,-6.283552109349177e-08,6.589531048146187e-12,-2.0482175711599405e-19,6.390570006517899e-10,-1.0484029466757511e-08,4.731471203368026e-09,-1.0366900032757215e-07,4.785445600097329e-20,-6.168974368987194e-19,2.572860328234777e-10,1.1241489376129558e-07,-4.027567637096375e-11,1.2418041693670316e-08,2.992442400936124e-08,-1.5869170034537308e-08,-2.947653769037287e-07,1.4915017503108776e-09,-1.8572766278029292e-08,4.322172369817103e-09,2.014506726843278e-08,2.383916342783206e-06,-1.5616301906937278e-14,-2.408856144907749e-05,-2.4645124724921602e-05,-1.053619648034106e-13,2.1306327887292584e-06,7.503577099425932e-06,-4.579352061768354e-06,-2.732499325646712e-05,-9.999851227096105e-13,3.095225635296682e-08,3.9593442271392114e-12,-1.076254905118233e-11,-4.150249638491453e-07,-5.530404866899756e-07,-1.5365555227168332e-06,-0.08395100899024409,0.0001127127381871049,0.0030233488361309947,0.045517358390022966,0.0017008008190516311,-2.860935173031635e-07,1.6813167568206082e-06,0.0019496228953685022,-2.8741096565707774e-06,-1.5215100061173605e-06,0.0019256389276009751,-0.00020933125864149843,-0.0003850262893029551,0.0004549228411527242,0.002695263036928083,8.053575237059118e-06,-1.221023648134317e-06,2.6034730958116677e-06,0.41891629642941525,-0.03894872108485893,-0.005159330199516295,0.00722081607804385,0.001199929529242305,-0.003793602550512696,0.3162796782196652,-0.48869834104122223,-0.04089059552150946,0.008676485266564338,-0.0017753019850921116,-0.032544080902575705,0.572508387828508,-0.0005404298703413733,0.016409440084080296,0.014089544401748675,-0.017332889499356855,0.012426291299975628,-0.00011140082831679104,0.0004715824350178068,0.007902281550923956,-0.03020745592786806,0.00013514889577140424,0.02268760230746106,0.010443564437728701,-0.004009631122688197,0.013128958626531066,-0.00744088440069165,0.3750230290506836,2.4140879808083945e-14,-0.003859627775976811,-0.021044792796615364,0.008474547334191071,-0.019462391259945127
85,5.088099959275849e-25,6.074919860831072e-22,2.6810372701050065e-21,3.471034985513357e-06,-1.4892700490608358e-05,6.623414658905189e-06,1.3247018412023973e-09,-2.5634056364986998e-08,2.5497187235779802e-12,-8.797351298653368e-20,6.600889527230615e-09,-1.0990885953822251e-07,-2.199195507433965e-09,4.913020269195225e-08,-1.0316713081934513e-19,-9.53140803471743e-18,1.2143755563392598e-10,4.5476624518360027e-08,-5.4118829399351955e-11,4.973106135749088e-09,2.6135235023741237e-07,-2.8453230542380293e-09,1.351074347705149e-07,2.12610173823597e-08,9.709678995490186e-09,2.9803112848292116e-08,-1.9938955513311237e-08,7.397329525228699e-07,-2.0130418082108347e-14,-5.505821304812731e-06,-1.5313608724986369e-06,-2.65667036081812e-14,3.4555100506698066e-06,1.9572564848563774e-05,-2.1764970869557023e-06,6.397757078483132e-06,-2.034254366972218e-13,6.558712324916724e-09,1.7449760056011669e-12,-1.609948588476412e-12,9.48275103687501e-08,-1.1623901761958925e-06,-1.9020394391427937e-07,-0.0292458618070245,0.00010712450125164856,0.0020828555273803284,-0.0855243310476701,-0.003638540159523174,3.27660268669859e-07,-1.528899413695068e-06,0.00014838330158962844,-2.0095467183542985e-07,-1.0629467895339133e-06,0.0012980169829901718,0.0008911427593459514,-0.00011560469174873968,0.0002349842748560135,0.004228806492378243,-9.550151148909803e-07,-1.4094789212522177e-06,6.8034531844024505e-06,0.4784664070167165,-0.04037920939500153,-0.008596355364445472,0.0009098782650449643,-7.178846822077708e-05,-0.0032159235313183668,0.07964599640079006,-0.1377883208298734,-0.011223112109776202,-0.010429403659324953,-0.0054843225614199026,0.04194481110533099,-0.7629152965367256,-0.0022272870623944556,-0.012574459803939399,0.015133833718606441,0.02403612626767561,0.0026134145180965003,0.0017946956982420592,-0.005330843907671743,-0.027888457362614028,0.01719213223179505,-0.0011511766473985522,0.02461586565084471,0.016656133703483563,0.00108051802330496,-0.0003795190271149073,-0.007631190607716143,0.38396996273553746,1.1242243651562662e-14,-0.017940604998943885,-0.025976131042611646,0.014252589962301228,-0.0097445433989792
86,-1.1130778917344148e-17,2.0507795736552427e-18,-1.8893801750507728e-17,-1.6466138562066043e-11,3.974017745014017e-12,4.1662441891889164e-11,6.2623921708167e-12,-1.3142667248185855e-10,5.609682971585673e-07,-6.18108454771632e-15,1.154783749561948e-12,-1.9565419344042798e-11,1.232951812906379e-11,-2.8977317518706235e-10,1.2129507953164567e-15,-2.806609600499988e-14,1.2343905611064868e-05,0.005258999968908917,-1.0903772991063148e-06,4.073475816145165e-09,0.0010021623541541628,-0.00033856638261113846,-0.00886928875829283,8.45515180435047e-10,-1.439171548248547e-08,5.953021853527739e-05,0.0002798894197901203,2.7798576481083106e-08,-5.7861970910651416e-11,-4.938555981070102e-07,-8.508544987592468e-07,-1.5681125068900328e-10,6.681262218800027e-08,2.78856866456565e-07,-1.1535246140626672e-07,-7.908908869688708e-07,-6.248042373621185e-10,1.938048531180653e-05,1.6214362457321875e-09,-2.840078003161438e-09,-1.5774488721707497e-08,-5.542435770863497e-08,-1.8709048649328206e-07,-1.5187250276412042e-06,-0.0031493325129894004,0.0011620536108120957,3.8708161378398413e-07,0.0007494607124660924,1.881316864165167e-05,-7.281761030900255e-05,0.00025927120315600693,-5.5025987330081085e-05,5.536970519047342e-05,0.0025887611365533613,-0.0008322786669761066,0.0030889082572612605,-0.0011298042451114486,-0.0024401172168697512,-0.0005119750839457047,-2.2486119037567914e-05,-0.00021316204188638624,0.00029306849275042906,0.004994064642547135,-0.0012966862068370926,-0.2762870260651877,-0.015120867344172983,0.09661823096498257,-0.4257488971939978,-0.2893068281309157,0.10067225940013917,0.03950760800059976,-0.0825457152597785,-0.004653240499740783,0.007627832645179909,-0.25171413554861727,-0.04012248891586309,-0.21016048037821625,0.01429349153561409,0.09187539452379892,0.1680396280085967,0.26722120273716576,-0.26868360365441646,0.051269529185141924,-0.07772240594011397,-0.24190574347795196,0.06494614121288286,-0.17341944729596195,0.20945954534191646,0.05848750289034809,0.01672394145017654,-1.0933016681142086e-13,0.0038168141231745673,-0.07633113432993682,-0.42437316186680285,0.07599857118118238
87,7.586852616685456e-18,4.7031631047514076e-18,-5.590847383597074e-18,0.0006004326794281095,0.0004640987727532844,0.0007011109382430452,-2.7354443496522135e-07,5.299025398849427e-06,-4.05412359188134e-07,6.876174869801212e-15,2.6273558339584793e-07,-4.389977525980549e-06,3.170523101355506e-07,-7.050062109703578e-06,-3.4639856335618846e-15,-1.112690101163835e-13,-8.322202390054512e-06,-0.0037507546517236406,1.7082010255959322e-06,-1.1315151485668029e-06,0.002345145908878378,0.00011006417924906417,-0.003111959748071039,1.0650753879429446e-06,-1.93748407418764e-06,0.00012790594814410353,0.00016113374968196548,-0.00043273645551862935,-2.6742985536512247e-11,0.006236417379417358,0.01002619415436572,1.734782310789416e-10,-0.00048040827129456,-0.0012194708650815806,0.00046450603999534764,0.0014291191754110541,3.958206106305448e-10,-4.2050291779151274e-05,-6.062333597527958e-10,1.3652786327228533e-09,1.190760702080967e-05,1.7871030248187885e-05,3.372977353720127e-05,0.0007345614734708695,-0.004795798604128666,-0.16281935999013863,8.283497141840383e-05,-0.1721207530196138,-1.9014036885714875e-05,5.8870514702019765e-05,0.721561135035505,0.00026335665185824015,0.00031532888782245816,-0.10546883505391448,0.0487540992130769,-0.056394984053459815,-0.06804377162784825,0.11017157787107276,-0.00011704284092138664,-2.955145838288128e-05,-0.00014696919432925022,-0.026471341094033964,-0.20611144735101974,-0.3423397481444829,-0.0004099353245326818,0.00033991506548906,-0.0015458727340191165,0.021128933219008172,-0.008019807067028496,0.04584687496436265,0.0013208258310023777,0.02722364173189214,0.020330933042207146,-0.004788850516052687,0.018580101431855796,-0.014007869964620142,-0.25640783063743194,0.010409178797061684,-0.0688356654075556,-0.04948333638911022,0.012739398467768807,0.19774680431575525,0.13652208939298002,0.1710545815766482,-0.010493852112828338,-0.18726593344758147,0.01929874888707723,0.018476964174673163,0.09571210365881572,0.006776866131910881,7.433255825017462e-14,-0.007396588518522556,-0.11233048886221106,-0.06054955441844768,-0.05665335551525011
88,-6.968483332821239e-18,8.979712593367053e-19,-8.417788032741403e-18,-0.0005547297975360497,0.00010436620434168521,0.0009475513523825832,2.3723111403216275e-07,-4.582583604070106e-06,3.6850350657240524e-07,-4.599599319244482e-15,4.6182095317584234e-08,-7.557207296616466e-07,3.508422476648566e-07,-7.675229050843087e-06,1.0519178282627233e-15,-1.0739459495358907e-14,8.17348854585927e-06,0.003500469035582099,-9.698028319285624e-07,8.941792613977129e-07,0.0005293357270244208,-0.00020582066147111828,-0.004131896626133122,1.0184707987715342e-07,-1.3808151364112525e-06,2.8947029643560297e-05,0.00012376412451244777,0.00018105519773244468,-3.627125794268123e-11,-0.00185902944016897,-0.0019325624347127117,-1.4372486072317892e-10,0.00016604823016386601,0.0005855168806362994,-0.00036935729698284804,-0.0022965080046995034,-6.323885985616573e-10,2.374694786108827e-05,1.8144345611561844e-09,-3.6061080670007212e-09,-3.595811463162498e-05,-4.9021178528414156e-05,-0.0001473101070037562,-0.0008052735674871349,0.011536706842388748,0.41171497256476947,0.0003385652116666063,0.30644061716371956,-3.8975537460077534e-05,0.0003056559700201979,0.2543082323134741,-0.0008548909886488301,-0.00022521155252085864,0.48211508907641715,-0.15999248856833226,0.3116270850790205,-0.10704637092338777,-0.06338198117562757,-2.9549709525210552e-05,-1.3821049673193403e-05,0.0002576554007978967,0.004816174306590228,0.12213345865981282,-0.11215759132498757,-0.017316187194120165,-0.0011833102457377777,0.005364770201235579,-0.04019809671247966,-0.00190775795336287,-0.055638537433579646,0.0032509247064899283,-0.025513336077708754,0.006825410917312598,-0.016592547015952308,-0.0007820825457839075,0.13847299606881075,0.21330680086644196,-0.29706823955975886,0.01576332254257162,0.017954274757153565,0.0548533320990381,0.15361082983906058,-0.01629655806723657,-0.059609542237348594,-0.02708351783948785,-0.15331218937533717,0.044775051243306774,0.1511756985861315,-0.06880615239365076,0.008146630611045343,1.4576223909231496e-13,0.05663929797316284,-0.07839120903583487,-0.08291046912541641,-0.11627984430967336
89,-2.8673634085117147e-18,9.533197896151744e-18,3.523408892620939e-18,-0.00022711399947928133,0.0009750044915818013,-0.00043397618400340527,9.625418139500393e-08,-1.8589836194206193e-06,1.4326209791301502e-07,-2.083228953398034e-15,4.824834365031202e-07,-8.02147367892382e-06,-1.6317682702284804e-07,3.639176117288214e-06,-2.215574156980298e-15,-1.822324699748932e-13,3.8763934418074275e-06,0.0014219448643724695,-1.3240476457886657e-06,3.560725126521781e-07,0.004883639932589662,-3.5876661627121546e-05,0.0019398029317322142,1.5405889663430053e-06,7.296854121766191e-07,0.00021082580551470194,-0.00012231776916769488,5.703949733087474e-05,-4.7271100457821764e-11,-0.000449066322806384,-0.00017966129115978548,-3.413772807401066e-11,0.00027421858910360694,0.0015746337091278044,-0.00017429708271093943,0.0005530621228897819,-1.0086162931460278e-10,4.565792681367191e-06,7.376829361160888e-10,-2.121346855718102e-10,8.656204384182337e-06,-0.00010750976283455359,-1.3971533125160118e-05,-0.0003202580076635204,0.013598046224858164,0.26666604793500154,-0.0007709837213362502,-0.5399883878824308,-9.391912283467e-06,0.0001507297846957571,-0.05386007100153278,-0.0006038334240571062,-0.00023839066823328172,0.29198371118057614,0.46333496657137047,0.009585470647420428,-0.01658477754316421,-0.2166150040585437,-6.792184432163484e-06,1.2992950095044616e-05,-0.0001117920751014283,-0.014962197183476475,-0.12352240359184234,0.014041531641988278,-0.00608831401361958,0.0006534555798906549,0.011143019928435124,-0.00567286162557144,0.003494924337284756,-0.018464807509646963,0.01562837497572392,-0.017606343890981486,0.05194834375747401,0.02804515332108552,-0.005492361338509527,0.010444442340507981,0.15226870093823314,0.06825421201550179,-0.13321433769542362,0.03766549269521589,-0.0333029716704066,-0.18245038116389398,0.3199777692256906,-0.06646621946499492,0.008543101333200761,-0.12957626969075994,0.0834269187468771,-0.07598608700631548,-0.06245413591933307,0.0013891192135214437,-4.005303585166281e-14,-0.13824265947679512,-0.15828920956579842,-0.001783965321281976,0.02597214642180066
90,2.2162995335933415e-25,2.8299365116082196e-22,1.247984815444792e-21,1.6100699556917693e-06,1.245656590534443e-06,1.8830589646503991e-06,5.649726693556976e-05,-0.0010634329837308728,6.828322015709618e-11,-7.226560538427365e-18,-5.338239873445418e-05,0.0008689823472578463,-6.387873527149426e-05,0.001371941905379715,1.9081389547276502e-18,1.0326573280530087e-16,3.785369201588732e-09,1.749803679077582e-06,-1.1951720023288093e-09,0.00011953809782603099,-2.1491877681065887e-06,-3.1924332188998844e-07,4.308028347463549e-06,-0.00010876181125252949,0.00018873356290030044,-1.0622356211198123e-06,-2.2209397337473937e-06,0.023454807705239382,-9.256180138304192e-13,-0.3224270263541239,-0.505997268023056,1.0004232400016598e-11,0.021888105354459775,0.05068217857926381,-0.018176810235566675,-0.04393926056744771,4.1343702580463107e-11,-2.8545186405644257e-06,-1.1460604859777927e-10,2.97961287312219e-10,-0.0002123003505181252,-0.0003980247256915595,-0.0002920971853226629,0.00039345971970383123,-0.005207680544682793,-0.13147633504189885,8.83205048445873e-06,-0.07090055559048704,-6.611629503190195e-06,6.276940714425313e-05,0.1336600970489182,-0.00016908878712172334,8.601119329527337e-05,0.12064080197096604,-0.0762926115442392,0.004544846751926902,0.21601084755516853,-0.18914125167035048,0.00027796462247415855,4.1744971001878334e-05,0.00023865374406525938,0.03177225270880544,0.3193593387569253,0.49631967073353245,0.03837371282668222,0.0026939859385655325,0.013640859777016397,0.00994808438191654,-0.014198186965024192,0.00497589295272637,0.004510056880383039,0.03579831860305927,-1.2410311043662062e-06,-0.006264802966731381,0.015796150525045672,-0.029870900469084312,-0.18273658987777192,-0.02937596844859504,-0.018278023839755828,-0.0016830036425853794,0.007898489695557401,0.0977305372215956,0.10030576307849386,0.17610455029396666,-0.0024363502427645466,-0.10621974700539985,0.02090314436143707,0.017576961551202985,0.13382835686031075,-0.003910441821263995,1.0348938960470408e-13,-0.023558709760107793,-0.12032965957436495,-0.012962417082257155,-0.08281997001713631
91,-3.4862661699625666e-36,-5.979469740385068e-33,-2.637256778941354e-32,-3.4050969435939213e-17,6.276683296212237e-18,5.763098777743842e-17,-0.009866488848113357,-0.0006021844812483966,8.004867929681392e-15,-2.5018237337183732e-17,-0.001912398298474516,-0.000134833869940007,-0.016644325572535812,-0.0009098103635245293,-1.0018667077748152e-17,5.596275980300421e-18,3.9033008937468047e-13,5.6702177691560084e-11,-9.013353093902452e-14,7.914727225266513e-06,-4.2213662591698095e-11,-1.3214396033707008e-10,1.5229093136200334e-10,1.5451845374763853e-06,-1.4525243033267992e-05,-1.29249753450449e-09,-1.2880457879483777e-08,0.05073306137640629,1.5311915285591855e-14,0.010903147086728416,-0.0038812397253845505,-6.757304145813419e-14,0.011118791975800776,-0.014249579104621274,-0.0798118502351228,0.015218481195263239,2.6966583631664167e-13,-4.723167652496575e-09,-1.962935431152289e-12,7.61932768360921e-12,-0.010593142247504949,-0.002243605818390284,-0.02453482713813921,9.664051736758904e-06,-0.0005834169046991634,-0.012659326862449428,-5.753472299987326e-07,-0.004652847031273163,-1.6889948898887883e-06,2.936409050734331e-05,-0.0048108043680834935,-0.00016510646618169404,-0.00015675546557846525,0.11362193254662589,-0.11278752569927696,-0.5243619897254217,-0.4676123552719303,-0.2632376675009313,4.221958333018836e-06,-1.9945019749447025e-05,0.00046608695736940575,0.02596616959046834,0.297913797248802,-0.13614799917764053,0.001352789648087643,-0.00033799796576452454,0.0013000327369996425,-0.02570293604656712,-0.00267615995841952,-0.22243219189849123,-0.0026783253225652125,0.00805220860511769,0.01511666922785693,0.0007293276936958873,0.048211884060029075,0.2618533458046766,-0.1818475180894941,0.18591644245081146,-0.015073249944288769,-0.02420277407949516,-0.04454641116626045,-0.08110274650117119,0.011775898065454983,-0.05532031110870004,0.04994977899101001,0.08761963616457007,-0.030678350998461865,0.13212610627588142,-0.11766966111560205,-0.024346459975023896,2.285962539854681e-13,0.07128825448901824,-0.08015004789145971,0.06974662634539619,-0.17784008906519266
92,3.848199297761092e-28,4.9156051507049245e-25,2.1675220961214698e-24,2.795161668254968e-09,3.953985556001969e-09,4.788987186602732e-09,3.037442970590743e-11,-6.098176919750293e-10,9.617298315719758e-14,-6.4742466403515516e-21,-4.8569410121077537e-11,8.349262629426572e-10,-5.0199221860048616e-11,1.1602722444137826e-09,3.767767036789838e-21,1.6323300442565075e-19,4.7299903733683785e-12,2.2177163985163942e-09,-1.4163487317183714e-12,2.8939031928260466e-10,-3.6647702976376826e-09,-2.829134593960362e-10,5.555654741665915e-09,-4.0548476298862546e-10,7.056309429512429e-10,-8.290514336269464e-10,-1.1451448702522407e-09,3.098199758543989e-07,5.84590340659593e-16,-5.01432930005019e-06,-8.693652288793054e-06,-1.9626767824879782e-14,4.956037794644445e-07,1.5571623090214666e-06,-6.156994282852358e-07,-2.6965593289107675e-06,-3.139277234640639e-13,1.3507238762598678e-08,1.9043542558489518e-12,-1.160743421198332e-11,-3.601931513816018e-08,-2.1618229082041098e-07,-9.696293290706044e-07,-0.7707883133547763,-8.959162315294536e-05,-0.0023770399692071755,-0.2256886080057361,0.00013972330830833884,-2.5453641959277987e-08,3.450418589200023e-08,0.0003968685780152131,8.175693118965508e-07,8.678192478174024e-07,-0.0007135350242353522,-0.0001397994637888574,0.00011726324240025039,-0.0001827362945755992,-0.0022292518305519634,-2.245667824426467e-08,1.3910653056497536e-06,-3.7766106749187563e-06,-0.394606689154215,0.034810312176321245,0.006203724450533774,-0.0005561420146777913,-0.00018038244888885036,0.00016396458461170768,-0.049774541263708214,0.0798988121577406,0.0068839748350902836,-0.0006520751865158495,0.0010464933057210467,-0.0015456061906307093,0.005893988316852476,1.3735613060887867e-05,-0.003537576655826737,-0.006142017602964695,0.00882601036402283,0.009779749308388134,-0.00039402029950667036,-0.0028856763840466692,-0.006814530710415064,-0.01304462191996374,0.004214615046632153,0.026961901512828283,0.01793554505390247,-0.004788915134483043,0.0060542501237891835,-0.0038321916102469276,0.43166375357294823,1.87499245106834e-14,-0.010736723230578029,-0.02380348018545881,0.013483768405014957,-0.015473015985423758
93,-3.9706290091573115e-28,-5.0575651514488e-25,-2.231193757505775e-24,-2.8816331259403954e-09,2.192200840389605e-09,5.974379603759838e-09,-2.8875201757198545e-11,5.777691041609586e-10,-9.531520642457224e-14,4.81541201826589e-21,-2.1769129164171975e-11,3.6988561474587074e-10,-5.02907272413599e-11,1.1398792738251611e-09,-7.4710362485504425e-22,5.021999033087116e-20,-5.13893450013138e-12,-2.2465126020607322e-09,1.1060828901453677e-12,-2.470227499195795e-10,-1.7388596993512084e-09,4.870769608935055e-10,7.053909525633063e-09,-1.1265108960343249e-10,4.12254046152899e-10,-2.8783761432884063e-10,-6.385712357314682e-10,-1.5615203921665564e-07,1.2165498689609574e-15,2.02757107195563e-06,2.7600495922904948e-06,1.679261679429737e-14,-2.526471593342641e-07,-1.004784421791571e-06,5.041280953110792e-07,3.3798898383276436e-06,3.2847062854802566e-13,-9.918080607068697e-09,-1.8948862196240167e-12,1.1259605763081542e-11,6.149113590911685e-08,1.4239457014088358e-07,1.0852596858235373e-06,0.5932330933139677,2.1254142654303795e-05,0.000993487441282762,-0.5485734804686847,0.001729428827337745,-6.056441791350391e-08,3.089264960748595e-07,-0.0007975524580510791,-4.73969203532482e-07,-9.445776161380353e-07,-8.482122536449645e-05,-0.00021086446928847956,-4.0231820548286174e-07,-0.00015075928863585538,-0.0017783886482585528,2.3718807288270333e-06,1.2481067128772684e-06,-3.2358174014638483e-06,-0.38423338948337066,0.032980057093573954,0.004743966322194856,0.001660587846761172,0.00013731041958197417,-0.001393377386084264,0.049305471772288174,-0.07554306450519821,-0.005990287169390895,1.7476804057553286e-05,-0.0002984427812923472,-0.0032781347182734622,0.03489230879139166,-0.0004220680554807817,-0.0008638563869856184,0.00018970535633702898,0.006107924321509688,0.0102870480490278,-0.00010640517650272606,-0.002665194569822609,-0.0069489012361917905,-0.015048390458405295,0.0028533908994840783,0.026927816413637715,0.018189843551683384,-0.004587349008062824,0.0067869515826645055,-0.005033279609052138,0.4316324850125867,1.902153502241317e-14,-0.010306157845676057,-0.02360193392413891,0.01335463903180565,-0.01583911848925491
94,-1.7942758115486003e-28,-2.278111018055614e-25,-1.0053353137778157e-24,-1.3022769089672233e-09,6.661543000745061e-09,-6.119543450996754e-10,-1.2564860955937475e-11,2.5105035132243803e-10,-4.036975329771393e-14,2.0426015700771478e-21,-7.622866826340702e-11,1.3060594176545828e-09,6.749432780591426e-12,-1.653101302182313e-10,2.2834797803248825e-21,2.3904656985558207e-19,-2.5656842991955245e-12,-9.856403068086678e-10,1.1120204053052666e-12,-1.0148812072253729e-10,-6.610479157905911e-09,1.4634853907239684e-10,-1.5443067351006617e-09,-5.375888925112286e-10,-9.538397591687038e-11,-1.2886308008862297e-09,6.720215527333895e-10,-3.960415483685908e-08,1.7205538381782496e-15,3.274500407671223e-07,8.496735130793963e-08,4.765651610815565e-15,-2.569990187143985e-07,-1.6840779551519192e-06,2.264917739776478e-07,-3.727938636764669e-07,6.903641570581918e-14,-2.6429002888435956e-09,-6.701088593723218e-13,1.6456973348366186e-12,-8.480234795756225e-09,2.95426677731503e-07,9.376508122197213e-08,0.18942770617861832,2.7029955315828903e-05,0.0004846460847117299,0.7990891186662372,-0.0011097197453578272,1.0950164258003647e-07,-5.535511462388146e-07,-0.0011779775918080793,2.422054739092409e-07,-6.682290587847144e-07,-0.00020398938279912417,2.7823873386048614e-05,4.7182555903651673e-05,-0.00016984194423938726,-0.001481905656752588,1.1773705780584056e-06,1.1777015987991216e-06,-2.595725769446019e-06,-0.3549129237250241,0.03099913260752118,0.0042516313987674735,0.0008187442887048369,-1.4924347154830009e-05,-0.0011866426404546204,0.017638991747425118,-0.027898359401399734,-0.002010157339100387,-0.0018461291697113344,-0.0005282702437619718,0.0038821432031681162,-0.09344859692602019,-0.0005354253927310843,-0.0037235531739265,-0.00023939456616554994,0.009936628013891573,0.009345346735649674,3.371383186757267e-05,-0.0031718726414344156,-0.010023954925838218,-0.010518584501038384,0.002862590810594564,0.027027422242561022,0.01859186893254883,-0.004111020462612742,0.005593212021549519,-0.004940428741784412,0.43136536951001087,1.8075474762176033e-14,-0.011515293289565902,-0.024024413507432122,0.013811790794856567,-0.01498041357424854
